54.575,-15.604,14.575,6.1128,16.912,13.14,-5.7205,3.0537,6.1349,34.842,4.705,-2.4841,0,0,0,0,0,0,0,0,0,0,0,0,0,0,0,0,0,0,0,0,0,0,0,0
58.206,-17.868,11.896,6.6438,17.885,17.549,4.5808,1.9699,3.6588,35.076,-8.032,-9.3108,0,0,0,0,0,0,0,0,0,0,0,0,0,0,0,0,0,0,0,0,0,0,0,0
56.711,-16.093,8.9911,5.2652,19.685,21.527,8.5797,-2.1692,-3.0206,32.676,3.1005,-9.752,-2.3745,-12.801,14.848,4.9612,5.4552,7.0536,-1.2231,17.409,-21.546,-25.181,-13.479,-7.4468,-2.8361,-5.679,11.31,4.6914,2.6083,0.97063,-11.959,4.2031,-3.0948,-10.467,-2.0563,1.1508
55.512,-17.189,17.706,9.5198,21.282,15.232,-0.65091,-1.6489,-13.921,25.93,0.32933,-6.8509,-8.3314,-14.809,36.582,7.4162,-1.7214,-7.0237,-35.659,33.05,-1.5983,-31.343,-4.4778,-2.9122,-2.4934,-4.2689,4.6729,3.7014,5.0491,4.173,-11.8,-7.5883,1.0594,-4.8143,3.5014,2.8524
54.735,-22.344,19.094,7.1553,17.942,17.825,-3.7162,13.568,4.1518,26.825,-6.2153,-7.4375,-10.015,-20.99,38.26,19.749,13.902,8.365,-41.968,4.4903,-14.675,-36.665,-8.0426,7.21,-0.20715,1.1524,-8.1349,-2.4708,1.8604,2.7302,-6.0768,-18.233,3.7731,6.5928,9.375,3.6741
55.028,-22.147,25.136,9.4069,17.896,15.888,-7.1009,10.627,-0.72652,22.33,-5.613,-11.924,-8.6467,-17.25,11.658,11.113,21.022,20.209,-38.627,-31.482,1.8614,-18.33,14.789,6.9336,2.235,3.1939,-19.134,-10.985,-5.7226,0.48931,8.337,-11.492,-0.19676,6.7708,3.3374,1.6884
51.945,-24.11,24.406,15.196,28.329,25.381,-9.1792,-6.0618,-16.955,16.143,2.0504,-3.6103,-3.2526,-5.8191,-13.365,-9.2411,3.3855,7.0882,-30.123,-41.49,-4.4104,1.2761,23.762,6.0008,3.2344,5.8841,-17.777,-13.505,-17.065,-10.666,15.386,11.724,7.5282,-0.25028,-7.3478,-2.9871
52.583,-24.931,20.879,11.056,26.599,21.558,-17.233,-7.5753,-2.437,22.106,3.5908,-5.2977,-0.53738,-6.4254,-33.274,-33.011,-25.076,-3.9388,0.10315,-1.4191,-7.7143,-16.46,-3.6933,6.1345,2.6213,6.3861,-6.966,-6.0572,-16.285,-15.292,15.781,26.046,8.5448,-3.6618,-11.494,-2.1586
54.331,-23.862,14.54,1.7103,15.283,18.533,-13.712,1.9238,2.8018,27.575,1.0641,-7.7503,2.1022,3.0175,-28.159,-25.713,-48.375,-32.893,15.598,48.081,27.754,-38.851,-35.541,-7.3259,2.6765,8.1954,6.3949,6.7186,1.2214,-12.422,3.4757,17.505,8.5409,4.8721,-2.0881,-4.0945
53.566,-25.484,13.432,-0.35594,11.881,17.343,-4.7831,5.9243,-14.462,8.3842,-6.9665,-6.787,1.7826,10.262,-15.775,-10.937,-34.523,-36.259,17.415,53.963,28.503,-16.575,-13.032,2.804,4.185,9.7928,12.5,14.396,18.101,-4.3101,-11.199,-3.0825,4.8811,16.64,9.4722,-2.9022
52.505,-22.324,14.05,8.0455,11.501,11.043,-7.6052,11.229,2.9345,3.5783,-10.441,-6.5286,8.9701,26.814,9.8605,13.315,14.216,-38.86,-21.401,18.345,20.185,25.694,17.991,-12.807,2.3453,2.9689,6.4513,8.8635,28.329,11.716,-8.2728,-14.618,-8.8267,14.386,12.217,2.7949
54.388,-20.569,13.237,2.4198,11.228,7.1741,-11.579,14.754,11.748,25.817,2.8274,-4.5065,16.954,30.641,10.215,19.454,34.132,-22.506,-37.393,-1.9636,20.476,34.47,16.902,-5.6362,-1.0965,-5.0652,0.49718,1.4762,22.745,21.733,6.0884,-14.589,-17.002,-3.3682,-0.53262,2.5693
58.405,-12.912,19.568,6.9798,22.717,4.1876,-21.014,6.682,-0.21081,31.706,5.1629,-15.294,6.2434,7.6728,-8.8976,3.4093,58.941,18.811,1.6382,2.955,-12.365,7.5547,10.577,10.869,-6.8846,-12.448,-5.1203,-6.7315,1.8308,23.198,19.632,-7.4894,-6.8894,-3.109,-3.4073,6.1513
59.093,-14.869,15.781,9.9037,23.339,9.5175,-16.775,7.216,-2.6518,11.555,-6.3176,-5.2225,-2.3365,-5.4932,-3.91,1.3968,56.84,43.572,36.338,-11.288,-40.231,-24.346,-11.988,3.8128,-8.6852,-10.401,-1.0464,-6.2127,-11.316,14.412,15.1,-10.336,4.1755,12.377,2.4955,1.232
53.274,-21.338,8.3293,6.0082,34.916,19.277,-4.1879,16.475,3.9518,14.486,-0.58049,-0.7364,-15.808,-17.359,-8.6787,-11.314,12.016,44.091,39.893,-14.44,16.091,39.557,15.4,13.226,-2.9613,1.0512,5.1158,2.3702,-24.111,-3.3203,-4.6299,-18.73,14.315,16.715,3.619,2.5292
55.785,-19.102,16.901,3.604,33.549,21.415,-1.8228,4.2131,-10.448,22.253,-0.29487,-9.8788,-15.447,-8.8493,4.8735,-4.248,1.0125,36.914,18.981,-44.948,27.125,80.352,26.968,-0.65496,3.1246,7.7907,4.1303,7.7539,-21.925,-17.471,-15.127,-7.7806,15.386,2.6469,-2.8,3.5096
52.155,-19.475,14.669,4.4725,23.62,20.284,-8.5439,0.96355,11.733,46.135,9.8514,-6.3529,-2.0078,14.607,12.29,18.083,-33.701,5.5383,-12.833,-73.863,25.532,38.779,9.1938,25.748,8.3184,5.0889,5.1481,8.1505,-5.2523,-17.269,-7.6293,7.953,-8.9623,-29.289,-21.046,-1.6113
51.929,-20.225,15.048,8.5475,29.493,27.471,-5.1068,-7.5024,7.0198,35.907,1.9503,-2.7417,6.3864,17.477,6.2573,25.468,-29.927,-24.507,-12.936,-20.479,31.979,-10.723,-22.885,15.099,5.9845,-3.1506,2.7176,2.6498,1.1622,-9.9466,1.9731,21.455,-12.053,-34.597,-27.101,-7.0947
54.198,-13.473,15.401,12.578,20.093,19.018,-8.9622,-14.599,7.9837,27.049,2.8938,8.5693,14.867,-5.0777,16.37,14.58,1.2243,-11.546,17.705,13.09,-31.147,-61.35,-64.901,-2.7083,-1.0684,-14.217,3.0986,-4.5115,10.825,6.3277,7.5481,22.784,-8.6048,-9.6681,-15.304,-10.322
57.957,-13.365,19.664,12.285,20.349,9.7945,-8.0817,1.7549,7.4156,26.435,-8.2585,-9.7903,6.0381,-14.76,16.422,10.752,-10.639,-4.2771,13.577,18.85,-4.8011,-42.567,-71.488,-21.9,-6.64,-12.287,2.0957,-7.9954,9.7119,14.604,3.9259,7.4565,-7.6309,10.235,11.628,0.42616
56.575,-25.444,20.546,9.8938,28.804,23.349,1.7961,2.8801,-4.0381,20.196,-17.495,-4.1827,-7.1758,-40.359,22.7,2.8832,10.777,27.062,11.651,20.391,0.89784,6.3608,-43.024,-7.3625,-7.3307,-1.6696,-2.273,-8.5959,-0.10965,4.9731,-3.6032,2.871,0.84785,19.034,35.989,7.5754
53.759,-21.62,20.686,15.266,19.818,23.167,-3.6973,-6.8168,10.63,18.05,-23.599,-7.3159,-15.792,-26.315,13.57,-8.6608,13.856,29.209,9.7204,13.154,-22.198,6.5948,24.316,19.557,-1.2681,1.3549,-4.7434,-12.314,-3.3748,-0.38375,-2.6915,6.79,-5.6851,9.7918,35.825,6.7295
52.709,-29.525,26.24,12.529,25.747,25.863,-5.3288,-0.11736,6.8253,34.422,-10.948,3.6508,-10.871,-7.6481,6.4304,-18.693,-11.571,-3.4232,1.6176,30.294,-18.209,9.2394,67.141,14.44,4.6825,5.383,-10.692,-12.763,-14.893,-8.8005,-3.8048,3.7219,0.10465,-7.9765,11.129,-7.6217
51.994,-24.482,23.602,6.637,28.805,23.142,0.34092,9.8304,-9.1153,22.619,0.62604,-3.9285,1.5451,-24.341,0.83981,-40.028,-16.339,9.0467,5.1366,47.849,-23.673,4.9529,52.553,0.84597,5.7421,2.737,-12.85,-8.6089,-15.242,-10.443,-4.6361,-5.6645,7.0313,-13.885,-23.747,-16.42
52.022,-27.837,22.303,4.8618,18.525,21.65,0.58582,9.7033,-3.2699,22.531,3.9632,1.3436,7.5682,-14.431,-24.393,-45.25,-48.589,-6.8596,-5.0812,21.653,2.1585,-32.701,-1.4999,-36.115,1.7249,3.9159,-7.0057,0.46469,-2.2096,-8.1391,-0.82336,-12.662,0.016929,-12.349,-34.749,-15.681
54.875,-34.634,23.074,-0.91446,15.26,29.797,-4.0864,12.197,3.8412,26.471,-4.7783,-5.7393,3.6988,-9.2384,-35.267,-38.427,-43.844,-21.287,-10.111,-10.849,2.7742,-41.858,-60.096,-37.267,-2.8027,9.2858,0.94672,11.294,6.8708,-10.897,4.8778,-10.607,-2.5143,-0.32866,-13.534,0.21414
55.052,-31.664,14.307,-6.3201,8.2258,19.106,-5.6558,9.5257,1.4263,16.146,-8.9956,-13.501,-3.3231,4.3799,-10.544,-17.17,-8.8669,-28.952,5.1246,-3.6653,-31.348,-29.099,-50.278,-44.91,-2.2815,9.0759,14.81,19.236,17.873,0.62425,6.8354,-2.0308,-2.3213,18.257,11.41,15.731
52.328,-27.187,9.9661,-6.9854,12.033,13.771,-1.5937,4.4949,-10.076,4.8833,-22.943,-15.139,-7.023,12.682,-1.3508,2.3999,-1.846,-34.392,24.423,7.4748,-19.491,1.5088,9.2711,6.314,2.0305,7.435,18.493,21.875,11.441,5.8661,-2.4066,-0.40172,10.14,23.492,23.058,19.418
51.634,-29.371,23.585,-0.68758,15.705,15.187,1.9018,11.722,-11.985,18.776,-12.093,-16.411,1.5216,19.988,32.699,30.518,19.777,2.8144,11.829,2.3371,1.6848,36.901,20.865,20.749,5.3031,2.5944,7.0205,14.85,1.1964,7.2051,-13.935,-8.4351,20.236,10.885,7.5608,14.643
53.073,-29.44,17.76,-2.5307,10.597,14.56,4.3463,14.837,0.80124,25.911,1.4062,-1.1273,11.429,20.133,35.577,47.104,-0.95995,-7.8396,-25.496,-15.858,36.958,42.603,19.623,26.993,4.8103,-2.4952,-2.3912,5.6018,-1.065,7.4692,-13.286,-9.7153,7.6829,-9.3397,-9.9332,-2.543
55.441,-20.544,26.759,6.7116,18.832,20.119,-2.7113,5.5234,-3.17,24.082,-10.738,-10.133,13.967,13.627,6.0946,34.729,-3.3279,-6.2028,-39.59,-34.174,41.608,4.7808,-17.65,17.966,0.10017,-7.515,-14.597,-7.6427,-6.4943,2.3378,4.2732,0.37884,-3.6652,-20.284,-6.5845,-4.1425
56.139,-21.534,26.167,12.867,9.989,7.3852,-12.035,-0.33508,3.9951,23.532,-13.809,-4.7824,10.806,3.3871,-0.004536,28.303,4.3816,7.4626,-16.298,-22.846,-1.0384,-29.13,-21.138,-5.0092,-3.9085,-6.7904,-14.412,-15.444,-1.2787,6.729,18.607,9.6445,-10.968,-11.286,5.6132,-0.53685
57.084,-26.51,22.429,8.9779,14.345,15.673,-9.7025,2.2205,7.2219,22.356,-13.311,-5.6007,2.334,-9.2141,-22.498,1.7049,-15.365,6.8522,28.596,7.725,2.3568,-28.652,8.3225,16.038,-3.6293,-0.59366,-5.2779,-12.88,-0.523,-1.0487,11.861,11.366,-7.6426,6.0687,18.354,5.4312
57.654,-24.763,19.923,10.488,15.032,20.514,-0.30698,5.0651,-4.9139,12.209,-7.8762,-5.898,-2.2971,-2.3988,-22.188,-13.602,-1.3352,19.278,33.445,11.414,1.7413,2.8897,34.703,25.273,-2.6775,6.1142,3.6858,-5.7997,0.69875,-7.5136,-5.154,3.8951,5.4167,17.388,12.351,0.57951
55.85,-23.537,18.633,8.7537,8.6288,16.98,5.7224,6.6858,2.4629,15.417,-9.543,-1.5561,2.3715,13.551,-9.2028,-8.7179,-3.0845,-17.354,-5.1583,5.5273,2.0047,19.115,46.201,29.981,-2.0917,8.5923,12.04,7.7168,7.3513,-5.3121,-16.634,-8.7715,2.1673,16.468,0.6427,-19.2
55.608,-24.221,16.971,6.1784,12.18,16.371,-3.0253,3.1394,7.2452,28.446,1.6584,5.8316,-2.6004,22.576,11.777,4.5164,1.7353,-18.002,-25.191,-2.2715,26.221,33.927,21.68,-9.0834,-2.6549,3.0288,10.851,13.986,7.9332,2.6705,-11.077,-14.374,-4.7558,2.7937,-10.021,-26.134
59.293,-20.006,19.303,6.7737,14.229,9.0677,-10.922,5.947,2.1447,23.795,5.0223,3.5252,-7.973,21.26,20.722,31.23,19.857,-1.0678,-25.259,-29.289,0.9532,38.168,18.048,-62.785,-2.946,-7.0463,3.796,9.302,6.6897,14.139,3.918,-12.968,-9.2937,-5.5733,-15.067,-15.012
54.632,-15.241,25.476,13.736,13.099,15.469,-4.58,4.2988,8.3558,24.984,-4.3191,-12.98,-10.4,8.8908,17.104,36.353,26.86,24.487,-11.89,-43.048,-21.512,7.3314,-1.3239,-59.016,1.4792,-14.401,-6.547,-6.6774,1.3078,10.682,10.199,-0.18934,-10.03,-10.421,-10.034,14.897
52.352,-17.396,24.741,20.59,18.097,16.897,-6.1296,-8.5386,2.3842,36.232,2.4695,-23.543,-8.459,-14.838,7.1138,21.874,17.802,32.098,7.7815,-38.927,-20.597,4.546,-17.634,-20.113,4.4294,-14.329,-12.666,-19.084,-5.8598,-1.6171,10.717,20.186,1.1782,-13.248,-7.3758,33.514
53.879,-21.08,22.804,17.447,23.675,24.7,-11.367,-11.142,-3.6305,25.893,2.2728,-10.143,5.0384,-31.381,-14.154,-24.192,9.302,18.827,9.2832,1.6004,-13.156,-1.3671,-10.651,44.066,5.0714,-7.0272,-9.4609,-18.103,-11.8,-16.347,4.7964,29.901,6.4887,-9.561,-3.2728,21.422
55.441,-24.505,24.196,15.855,17.842,20.501,-3.6383,-5.796,-2.1609,25.613,-7.0908,-7.9501,6.455,-30.25,-26.977,-33.919,-0.66347,-6.3228,17.737,49.318,2.6659,-23.722,-14.168,53.244,1.5998,3.099,-4.3558,-8.1086,-15.957,-24.104,-6.9707,19.174,6.9873,-8.6862,1.9172,2.1796
55.607,-27.377,18.672,4.0071,17.878,23.08,-1.1841,3.7277,4.0505,29.61,-4.8646,1.2561,7.5003,-18.539,-13.155,-26.266,-22.909,-38.035,7.1138,62.334,-0.70021,-26.34,-19.421,11.415,-1.7382,8.331,3.851,5.2749,-15.159,-21.112,-14.944,-5.4586,3.7738,-6.4786,-1.5466,-15.621
54.715,-29.373,13.318,10.35,20.664,14.545,-2.3524,8.6859,-0.12334,22.513,-1.0455,-2.6201,-1.691,-5.7642,-15.165,-17.633,-45.88,-59.991,-25.987,26.576,8.1116,-26.398,-3.6631,7.1101,-2.3888,7.4482,4.9006,5.1252,-2.7521,0.46546,-15.517,-24.645,2.3936,0.3858,-2.4203,-11.845
57.992,-27.916,21.666,7.0662,10.81,8.6602,-8.4529,12.784,-4.9993,14.273,-10.46,-7.1001,0.42064,-1.969,-0.80547,-5.9607,-43.883,-59.898,-43.574,-14.321,2.9903,-32.422,-23.637,-10.97,-2.7196,3.1663,0.26716,4.4753,19.023,26.858,-4.1322,-25.976,-0.59529,6.958,-0.46252,1.4901
53.403,-27.118,15.117,5.5094,-1.5641,-2.2842,-12.997,2.9637,6.4198,20.083,-6.1244,-0.21696,-1.9491,-1.2942,-8.6493,-18.445,-3.937,6.9359,-34.506,-35.58,12.789,-18.752,-24.161,5.21,-1.0476,2.1322,7.309,7.7117,31.309,42.567,13.493,-8.7222,-9.4332,6.8365,-1.6139,2.0119
56.474,-29.489,17.37,3.4472,7.0509,1.5461,-17.648,-0.57175,2.2741,14.614,-14.143,-5.4306,-5.9685,-4.9428,-15.077,-3.4829,51.237,62.789,-9.2877,-36.467,-6.0152,4.627,-11.485,19.816,-3.1788,4.1043,12.376,10.799,19.793,33.296,23.948,9.8791,-9.8109,6.3183,7.1315,1.6044
54.5,-29.234,11.142,2.9373,20.575,21.57,-15.008,-2.4263,2.6343,12.966,-11.285,-0.8499,-3.7342,6.3839,28.516,19.687,63.106,91.502,24.334,-5.9621,-34.552,-10.74,-17.808,1.777,-2.7277,6.5262,14.556,12.556,-3.7601,1.2164,20.708,18.049,-5.5807,-1.1494,10.744,-7.1802
54.459,-29.33,16.115,6.6108,25.359,28.128,-12.092,-2.7546,-6.1142,20.145,-13.623,3.1242,-14.581,14.714,42.493,28.97,21.562,64.301,46.745,20.265,-22.394,-4.8357,8.8443,-1.2315,-1.9739,6.5445,5.7624,1.169,-23.242,-22.706,10.581,13.928,7.0928,-6.4764,9.6513,-9.742
52.543,-24.006,30.003,13.771,20.835,30.176,-3.6089,1.0741,-6.6618,11.947,-15.289,-3.6059,-11.281,21.509,35.346,28.108,-7.8999,12.262,41.019,26.298,-6.9257,-19.768,19.393,-20.167,-0.43774,1.3914,-11.111,-12.123,-20.807,-27.113,-3.7601,0.29409,16.44,1.8627,4.532,-2.7108
50.161,-24.746,29.186,12.516,17.702,29.394,0.0249,7.8107,-4.2748,12.706,-7.7192,-4.6683,-12.064,20.217,10.32,-1.8486,-29.469,-11.119,35.273,17.042,15.636,-23.241,18.171,-17.922,4.9584,-4.2671,-14.605,-17.757,-5.9749,-12.296,-13.795,-9.3363,14.759,11.686,-6.3703,3.0219
51.008,-20.771,22.279,14.039,20.454,27.068,-0.5564,5.4402,-1.7482,6.8019,-4.5398,-7.0374,-7.181,10.589,-10.952,-25.519,-15.416,-6.3542,11.269,-2.8801,28.632,7.7759,0.18828,-3.4319,8.9015,-9.2735,-9.7209,-14.085,3.5184,3.1847,-12.933,-6.1427,6.7589,17.728,-9.011,9.226
49.194,-20.838,25.136,5.5525,10.815,24.122,4.0188,3.5835,-0.753,11.097,-9.9119,-4.121,8.1609,-1.162,-7.3816,-33.002,-4.555,12.128,-7.3546,-11.827,33.62,39.82,-13.405,5.5104,10.937,-9.7578,-4.4705,0.58281,9.9088,6.4689,-9.7094,-4.7635,-6.9119,12.549,0.37753,5.6363
49.436,-20.665,26.551,4.4931,16.571,29.635,0.028856,1.7476,5.8936,16.64,-14.098,-5.5955,23.113,-14.169,-4.4077,-26.742,-2.7649,16.561,-2.3302,10.02,17.877,37.34,-9.8736,14.246,6.4755,-4.4962,0.52975,9.6706,4.558,1.1964,-2.7248,-8.7247,-20.426,-4.6194,7.8063,2.0675
55.028,-25.38,23.359,0.78717,17.366,34.175,-3.945,3.7435,8.7145,27.697,-9.6422,-2.6341,27.475,-16.193,-15.305,1.6768,13.75,9.7677,-6.4736,-13.225,-13.546,24.724,25.09,1.4205,-3.3617,2.2753,4.2248,11.901,-1.0197,-5.4729,1.9299,-8.853,-19.922,-21.931,4.8151,1.5155
59.648,-25.585,20.964,3.0508,15.796,30.322,2.2604,10.37,2.4564,17.171,-9.6115,-0.65759,15.539,-4.3764,-4.3414,5.4946,-1.7782,0.80806,-2.7952,-45.805,-49.916,-7.7725,19.972,8.9508,-10.987,4.1222,7.8869,6.9011,-2.3628,-4.0021,2.7594,-3.489,-6.8064,-20.888,-5.1739,0.6627
57.826,-26.475,20.277,7.1121,18.077,28.662,-0.33375,-7.3404,-5.8073,23.192,0.38941,-5.8797,-4.8606,5.3179,13.709,10.384,-10.147,-7.3597,2.5272,-28.18,-32.094,-47.277,-4.2521,15.736,-12.364,1.948,8.6911,2.225,-5.5401,-0.7209,8.996,12.783,8.8636,-10.187,-11.333,-0.092788
55.806,-22.306,25.921,4.078,15.326,32.795,-3.1744,-15.613,-11.803,15.006,-9.128,0.50275,-15.652,-4.3137,20.52,3.4101,-2.6305,5.1146,6.9663,0.051908,-6.881,-31.102,-21.072,10.402,-6.5755,-4.7437,2.1254,2.7916,-3.3655,-2.3847,10.821,21.674,17.469,11.405,0.30792,-7.2497
54.518,-24.36,27.735,5.4657,12.527,29.258,0.035997,2.6451,-0.2028,5.1413,-12.01,4.6535,-18.748,-6.4839,15.72,13.844,-13.524,4.01,33.626,27.762,9.2547,-14.547,-11.052,0.23071,0.42478,-7.3599,-7.9163,0.74153,-4.9817,-4.5242,3.7989,5.5268,8.6087,23.813,9.8458,-5.8187
53.476,-28.799,27.495,5.579,17.256,32.581,5.5587,5.4033,-3.7864,10.646,-13.948,-0.72302,-10.395,-22.194,5.28,17.723,-16.917,-16.8,35.762,34.596,16.753,32.885,24.912,-19.545,4.6018,-4.9487,-12.313,-3.6731,-7.9665,-8.822,-8.2966,-12.578,-4.8003,11.985,7.3948,4.5305
49.617,-26.47,27.35,13.284,10.35,30.774,12.113,-3.9675,-5.1884,18.099,-2.7266,-5.1515,-5.3654,-22.541,-18.253,6.9357,-27.912,-19.023,7.1239,-17.818,-0.86785,39.797,21.985,1.6163,5.6617,-0.051374,-11.271,-9.493,-0.99383,-6.9307,-16.866,-16.041,-11.404,-3.7021,-1.9837,14.431
53.059,-32.348,28.754,9.0303,7.9559,23.637,8.6685,4.9916,-0.93385,24.97,-1.3138,-4.3675,0.6659,-21.029,-24.059,-11.501,-35.269,-27.479,-21.266,-40.048,-25.821,1.6497,-0.61654,32.362,2.907,8.1744,-9.2469,-9.129,8.8027,3.6846,-9.241,-7.3138,-6.7708,-12.522,-7.4888,13.103
52.044,-33.857,17.979,7.2079,3.2212,24.219,2.043,-6.0579,-2.063,17.878,-7.3346,7.2839,4.0301,-7.3235,-25.966,-19.009,-9.3172,-25.304,-22.189,-15.122,-26.477,-17.439,-8.2059,46.43,3.1375,13.432,-0.2244,-1.6945,16.471,5.1571,3.8436,11.155,3.9299,-3.0286,-2.5841,-5.2156
52.596,-35.62,20.151,2.8662,3.1855,22.119,-0.039577,-13.576,-18.26,11.581,-11.952,9.2404,-0.55743,11.069,-37.098,-14.95,17.799,4.7635,4.2141,-3.3207,-4.296,-1.1082,2.563,23.562,3.6833,15.365,6.5409,8.9449,14.176,3.4524,6.5028,13.376,14.477,8.9203,2.2057,-16.473
51.864,-28.496,18.669,6.8611,8.077,18.881,5.372,-2.2449,-9.7642,16.073,-1.5104,11.259,10.934,28.57,-12.856,0.18751,27.908,-9.3586,13.602,19.593,8.0189,26.033,7.4746,-20.061,3.2418,6.6678,11.318,14.483,5.8401,5.1224,2.0708,3.5658,7.129,1.5255,-2.0204,-18.25
52.87,-29.494,9.8599,1.7288,14.427,28.688,9.1111,1.4248,0.76873,25.318,-2.9444,5.4257,15.63,37.848,2.0898,23.625,16.996,-18.19,-6.6474,9.4749,29.317,24.515,2.5716,-16.758,1.0531,-2.0904,13.95,13.146,-2.708,-0.17872,-4.3772,0.87862,-6.8683,-16.7,-7.1162,-12.997
57.373,-22.634,16.697,7.8704,11.554,16.256,4.2685,-3.7618,-7.5678,24.026,-8.1011,-0.83951,12.145,12.626,11.031,34.118,20.285,11.784,-6.4043,-3.6911,-7.6391,-22.624,-18.312,-24.662,-3.4341,-7.9156,5.5767,1.3447,-6.74,4.4533,-3.3587,2.8584,-8.4939,-23.497,-6.6607,-4.9297
57.656,-19.627,22.182,14.174,9.9449,14.337,-2.8115,-8.0798,-4.6994,19.863,-7.3709,6.9108,4.1026,8.5893,20.711,33.817,8.0704,-6.7016,-7.6689,12.714,-30.808,-60.278,-20.125,-39.121,-4.1435,-6.9708,-2.2072,-10.662,-7.4731,-0.085049,-0.85159,10.038,1.0185,-9.3932,1.5916,-5.2238
55.544,-27.116,18.023,17.698,20.461,31.948,8.1312,0.66182,-10.85,7.4892,-8.4534,-1.8143,-0.47277,3.622,5.7175,1.815,-1.3296,7.164,-2.6813,32.265,-4.388,-49.056,-14.481,-33.528,-2.0273,0.48591,-5.3503,-15.932,-8.0718,-8.9705,-5.7952,9.1915,22.265,22.888,15.169,3.1099
55.836,-22.958,19.552,13.724,14.009,17.491,3.3453,5.5701,-12.995,3.4472,-12.831,-13.648,1.2221,7.4962,-6.2897,-13.533,-9.5625,-16.305,-12.767,41.688,32.784,-9.2345,8.6137,-38.444,-1.578,-0.23442,-5.934,-9.1471,2.8138,1.8922,-5.7634,-3.0728,25.268,38.397,21.959,14.665
58.047,-19.158,20.871,9.0031,8.857,18.261,-0.15055,5.5456,-5.6143,7.7058,-12.612,-7.3245,3.4489,15.602,-2.2204,-21.869,-11.257,-28.267,-32.831,27.779,71.889,66.293,43.162,-9.4513,-3.3978,-2.7053,-1.0864,3.6337,15.508,11.208,-3.7427,-14.537,6.0968,24.99,14.324,14.003
57.016,-19.858,17.613,11.755,10.966,13.028,-5.0541,10.322,9.0747,15.137,-0.98494,-9.5562,-5.7483,1.4272,-4.9904,-0.076447,27.104,20.475,-21.411,-0.40722,57.392,74.035,60.847,22.164,-5.2187,-3.5581,1.6165,7.3938,14.079,17.486,2.4356,-20.564,-12.029,-2.488,-7.6774,13.112
56.678,-20.865,17.882,7.7478,16.354,20.046,-4.0848,12.175,14.06,34.791,7.2047,-8.5856,-13.977,-6.8699,-0.36395,13.255,57.876,44.816,-17.073,-19.373,13.792,34.257,31.025,6.1836,-3.9289,-3.3815,5.01,7.8422,-0.0081463,5.824,4.8032,-16.053,-20.659,-29.165,-27.88,2.1174
53.646,-21.391,18.551,14.313,23.813,26.836,-5.3929,2.0516,5.8641,26.922,7.6847,-1.9351,-16.159,0.94197,0.86478,5.874,26.268,34.582,-8.4679,-37.555,1.6873,-5.6564,-23.705,19.3,1.4776,-1.2093,7.7551,0.28801,-18.283,-15.029,0.75407,-3.54,-12.389,-25.496,-27.881,-8.2897
52.743,-21.826,20.22,14.351,31.371,33.765,-8.5175,-0.0055816,2.8871,18.942,-1.434,-8.0432,-10.99,-1.0629,19.902,14.367,-10.88,-6.2006,-15.287,-33.91,-3.554,-39.686,-53.96,2.5673,5.9007,-3.9216,3.8662,-4.186,-24.964,-23.588,0.98843,8.1399,-2.6629,-8.3262,-4.8106,-1.2116
50.904,-18.906,16.877,11.39,16.591,23.46,-7.0717,-2.3645,15.505,20.233,-8.5182,-0.17731,0.14676,-7.5226,23.652,0.80755,-29.935,-29.16,-18.533,-10.839,4.1174,-16.475,-36.064,-17.476,6.6072,-8.5299,-2.2313,-2.3705,-11.377,-10.485,7.6819,12.28,-5.8851,-0.074988,15.978,7.0141
52.554,-22.639,28.67,16.393,14.525,18.634,-10.889,-2.5715,7.4628,18.292,-11.674,-8.1809,7.3742,-22.246,7.5733,-5.1417,-38.844,-41.251,-7.0979,7.9685,-0.73765,-1.9653,13.151,18.514,2.8972,-8.7341,-16.572,-5.733,-1.0278,6.3844,18.054,11.239,-4.6871,0.66504,15.622,17.073
53.814,-24.746,26.152,13.696,17.268,19.821,-13.474,-2.0849,5.6349,19.01,-5.2273,-10.604,7.6951,-31.116,-4.1275,3.7758,-16.637,-0.31709,25.847,2.9049,-29.146,-24.892,22.631,46.397,-0.36612,-3.5697,-18.632,-2.8045,0.65718,10.672,17.406,2.2723,-3.8517,-8.9236,-2.7516,12.966
54.975,-30.03,19.369,10.628,11.611,14.959,-8.8653,3.8389,7.4533,18.571,3.4962,6.4272,-0.27847,-32.937,-49.067,-15.782,-22.668,11.3,52.795,15.411,-10.358,-32.152,-5.197,55.998,-2.1396,6.0276,-9.2317,0.38278,4.756,5.1017,3.5155,-2.2365,-0.47363,-6.5201,-16.691,-13.841
53.541,-30.769,19.464,16.161,9.7291,25.139,4.8402,-4.1172,0.93656,7.6483,-4.7877,15.717,2.1424,-20.026,-41.187,-7.8947,-34.737,-2.0744,38.549,-3.1985,-10.331,-45.999,-40.648,28.613,-0.60608,14.976,5.7667,-0.090011,7.2402,-9.8493,-15.926,4.2962,7.6999,10.218,-9.6323,-29.877
52.552,-36.096,7.4811,7.2696,6.9602,21.624,6.3516,6.1501,4.633,7.8967,-14.492,6.657,-0.54774,2.3472,-20.055,2.6074,-6.014,-14.864,4.1289,-0.16216,-12.513,-24.012,-38.662,-41.8,2.2739,19.306,23.353,3.7936,11.226,-8.9946,-19.869,5.3253,4.6772,16.364,5.9573,-22.358
56.097,-31.725,11.502,11.428,2.2247,15.451,-1.8081,-4.8398,1.8795,1.3471,-16.557,3.5873,4.7993,26.121,10.201,-5.8691,11.236,-36.482,-29.45,32.172,10.431,22.128,-8.7976,-54.089,0.018454,13.725,20.178,1.7257,12.386,0.60184,-8.6067,7.9715,3.5689,14.63,16.308,-0.091388
53.423,-28.378,13.322,14.298,12.356,12.371,-3.4768,4.1191,0.72512,9.7157,-9.9502,-8.4077,9.7626,40.521,42.004,2.1732,10.475,-16.47,-12.55,24.352,2.6472,15.605,8.6642,-14.44,0.17257,1.2463,9.0239,1.4857,2.9824,6.0986,1.3074,-2.2444,1.4178,2.7156,11.932,22.107
55.505,-21.568,21.644,9.712,12.649,11.525,-4.9704,12.984,8.106,17.803,-11.458,-3.7945,-2.9205,29.512,28.672,0.95079,18.951,1.7375,3.8552,24.402,-0.067089,7.3419,17.229,14.476,-2.8254,-9.2792,-8.2979,3.9255,1.1541,10.004,7.2235,-13.458,-3.4354,-6.0143,3.451,17.686
57.729,-20.914,23.412,9.2142,6.9852,15.353,1.6576,9.4141,2.8433,7.471,-12.71,3.1281,4.175,6.8829,15.828,6.6261,5.0409,-3.4807,-5.9866,-7.4992,-0.1755,-3.0405,7.983,34.454,-3.8006,-11.585,-17.436,-0.73736,1.2816,7.5966,7.4522,-8.1664,-0.19172,-0.0045637,-2.7341,0.81222
52.484,-20.701,20.793,14.445,14.385,14.829,-2.4476,4.7136,0.78686,6.1404,-6.5625,5.0577,-6.5341,-3.4566,-18.201,11.532,19.724,7.0426,3.3862,-19.193,-5.3344,1.3795,8.7979,9.897,0.25213,-6.3866,-11.945,-5.1138,-2.6546,7.0323,8.1489,-2.8722,-1.0469,4.6651,-3.9128,-7.2713
57.021,-25.37,21.661,15.244,14.008,8.9783,-7.7315,4.5049,4.297,14.027,-8.4063,4.3933,-7.4335,-0.92209,-21.742,-6.8041,16.496,18.861,24.945,5.3176,4.3222,18.563,-0.79059,-8.0889,0.80671,1.2727,-1.5414,-6.2117,-1.864,7.7918,5.4969,1.5312,-3.6008,8.807,-0.77224,-13.421
52.592,-21.068,13.418,12.463,19,18.233,1.4172,5.8425,4.712,15.215,-9.2106,0.5214,4.1444,1.4818,-12.27,-17.903,-0.049921,25.728,29.134,3.6323,-7.5503,19.866,2.0521,-0.6088,2.3519,0.11836,8.2212,2.0202,3.3461,3.2743,-4.8899,-1.2757,-4.6297,7.5135,1.645,-14.815
53.959,-21.192,16.229,6.8031,12.926,23.081,12.198,11.508,3.0419,12.215,-11.781,1.3519,2.8693,10.777,5.1554,-9.7148,5.6077,26.136,8.6238,-11.256,-17.072,31.752,7.4947,-27.399,0.64195,-5.4299,4.3961,14.018,16.268,-3.2185,-14.795,-7.05,-10.164,-0.56832,7.1163,-14.036
56.088,-22.049,17.375,9.7139,14.902,20.642,2.1548,3.028,-2.3607,16.979,-3.8489,6.274,0.074012,-8.7143,9.4562,23.088,41.899,19.777,-12.902,-17.285,-17.786,32.353,12.88,-54.52,-3.1786,-8.0824,-2.438,12.805,15.6,-6.108,-9.4899,-1.0199,-4.1903,-4.5538,7.5638,-8.5044
56.708,-19.491,22.261,11.761,18.861,20.842,-3.7883,0.28429,-0.70242,29.02,-7.3398,-12.183,-2.1886,-22.973,-10.624,42.79,76.862,5.7438,-28.014,-19.474,-41.381,9.4779,29.377,-51.314,-1.523,-6.2982,-4.5001,-0.26667,-4.0603,-7.355,-1.5142,4.3301,4.3796,-7.005,3.5302,10.051
51.254,-26.276,15.13,21.528,36.981,29.241,2.959,2.8123,-2.3088,22.989,-4.9913,-19.972,-9.2195,-22.055,-16.57,19.872,42.321,5.3839,0.0035168,2.642,-16.347,8.2332,28.93,-31.173,2.8844,1.7028,2.1304,-18.252,-33.042,-5.68,-0.079643,3.2926,12.215,-2.5475,-3.5079,24.244
55.281,-30.565,12.039,22.291,40.317,21.653,-2.2113,1.8793,-17.675,13.949,3.4782,-11.182,-0.099187,-14.043,-4.3323,-9.44,-14.905,-3.4427,-5.4001,0.43127,4.1069,8.786,17.121,11.183,3.7304,4.0658,8.3118,-25.239,-43.48,0.86689,0.054866,3.425,19.804,-0.28031,-12.5,22.256
52.191,-27.539,14.201,14.385,25.334,22.928,1.368,3.5515,-2.0481,28.631,5.2071,-9.8128,13.451,-4.6653,16.962,-42.055,-77.428,-4.0298,-24.608,-10.775,20.547,19.961,1.4684,35.449,0.98985,-0.078866,4.4957,-16.179,-23.541,3.1071,1.699,4.9543,7.9761,-8.2436,-16.347,8.5536
56.19,-25.881,20.56,10.613,17.232,22.277,-5.6928,0.13028,1.2207,30.592,-3.8785,-11.671,5.1281,-11.339,14.169,-52.443,-80.662,14.785,-15.434,4.3593,39.191,2.2125,-19.393,26.655,-5.9858,-4.6053,-4.8352,-2.4312,3.2188,0.15372,7.8518,6.7984,-6.5048,-19.031,-14.944,-8.152
57.525,-30.951,19.351,6.3393,9.81,26.914,-7.604,-1.7006,-1.4831,24.648,-0.57875,-2.0028,-6.8839,-23.801,-3.342,-39.524,-42.504,11.805,13.515,25.449,5.9912,-29.698,-34.546,3.8587,-9.1887,-2.0569,-9.6871,10.248,20.997,-8.1022,8.8524,3.1384,-14.469,-21.477,-9.6117,-11.434
55.178,-34.529,16.548,0.092368,7.7483,27.052,-5.4423,6.685,1.6383,17.047,-3.3256,-1.76,-19.861,-27.502,-18.356,-22.862,-16.273,-10.592,14.797,16.311,-21.139,-61.539,-39.59,-13.782,-4.6197,8.0743,-6.0283,16.991,19.064,-13.362,6.0274,-5.1919,-10.044,-3.4304,5.368,-3.3408
49.255,-35.116,14.536,-0.11677,8.8245,26.443,8.0004,12.999,0.73865,20.555,-12.342,-12.839,-19.998,-6.8685,-15.211,-5.6052,-4.6374,-31.852,4.539,-1.0585,-21.635,-55.547,-36.492,-1.5022,5.7201,15.638,5.4317,15.061,11.123,-9.133,-3.0333,-6.9333,3.3831,23.762,17.709,2.646
50.394,-37.549,13.789,2.4098,9.5889,17.217,-6.0964,0.93616,-10.46,1.8692,-17.792,-13.144,-11.414,20.566,-10.038,15.552,-4.2755,-30.194,19.191,-8.3464,2.7859,-2.0148,8.4194,12.631,12.509,16.748,13.005,7.3215,7.151,2.1703,-3.421,-1.0076,8.6215,38.166,23.076,3.5283
49.918,-32.875,13.125,2.3779,6.5709,15.906,-5.0074,0.64461,-6.2514,4.4633,-11.591,2.9381,17.493,30.354,19.657,16.572,7.1119,-24.058,-3.8481,3.1115,10.944,59.352,29.995,3.8817,11.827,6.4523,14.752,-0.60672,6.645,14.603,-3.7597,3.6972,-2.5957,16.927,10.781,-3.121
49.14,-25.366,12.234,6.6209,6.7373,17.224,10.657,8.6889,6.5263,24.086,0.50883,-3.3327,23.938,37.627,29.235,2.6567,13.608,-3.6369,1.8858,9.1884,5.6787,71.842,42.545,1.167,3.1167,-6.648,12.397,-5.5663,6.2159,19.884,-9.1388,2.62,-10.921,-17.757,-7.7401,1.4083
58.629,-26.03,25.142,6.0639,13.806,14.41,-2.3003,10.678,-2.2822,39.123,-6.495,-15.803,21.462,16.862,38.912,-2.1913,19.646,27.886,-5.6069,8.66,-36.059,-7.8407,0.35143,-11.375,-7.9556,-12.54,-0.46326,-7.1263,-0.80994,18.892,-1.7974,-1.0032,-0.95293,-32.212,-12.437,8.3558
58.008,-22.158,22.398,1.8952,12.775,16.146,-6.507,0.51354,-9.605,20.46,0.93221,-3.1896,2.1854,-5.9285,42.321,-2.8981,20.537,43.252,-25.623,1.9795,-28.318,-57.205,-15.459,27.302,-9.4031,-11.645,-9.9404,-4.5305,-5.7189,5.529,2.266,-1.5209,16.889,-7.894,-9.5547,1.0892
56.215,-26.048,27.499,3.6451,13.375,30.388,0.77119,9.0623,-16.215,2.3555,-11.627,-2.8211,-11.409,-10.566,10.798,-16.282,-0.40248,46.957,0.91976,1.7,23.178,-37.186,-3.1861,32.593,-4.199,-1.8069,-14.145,-2.8108,-7.6855,-17.049,1.6454,-2.4115,24.291,26.944,7.6501,-3.9498
51.439,-28.322,32.216,6.3812,17.221,30.861,-3.6904,10.487,-0.66625,13.867,-4.6545,3.8269,-6.6424,-6.884,-6.41,-12.951,-4.9626,14.472,9.9522,5.0639,60.504,47.044,-3.4603,-15.371,1.7917,6.3853,-12.484,4.1572,-5.9939,-22.447,4.7019,-8.6033,5.3488,25.861,9.6664,-9.6527
56.209,-28.231,25.632,-4.3202,11.382,30.531,-3.2488,6.5417,4.8375,23.827,-5.2947,-3.015,4.8805,8.3058,-7.4484,-11.219,-6.0316,-42.971,-15.168,-4.9396,40.986,74.756,32.603,-9.7879,2.1318,4.2873,-1.4254,13.786,2.2084,-12.266,0.91322,-12.953,-16.634,-2.974,-0.036649,-2.0839
54.69,-24.508,20.127,-0.59751,11.29,23.31,0.47906,4.3058,10.121,33.247,-3.9643,-10.778,2.9993,16.562,-10.976,15.356,-6.6178,-24.018,5.93,-37.717,-10.478,16.127,14.978,0.22887,-2.8865,-3.1444,4.3294,13.914,7.9717,10.304,4.2741,-8.9709,-23.852,-33.624,-11.06,7.4693
57.03,-23.802,29.82,1.5249,13.325,12.678,-8.8974,9.6829,-1.1156,30.044,4.3289,-0.41244,-5.5707,-0.85257,5.9541,38.495,11.467,4.8704,7.497,-41.674,-24.502,-36.597,-12.589,14.374,-6.8369,-8.4268,2.7468,6.7269,5.9097,25.92,13.208,5.1961,-6.8342,-30.185,-18.698,-1.2129
52.529,-22.255,24.634,11.137,12.941,27.779,2.0989,-9.9426,-2.9288,18.822,-1.9771,2.64,-15.849,-18.027,8.5356,31.762,26.146,42.074,19.991,-21.423,-26.011,-65.398,-36.162,9.894,-3.0223,-6.5537,1.7672,-7.8196,-2.0743,11.79,5.2906,19.845,8.8258,-1.563,-2.1829,-6.0445
54.505,-29.784,26.355,9.06,16.29,30.732,-0.31022,-7.1712,-0.8886,12.741,-12.583,-2.5372,-19.88,-16.533,-3.47,14.212,7.1348,53.582,43.843,12.894,14.582,-35.406,-35.315,-20.685,1.3684,2.6951,-4.8193,-15.293,-12.126,-6.4096,-3.1726,14.039,13.97,23.011,16.624,-3.8787
48.028,-30.531,26.127,11.516,22.881,35.32,6.1807,2.0212,-2.9986,9.1991,-13.59,-4.7689,-4.9575,-8.366,2.5721,-11.601,-14.823,10.578,14.21,34.224,14.109,7.7168,15.427,-12.464,6.625,4.8107,-5.5297,-12.653,-12.871,-23.397,-15.934,-1.74,5.8727,26.1,17.849,-0.034471
49.341,-27.931,27.338,8.4415,11.922,35.698,10.983,10.148,6.2103,17.152,-7.5222,-7.0505,-4.1744,7.7925,-15.161,-16.287,-28.677,-11.43,-5.476,0.69811,25.286,41.9,44.735,6.1593,6.5222,-1.0215,-3.2825,-6.2416,-2.8817,-26.809,-20.313,-10.028,-11.286,4.3932,-1.8416,1.0574
52.632,-27.365,25.429,5.6459,7.7135,30.585,3.5573,-1.49,0.57641,20.475,3.2062,-1.3353,9.4229,-6.1363,-13.268,-16.252,-20.302,-42.407,-35.02,-24.026,-1.9998,26.449,13.058,-3.7006,1.4646,-5.6884,0.14808,3.1865,6.3585,-13.806,-7.5393,-6.0958,-17.148,-14.826,-21.965,-5.8256
50.115,-27.471,19.124,3.8517,9.5351,27.385,-1.7365,-5.0665,9.9669,28.053,1.3867,-1.1744,5.5409,-22.756,-11.962,-14.67,-4.5339,-53.972,-33.109,-8.122,-33.793,-22.807,-43.339,-19.78,-0.33663,-5.7456,7.96,9.7374,8.8643,-2.6089,3.8732,0.94929,-16.94,-17.083,-18.904,-2.6703
52.352,-33.829,23.6,5.6851,13.923,18.273,-4.9696,-2.3844,-5.8768,16.973,-11.515,-9.5573,-2.492,-21.534,1.7134,3.5236,4.8977,-37.181,-9.6696,8.1554,-42.094,-34.061,-50.36,-28.623,-1.5386,5.0275,9.8669,11.611,5.8446,12.563,11.363,4.362,3.4698,1.0967,0.82446,3.9457
52.251,-36.077,22.272,1.087,6.5503,14.868,-1.3082,6.534,-7.4597,7.4992,-21.831,-12.829,0.099874,-13.237,17.149,22.513,3.0442,-27.087,1.2148,-10.646,-39.367,-13.258,-18.074,5.2686,2.503,13.009,8.7877,10.574,4.533,16.593,7.6497,1.9261,21.338,21.815,15.043,3.1953
50.318,-33.829,24.712,8.79,11.655,18.253,-1.4916,-3.2126,-11.757,13.721,-10.365,-9.819,4.4504,14.242,21.511,23.211,5.132,6.9636,4.6351,-0.95334,18.136,27.158,4.5486,3.5037,4.2395,10.791,1.3685,2.7432,2.9879,14.52,5.7976,6.6885,25.925,18.18,9.96,1.9297
51.182,-34.089,27.143,13.556,12.192,13.852,-2.8681,-9.9754,-6.7766,23.05,-8.2255,1.5908,14.585,24.401,22.077,28.355,18.014,6.9205,-2.0134,6.063,42.779,55.659,4.4206,-19.866,0.92495,5.6006,-7.552,-7.1351,2.0375,14.236,8.6697,8.861,13.233,2.1764,3.2902,-4.462
55.112,-27.702,31.92,11.057,13.669,22.263,-1.8721,5.3936,2.8497,22.777,-16.043,-15.016,11.463,13.605,6.0917,14.318,12.353,18.415,20.932,33.244,46.46,22.381,-11.807,-6.4064,-4.3942,-1.6243,-12.232,-8.8426,-1.5243,3.8207,6.347,-6.3447,-13.286,-12.482,6.0186,4.7031
57.147,-26.94,29.706,14.131,14.55,16.323,-2.1247,5.2624,6.6267,30.801,-16.781,-20.164,1.2183,15.085,-12.901,-8.7162,9.6212,38.368,36.414,16.561,12.634,0.012808,6.5547,-12.086,-7.7051,-3.2872,-7.3591,-9.4056,-7.1084,-0.56712,2.3253,-16.233,-23.832,-14.182,9.681,10.924
53.067,-30.601,26.476,15.661,16.652,26.225,8.6029,5.7903,4.7716,21.036,-11.991,-2.1446,-10.837,10.778,-22.16,-2.4662,1.707,10.344,17.156,-37.926,-33.223,-7.4269,33.574,23.129,-3.39,-1.3722,2.5914,-7.2286,-6.9824,-11.252,-8.9955,-15.245,-20.803,3.7059,10.951,5.6858
52.814,-25.097,23.414,6.8951,15.511,31.055,10.102,-1.8934,-1.4205,23.926,-6.9744,-10.888,-12.791,9.3778,-0.59266,-10.281,-12.205,8.1209,11.501,-39.516,-36.537,-0.34814,30.135,19.988,1.6681,-2.8003,8.1353,-1.6748,-5.3565,-18.156,-13.706,2.1504,-3.6862,13.381,6.2522,3.3287
51.859,-23.234,23.986,13.441,14.042,20.069,0.59295,-9.9913,-9.7384,22.5,-4.1597,-8.0891,1.5176,9.5974,12.895,-21.042,-11.646,-22.722,-11.588,-14.944,-32.971,41.091,31.156,5.9858,5.4686,-6.4674,6.0791,-2.2586,-0.80923,-8.4294,-6.4943,17.978,13.954,13.945,-2.3347,-4.346
51.355,-25.934,30.655,10.101,9.7524,23.461,7.6308,-6.605,-4.3869,29.895,-5.6296,-7.1984,3.3814,1.6737,10.248,-7.8022,-10.485,-35.881,-17.741,15.822,-5.923,42.657,39.025,13.129,2.1402,-6.8497,-5.5727,3.9668,6.3506,1.1685,-3.4767,11.069,16.622,-0.81298,-8.0155,-4.9133
54.555,-25.384,29.303,3.5377,13.708,18.661,4.0441,0.67429,-10.231,38.597,2.9148,-0.9964,8.4195,-17.707,2.8152,-14.999,-3.1995,-9.8025,-0.69399,24.297,21.238,40.797,17.456,4.8288,-4.7467,-6.5967,-7.5444,9.0563,10.784,16.54,3.808,-3.5637,9.8622,-20.198,-15.008,-2.1407
53.156,-23.185,25.88,7.9459,10.436,13.818,-0.49424,0.68474,-4.1359,37.206,9.0006,-7.8697,-5.5407,-11.219,-23.417,6.5314,15.324,7.5041,-11.329,-3.7929,19.467,-4.2659,-3.0929,-4.0003,-5.356,-4.0575,-0.71056,6.2844,13.507,19.391,4.9442,-10.384,-5.5315,-22.166,-19.434,0.82254
55.169,-33.462,27.781,7.0196,12.101,19.989,4.3085,-1.4874,0.75514,39.243,-2.7467,-5.3391,-17.755,-16.94,-7.9948,17.073,29.37,38.286,4.2459,-22.955,3.6447,-36.439,-22.827,3.8471,-3.1869,0.82025,5.2637,3.0135,8.1745,5.0657,0.0060427,-3.9554,-15.652,-12.11,-7.7426,0.85636
48.278,-27.505,19.707,11.625,18.218,26.549,1.8339,-7.4206,-0.14609,27.439,-4.3452,-7.0272,-10.311,-18.998,12.1,7.5841,40.764,37.029,4.5104,-12.47,-24.784,-29.556,-38.002,17.733,3.1105,-0.83593,6.8849,-8.8054,-4.8343,-9.428,-1.3533,5.7922,-17.13,1.9523,0.92143,0.73432
48.117,-31.694,28.392,10.234,24.501,31.438,5.0029,-6.7504,-10.403,25.262,-1.8257,0.50596,-5.1298,-9.7161,11.375,-0.45748,24.953,0.76341,-8.5836,8.8595,-34.897,-7.1086,-3.8024,-1.7558,5.7621,1.8639,-1.3213,-13.801,-16.989,-21.591,-10.78,6.3298,-12.512,0.24598,2.7609,0.87346
51.526,-33.568,31.625,10.131,24.617,26.609,1.4137,-2.919,-10.949,29.419,-10.461,-1.9259,3.6993,-19.01,1.3231,-28.731,-6.6394,-20.875,-11.681,9.2608,-46.912,-9.1699,-7.9979,2.4728,0.98067,4.2752,-5.8424,-10.516,-21.484,-17.45,-11.872,-1.4002,-2.2605,-5.7296,2.6037,-0.16386
50.98,-35.288,27.51,7.5382,21.378,20.341,0.22678,0.6915,-11.292,34.698,-1.5901,-8.7677,4.0503,-7.614,-9.2128,-33.776,-31.872,-40.716,-41.561,-2.1714,-47.851,-45.402,-24.025,15.844,-2.8074,5.1237,-4.1135,-3.3252,-12.605,-3.918,-5.3735,-4.3894,13.608,-2.2873,-1.468,5.7019
48.697,-35.213,20.81,-1.3918,16.46,21.66,-1.6185,-6.5112,-23.158,18.135,-8.462,-1.154,-9.9979,1.3275,-6.8179,-28.337,-38.242,-29.483,-38.362,-13.956,-29.609,-39.057,-14.873,8.1132,-2.2089,8.7307,3.7964,8.6162,1.3373,4.5825,2.6187,2.0717,27.81,14.878,8.4814,1.345
51.557,-34.679,29.193,-0.89268,12.644,13.554,-14.261,-6.04,-28.224,8.2022,-14.837,8.0422,-12.318,5.7338,-5.1219,-17.28,-22.272,-14.523,-22.11,-1.4793,24.49,-3.6016,-7.7052,23.934,2.3141,9.3058,9.1202,13.163,10.773,10.075,17.044,9.6294,26.298,23.589,11.403,-9.9693
46.239,-33.209,27.374,0.17743,9.8628,15.261,-10.523,-6.5313,-17.287,23.139,-11.274,-6.2742,0.83911,17.969,18.26,6.1024,-4.7527,-11.059,-8.3126,19.273,55.969,44.318,26.25,5.1534,6.7502,8.4718,7.1399,15.989,9.8653,7.5605,17.411,9.7323,14.707,8.1403,2.4822,-11.432
46.049,-33.423,21.667,-1.8866,13.541,16.28,-6.3761,-0.038104,-1.9824,30.396,-4.0369,5.7592,10.202,30.594,23.85,14.817,5.247,0.44846,28.634,29.361,40.85,30.854,12.428,-32.522,4.5825,3.7061,2.702,12.523,5.7839,6.1049,9.6124,4.3709,-3.9651,-9.4487,-6.1674,-12.927
51.87,-26.856,33.703,2.1563,13.635,14.768,-9.7174,0.12445,-8.2942,29.198,-0.73742,2.5642,12.493,31.256,14.396,35.561,-2.6751,0.83432,23.32,19.285,35.748,-15.583,-12.528,-20.82,-2.2134,-3.1483,-10.876,1.3923,3.4727,5.5645,3.3608,-2.0655,-9.9919,-15.565,-11.325,-1.056
53.843,-22.558,37.954,5.5264,13.381,14.025,-0.34725,5.3126,-12.296,20.6,-13.892,-12.638,4.7677,17.621,10.32,30.603,5.609,10.055,10.135,20.369,14.775,-20.894,-19.153,-27.716,-5.1259,-6.9791,-15.251,-8.8796,3.1322,4.6928,-3.8699,-5.6487,-8.188,-0.65591,1.7566,14.168
48.589,-23.013,26.429,14.251,8.6049,16.805,-1.8777,0.43607,5.744,20.245,-12.61,-7.4854,-7.5105,8.7142,-29.358,5.171,12.43,11.96,17.741,13.441,19.047,-7.6328,-14.587,-2.5298,-1.1691,-6.1009,-6.2736,-17.062,1.1652,3.1958,-3.3526,-5.4964,-11.649,12.222,9.2353,16.397
50.074,-26.534,30.464,7.3676,18.86,20.288,-5.2282,9.9906,-1.6141,24.425,-7.6773,-3.0739,-5.4258,6.9696,-30.531,-14.386,13.356,18.35,12.074,4.0393,8.2603,23.599,22.24,29.173,3.4996,-1.2237,0.92306,-10.111,-6.0229,-0.9997,-4.6261,-14.161,-5.219,12.128,6.5523,9.4993
49.999,-20.511,22.769,3.8213,17.111,17.616,1.5935,4.5062,-4.1115,23.469,-11.138,-3.4828,11.744,6.0775,3.453,-27.254,-0.72243,12.666,5.5875,-0.031926,-19.238,23.281,12.952,32.723,5.1127,-4.287,8.1048,4.8179,-4.7074,-1.8671,-8.4687,-12.011,-0.065195,4.7919,3.6689,-7.9529
50.424,-20.325,24.519,3.5485,15.806,22.794,3.954,5.2972,-3.2377,30.787,-3.5074,-0.052603,12.638,12.821,-1.47,-3.7406,-17.93,4.7036,-6.9184,-43.698,7.8225,24.291,-0.16119,2.1544,0.075082,-8.4851,1.57,15.601,3.4583,-4.8492,-7.7862,-3.7368,5.4781,-6.7585,1.6299,-18.776
54.285,-23.079,31.128,2.5336,9.7707,21.885,-3.6751,2.7668,-3.0633,28.705,-8.219,7.3653,9.0211,-15.646,-3.3639,23.938,4.5355,9.4475,-15.107,-22.744,18.94,15.98,14.958,-28.785,-5.8325,-9.3933,-7.3853,17.15,12.017,-4.7053,-3.9799,6.497,5.4819,-13.087,2.6196,-14.17
54.25,-18.839,25.549,6.1411,13.565,20.506,-6.0531,-10.989,1.773,33.953,-9.2175,-7.4207,-3.689,-24.594,-19.272,38.025,28.018,-4.2868,-16.51,-3.2887,16.562,-6.543,29.387,-33.955,-3.6724,-6.5132,-0.83426,4.7624,8.7966,-4.6831,-1.5803,14.348,-6.4239,-14.573,-1.1061,6.0027
52.597,-29.077,20.571,14.494,20.499,23.484,-0.95623,1.277,2.853,29.876,-0.80398,-14.191,-9.2549,-22.182,-24.573,37.612,36.386,-6.3653,-9.5158,12.248,3.8017,-26.736,11.276,-20.074,-1.1669,2.3705,4.2019,-6.8491,-5.1588,-2.6906,-0.0026673,1.6823,-7.3638,-7.7447,-6.7483,22.27
49.424,-29.623,20.161,16.581,24.451,19.852,-5.6606,4.3977,2.085,26.93,7.4785,-6.252,3.4143,-16.477,4.963,13.234,10.128,-10.805,-17.615,10.547,-16.728,-27.213,-3.8507,27.812,1.858,1.1144,6.563,-14.727,-13.049,3.9505,-0.13866,-7.479,-5.8494,1.8656,-9.7595,19.494
52.071,-28.778,21.536,16.12,22.521,19.03,-8.6293,1.1976,-1.3184,18.848,-10.929,-3.2561,-0.36522,-7.8518,5.5283,2.0875,-12.314,-0.74624,-14.568,-21.251,-1.2342,-12.408,-2.1645,51.679,-0.59455,-1.6504,0.10077,-17.177,-13.833,3.6852,5.4253,-2.8364,-1.6523,2.4265,-1.8756,7.6516
56.22,-27.227,27.549,11.945,17.619,17.33,-11.024,-5.6755,-4.5054,25.861,-6.0803,1.018,1.1564,-26.187,-1.5072,-17.85,-12.878,12.656,-14.678,-23.934,-10.167,-4.3791,-12.69,27.637,-3.63,-1.4194,-6.3745,-14.879,-10.66,-2.2067,10.899,10.773,-0.60031,-6.0911,0.48608,-7.4104
49.016,-34.201,19.642,17.855,17.758,24.372,-5.5582,-4.3118,5.5311,24.207,4.8932,8.0136,-11.099,-25.579,-20.834,-32.731,-21.275,0.32986,16.142,15.307,-7.74,-26.021,6.318,18.272,-0.67381,7.1999,-1.3759,-14.229,-10.029,-10.457,7.3159,16.362,-6.6935,-7.8368,1.9833,-14.348
51.53,-40.005,20.354,6.7882,20.393,23.508,-14.535,-4.8147,-6.4235,22.061,-6.7777,1.9315,-9.3688,-14.711,-13.728,-43.751,-38.69,-22.377,21.526,46.132,-16.477,-50.862,-5.6616,7.4639,3.0211,18.166,6.4183,-5.6821,-5.8818,-9.9388,2.5855,9.3793,-2.0973,5.2406,6.4489,-13.674
48.867,-35.179,14.716,2.3329,10.496,16.105,1.1972,8.4207,-4.2293,7.737,-7.4214,5.423,1.5284,22.409,4.7595,-56.106,-49.554,-35.514,3.9099,25.526,-31.547,-28.35,4.2374,-9.9755,7.2269,18.121,12.945,8.2996,10.046,1.8528,-10.016,-10.376,2.947,23.335,1.408,-16.117
51.61,-34.094,23.147,-2.1689,1.9044,10.275,-3.6389,11.024,-7.8635,8.6646,-2.7538,6.0452,9.9484,40.647,17.788,-34.573,-28.148,-19.116,4.3659,17.853,-8.7501,22.989,20.594,-26.608,4.691,9.4068,7.8941,21.656,27.99,12.364,-12.573,-21.842,10.19,26.307,-4.0407,-9.7136
49.74,-25.952,20.625,-5.7191,2.226,13.232,-9.0513,0.53179,-9.5225,16.73,5,0.96904,15.377,37.349,28.132,4.1777,23.685,7.9636,-25.36,-22.432,3.1318,53.727,0.22984,-45.277,-0.063028,-4.0409,-1.0963,24.815,32.839,14.959,-6.2921,-14.684,13.041,10.253,-10.941,2.1508
56.067,-24.296,26.294,-6.4721,10.455,15.387,-7.2278,8.056,-8.152,29.059,-2.6912,-9.1456,7.1616,24.853,14.056,34.388,64.642,17.703,-26.706,-39.097,17.132,39.636,-23.861,-23.454,-5.674,-9.0405,-10.801,12.798,16.617,8.2827,-0.4754,-5.4317,10.557,-7.0141,-6.5402,11.965
54.327,-21.403,27.209,6.5733,18.064,17.531,-9.6884,-1.3113,-2.5192,24.403,-7.3378,-9.6199,2.6066,10.102,1.144,33.487,68.244,20.872,-12.015,-19.419,20.719,14.593,-28.241,-0.7989,-5.7849,-7.5191,-13.325,-7.5246,-9.5567,0.62327,10.591,10.574,6.8473,-11.186,3.2617,13.969
52.898,-23.942,26.883,8.8787,26.307,16.977,-16.673,-7.603,-2.7991,24.646,-8.5155,-0.3871,-12.036,9.0681,-22.723,14.765,32.656,15.843,-4.6837,-10.812,35.242,7.485,2.1288,10.977,-1.0516,-3.9,-7.5476,-16.241,-28.72,-2.2027,15.112,13.799,1.7647,-4.3871,12.699,5.7472
52.628,-21.078,20.902,3.3492,28.422,22.873,-10.336,-1.3484,-1.8395,26.233,-6.2082,-3.8097,-3.9483,7.6464,-20.101,-23.634,-8.1049,12.01,16.586,16.294,28.313,13.874,3.5434,7.3531,3.845,-2.6274,2.8746,-11.227,-27.77,-5.9322,6.9873,6.568,-7.5284,2.3128,14.298,-0.57221
50.899,-19.924,18.085,2.5223,21.603,20.638,-9.2458,2.6685,9.1291,31.886,-2.1915,-6.562,5.1812,6.5807,-13.059,-18.259,-40.781,11.121,34.552,12.04,22.158,18.06,23.74,1.2063,6.3889,-5.4178,11.051,-0.65219,-11.089,-5.0816,-1.6094,3.9353,-16.376,0.77979,6.195,-7.7828
53.352,-19.589,21.557,-2.0654,16.363,21.706,-5.1092,1.7001,5.6733,27.72,-8.7281,-2.8559,13.223,-1.7917,10.685,-6.1344,-33.885,-6.4281,3.3037,1.9948,-10.382,20.87,32.444,1.2256,1.3698,-7.4774,10.878,10.097,6.1447,-4.3665,-9.1756,0.54012,-16.661,-6.3161,-1.5611,-10.765
55.126,-21.396,20.026,2.4566,11.945,23.121,-2.0107,-3.1074,4.5236,32.933,4.6144,-0.26083,11.323,-13.302,17.138,2.754,-9.9006,-0.34614,-6.0896,16.014,-27.289,7.8862,18.654,-24.873,-4.8629,-7.6702,9.2032,8.1852,18.065,0.046547,-4.5516,4.646,-13.266,-18.912,-17.013,-4.8652
57.126,-21.238,25.275,0.31483,16.308,18.417,-12.302,2.5369,-4.7277,36.145,6.6107,-6.3475,-0.17012,-19.799,19.189,16.346,7.1782,-4.089,-8.9715,17.008,-30.27,-12.62,-1.7191,-33.433,-7.2225,-4.2231,1.4331,3.5468,14.399,4.7283,6.7019,5.1635,0.79284,-22.648,-21.784,7.8496
54.673,-25.751,24.796,2.7092,16.68,22.109,-8.6944,10.257,0.68505,31.617,-0.534,-17.253,-12.437,-22.767,28.705,11.427,29.009,10.184,17.932,27.763,-34.226,-59.756,-44.243,-5.7905,-2.8551,-0.26046,-3.8338,-4.2986,3.5919,0.69288,4.9597,-0.81946,8.6915,-6.2381,-9.4567,18.465
53.494,-27.311,28.767,5.9816,17.584,20.167,-6.2531,3.5216,-7.5423,22.068,-7.0135,-11.076,-11.01,-18.175,12.067,7.2633,18.654,11.948,24.802,21.938,-2.9492,-58.551,-45.026,30.933,1.6729,2.6893,-10.127,-9.7919,-8.235,-0.96848,0.42046,-3.0041,11.855,13.643,4.3368,9.4423
50.724,-29.743,32.633,5.3365,25.812,27.338,3.9308,10.282,-11.182,10.093,-10.695,-0.79172,2.4673,-15.416,1.5296,-14.198,2.3209,-4.9004,1.8222,9.4518,2.5081,-0.33876,-6.9761,35.269,3.5731,3.6048,-16.174,-7.5416,-17.121,-7.5068,-8.5916,-8.4215,10.897,24.618,11.614,-7.7934
53.595,-28.329,27.39,2.6328,21.07,21.777,-6.2131,13.494,-0.26872,17.631,-10.822,0.88838,0.74216,-10.028,-17.86,-19.801,-20.653,-1.3893,1.1856,11.143,10.638,25.886,1.3314,-6.7507,0.11127,2.461,-11.624,-2.1664,-14.634,-8.4962,-2.2548,-6.9219,0.45231,13.333,5.9611,-11.428
55.856,-32.95,26.249,-2.7152,16.098,18.854,-7.8033,9.9971,-1.6977,33.666,-2.1178,-5.6003,-0.4473,-8.8161,-37.201,-12.749,-36.941,-20.681,-13.218,-8.9467,13.466,21.114,-9.3505,-25.916,-3.5998,6.0351,-4.0665,8.9491,-4.6829,-5.1535,6.6168,-7.0031,-9.0391,-11.314,-0.26408,-0.60131
51.299,-30.721,23.029,0.10693,12.115,23.714,0.20677,9.2356,-6.9657,23.225,-10.636,-12.047,-8.9963,-9.1703,-26.687,-4.2928,-34.883,-22.642,21.048,-3.4723,-6.1666,-2.6136,-14.034,4.3855,-0.13832,7.2474,6.5387,12.382,8.1452,-1.6225,7.3761,-5.2051,-14.262,-12.411,6.522,10.615
51.649,-32.955,16.213,0.225,11.819,16.029,-5.8879,7.9375,-1.1005,17.854,-15.463,-7.2818,-10.663,14.33,-14.389,22.794,-13.978,-20.041,24.975,-18.256,-34.285,-42.657,-0.61403,26.695,3.1285,11.975,13.837,11.529,15.425,5.688,5.4036,1.5245,-10.098,-3.5929,11.51,2.2496
51.201,-32.912,19.064,-0.98372,5.7679,11.868,3.3535,12.787,-3.6506,24.231,-11.166,3.9219,5.1582,14.636,3.4275,24.335,8.5919,-9.8218,18.97,-10.228,-36.796,-4.2823,29.573,20.019,5.2318,10.786,10.18,8.6021,13.717,8.5713,-6.9275,-0.99354,6.5933,6.2408,6.4379,-13.116
50.574,-24.689,21.037,9.227,12.283,14.756,3.1107,-0.90664,-20.498,11.835,-2.1598,-0.23761,8.1182,39.155,16.925,30.58,18.445,1.3485,14.84,2.0536,-21.709,3.9839,26.397,-22.485,2.9901,2.2176,4.9268,-0.98737,2.1894,7.1892,-7.6065,1.356,24.139,16.143,-5.0832,-16.261
54.415,-27.536,22.33,7.7736,16.179,19.439,5.1923,8.5438,-15.665,24.093,-2.5014,-5.5599,7.7722,32.346,8.5552,34.824,17.49,9.5196,-8.5216,-18.595,20.512,5.2701,4.6503,-36.603,-1.2476,-2.3843,-0.53422,-7.8354,-8.9506,1.6207,-4.4871,-3.1757,21.72,9.2358,-9.0509,-2.4939
54.101,-16.065,23.042,11.136,15.836,12.917,0.61241,11.086,-5.9476,19.914,-6.5969,-13.783,2.9811,16.563,7.6813,12.612,-7.4804,6.2342,0.68782,-7.2925,57.755,33.28,-13.568,-26.299,-1.7864,-9.9975,-4.7583,-10.677,-8.5129,-2.8906,-1.0327,-2.3346,6.7567,5.3294,-3.7157,11.341
53.324,-21.051,22.339,15.474,12.736,17.548,0.34181,-2.5066,-0.67006,22.826,-6.6225,-7.6066,1.4887,14.01,5.3782,-5.858,-23.198,-4.1612,3.61,-21.433,32.07,27.249,4.3012,9.4569,-0.47691,-7.1975,-6.5477,-9.8626,0.42334,-6.876,-2.0999,7.9943,-10.971,-6.6864,5.6795,13.008
52.61,-19.651,24.873,11.683,10.264,18.819,5.8799,0.9723,0.88187,29.108,-6.8835,-12.364,2.3278,-1.6646,-5.2778,-2.4644,-3.7748,-6.2642,3.61,-8.2001,6.2956,19.642,7.9931,11.188,2.4732,-4.7677,-7.9545,-3.4374,10.875,-4.4072,-9.9591,5.4085,-16.573,-13.494,10.285,9.2332
55.905,-18.739,24.104,4.5712,7.366,14.408,4.3636,2.884,-3.0448,33.121,-0.20751,-1.5412,5.7142,5.4724,-17.704,-6.95,17.754,-18.611,-20.482,21.831,-8.614,-21.343,22.267,9.695,2.2693,-5.5932,-6.1897,1.0136,13.12,4.7311,-6.5068,0.20654,-12.135,-7.4248,6.3688,-0.70493
53.974,-18.053,19.521,15.355,16.634,11.355,0.40655,4.2907,-1.6123,24.588,-5.8078,-11.222,13.234,-3.0066,-20.55,-4.0287,26.417,-8.5769,-37.061,-1.8819,-4.7689,-9.8947,28.873,19.748,-0.36824,-6.67,3.0894,1.2968,3.8096,10.484,1.274,-9.9717,-6.8423,2.5667,1.9334,2.1593
55.499,-19.113,16.163,10.163,18.428,11.974,-7.1626,6.7495,-3.7299,14.415,3.9731,-3.3301,7.3823,-13.285,-17.934,-0.0075995,27.308,20.651,-8.5883,-23.56,-23.072,4.8928,25.705,1.6524,-4.5121,-8.2881,10.257,4.8273,-3.1365,10.167,9.911,-11.04,-1.7605,10.791,-8.1232,3.4632
59.43,-20.966,18.568,6.8732,17.941,15.748,-6.8878,-1.9014,-1.16,33.514,5.4628,-1.5954,-0.3474,-25.636,10.284,0.54843,10.496,26.526,4.0332,-35.363,-20.687,19.357,15.941,26.006,-5.703,-4.7724,13.078,5.0905,-7.0026,2.6688,10.71,1.948,5.1229,-2.1049,-18.571,-3.1187
56.868,-23.925,15.614,8.8086,20.367,22.537,3.7166,-5.7999,-14.807,31.104,7.0097,-5.5282,-10.056,-24.653,18.163,14.898,10.032,14.67,8.5254,-16.628,-9.4575,17.987,-11.883,23.882,-1.836,-0.085263,7.7203,1.1316,-6.7183,-6.4659,-1.3695,13.947,17.88,-8.3175,-20.389,-8.3468
53.116,-28.466,24.938,16.307,20.913,19.337,-3.0164,-7.1163,-6.417,25.922,0.64443,2.8804,-6.5619,-21.184,26.793,13.971,0.041809,7.7574,7.9326,4.3922,14.038,-26.966,-45.189,-6.9602,2.4559,3.9849,-6.4842,-6.7392,-4.9521,-9.6249,-6.3843,14.753,6.9667,-16.355,-10.029,-15.52
53.628,-27.69,22.06,12.895,21.959,17.515,-4.8356,1.043,-5.8302,27.204,0.44063,6.3729,1.3095,-15.937,12.414,-1.0607,-1.0561,-2.2949,-17.385,26.295,48.966,-13.533,-45.673,-23.598,2.422,2.2418,-14.733,-11.411,-7.1151,-5.0333,-1.4591,3.6513,-8.3925,-19.24,0.49899,-11.585
57.769,-29.676,28.741,11.816,17.166,22.137,1.3546,-3.1268,1.3706,21.98,-13.847,-11.026,6.2497,-10.069,-19.262,-25.168,-8.7202,-13.116,-14.933,16.939,-15.065,-46.655,-17.308,-27.855,-2.054,1.0552,-17.063,-9.8488,-6.6028,-2.7817,3.4102,-7.437,-19.642,-9.2094,11.472,8.0975
55.196,-31.288,19.919,10.524,21.712,19.989,-7.1617,5.353,5.7821,26.308,-8.5811,-10.374,-4.3513,-19.002,-32.477,-22.59,-21.162,-0.059589,12.663,-4.6452,-36.868,-68.366,-23.329,-23.594,-3.1836,3.4129,-5.3276,-3.3035,-8.5571,-3.319,8.8117,-14.416,-16.347,1.5906,10.561,15.096
55.457,-31.701,16.377,4.908,16.676,11.541,-9.3198,-0.80158,-19.756,3.0419,-3.4987,-2.6738,-14.002,-14.376,-36.075,-24.508,-22.919,-7.2687,9.9594,-17.323,-41.253,-45.597,0.9994,33.525,-1.2708,8.9859,11.701,6.8994,-3.0721,-4.6823,2.8132,-5.995,13.612,24.557,2.9237,8.4997
52.609,-36.178,12.003,5.0538,11.622,22.783,6.833,-2.4422,-13.701,2.4908,-16.398,-9.6002,-4.4827,3.2805,-5.818,-17.908,-36.742,-21.814,14.227,-28.655,-19.675,-6.1091,-2.0235,21.194,2.8235,14.413,19.396,16.351,9.457,-6.8318,-3.7426,7.9336,21.165,25.901,-1.9102,-4.1704
52.062,-34.419,14.661,2.2964,10.751,17.106,-0.66303,-7.8906,-9.5141,11.091,-9.4389,5.3495,-0.03848,23.719,25.911,6.9877,-16.291,-25.651,-1.6489,-1.0307,44.397,45.001,-13.342,-7.751,4.6335,10.171,14.388,21.505,15.383,0.54912,-0.80261,16.168,14.092,10.857,-3.4364,-17.024
54.652,-28.289,17.868,2.8755,6.3036,6.3,-4.3766,-5.43,-9.1763,19.229,-6.6227,-3.789,2.7846,34.017,33.509,43.418,22.809,-25.028,-0.24586,26.877,26.132,15.842,-25.709,-23.808,1.136,0.52731,-1.3121,16.629,17.999,9.9908,0.743,13.032,3.8808,-2.3415,4.6689,-6.6362
54.416,-23.786,26.401,9.491,11.19,6.9573,-4.5394,0.17693,0.18046,17.173,-15.057,-9.4549,5.5321,21.11,16.202,52.354,24.222,-2.9161,13.183,35.753,6.3015,-2.2869,-4.34,-29.093,-0.26638,-7.5454,-13.026,-1.8066,4.4765,11.94,3.6824,0.66472,-3.6012,-1.6641,12.271,4.372
52.824,-24.486,22.888,23.166,22.807,15.344,8.6483,6.9623,-5.4825,7.3705,-26.443,-14.102,-1.5881,7.2217,-7.5236,42.553,32.997,16.773,10.526,18.113,18.777,5.8273,16.82,-1.316,-1.2296,-6.5818,-11.58,-20.166,-13.079,7.1564,1.3999,-8.6816,7.4482,14.505,12.845,4.2645
55.742,-25.766,20.252,18.328,14.61,11.126,-0.58417,3.79,-8.2102,15.877,-1.6987,-4.0406,0.81596,-0.6101,-18.704,-1.6126,0.99747,13.15,11.377,6.6748,30.069,41.688,26.748,2.8628,-1.1882,-2.7404,-3.6635,-22.157,-12.488,2.4056,1.5435,-7.3816,9.0485,14.606,2.6911,2.6718
53.195,-23.689,17.18,19.733,21.092,12.602,-1.0913,1.8199,4.4074,22.791,-4.8921,-7.1541,-1.0053,11.968,-6.9377,-30.429,-30.974,2.7213,7.6566,-1.9921,51.49,66.378,22.973,-18.464,1.2991,-0.67911,3.8859,-14.732,-7.3225,1.8423,0.89702,-6.9763,-6.1212,2.1629,-1.2529,7.1482
54.638,-24.49,19.903,10.401,12.546,14.903,6.0189,6.0855,10.27,30.307,-12.459,-11.497,-0.70053,5.0346,-2.4088,-21.94,-6.2335,16.138,22.335,8.898,35.187,40.469,6.039,-7.1605,0.88276,-2.4653,5.6065,2.1724,6.8133,4.2945,-3.0403,-7.0646,-18.644,-15.415,-3.0917,14.435
52.873,-19.139,19.594,11.915,8.352,14.816,9.1751,4.8185,11.022,33.345,-9.5767,-19.606,5.6659,1.0038,3.7583,-20.945,-0.0001628,24.491,9.5323,-17.88,-14.389,17.252,20.91,39.437,1.3905,-8.0236,3.1847,10.482,14.813,4.9187,-8.0514,-2.7453,-25.545,-22.574,-3.6144,16.847
55.552,-25.523,17.841,11.268,17.863,18.088,5.45,6.7397,6.0759,30.834,3.6632,-1.3951,1.8942,-7.4543,3.9808,4.5079,19.577,23.738,-4.7622,-20.704,-30.213,-10.826,12.321,46.087,-0.44699,-5.5058,1.175,8.6806,7.5039,2.5487,-7.9078,0.65123,-16.832,-16.284,-7.5235,-1.1138
55.571,-22.67,20.09,8.8274,18.433,23.255,3.9593,-7.4474,-0.69002,31.154,-2.4981,7.5131,4.65,-21.905,5.7908,8.7571,30.186,23.514,-19.052,-0.91774,-43.537,-20.846,1.7598,39.145,-1.9796,-1.4151,0.2722,5.1898,5.1145,-0.53568,-4.4498,8.9547,-1.3012,-6.6876,-9.0939,-20.513
54.237,-26.452,21.645,14.199,17.294,22.553,6.2457,1.8665,1.0195,25.99,-9.838,-2.0132,-2.4276,-11.04,2.45,6.612,16.193,29.369,-2.9123,3.6728,-34.397,-21.904,-22.003,-12.584,0.043403,4.2863,-3.1636,-5.7436,0.28034,-1.5636,-4.3103,-0.49518,6.9894,5.7967,-1.2819,-19.253
55.856,-29.628,20.587,14.828,23.729,24.34,-0.74888,6.7963,-8.218,25.344,-1.9463,0.27606,-2.071,-4.2788,5.8847,3.9516,27.264,18.997,-13.642,14.705,-18.803,-10.647,-7.3977,-33.793,1.5258,7.4447,-9.0968,-13.339,-6.8097,-8.937,-4.0395,-7.7948,11.278,8.8501,3.9212,-11.009
54.196,-27.564,18.818,11.573,23.312,32.23,6.348,1.4543,-7.3587,22.787,-7.6144,-4.0685,5.4717,5.1642,-11.884,-21.807,22.439,18.179,-29.019,-30.991,-7.6334,13.058,10.49,-13.71,1.4845,4.4267,-11.952,-15.565,-10.786,-20.213,-5.7586,0.13854,4.8469,2.3684,9.7941,1.8432
54.556,-24.253,24.446,12.116,29.057,27.915,-2.9127,0.11107,-5.9022,27.431,-7.3087,-8.3555,8.3296,7.2167,-32.526,-43.73,-6.986,-15.576,-26.197,-22.56,-0.5299,5.9237,5.1194,-15.339,-1.5508,-1.3034,-12.971,-10.624,-14.851,-18.625,7.3752,15.056,2.5692,-5.7241,4.339,4.2722
57.623,-26.557,13.773,4.651,25.85,29.856,-7.182,-10.287,-3.9551,31.475,-1.9118,-4.5524,-0.20517,5.3461,-38.103,-47.37,-20.613,-54.409,-25.428,22.998,-19.299,-18.348,20.709,-12.595,-3.8848,-3.5315,-1.9613,2.9807,-10.323,-8.2588,20.138,21.981,-0.1858,-12.46,-5.9574,4.4508
58.308,-26.523,6.8463,-3.5758,18.967,17.74,-7.0822,1.3868,-10.185,23.962,-2.2378,-7.1514,-6.9867,-10.887,-45.859,-36.386,-25.464,-37.832,21.439,62.99,-0.12367,-23.565,9.1881,-12.989,-2.0229,-1.9854,9.5195,16.07,0.84598,11.378,21.659,3.7698,1.4676,-7.403,-7.7029,10.198
52.217,-23.756,8.5661,-4.2662,18.05,10.113,-4.2813,12.315,-14.867,15.348,0.20451,-10.968,-6.2943,-3.4419,-15.024,-10.576,-19.935,-11.987,47.854,36.138,-8.7655,-34.5,-21.332,7.3693,3.0991,2.8341,17.451,22.962,6.5522,21.471,12.203,-19.69,6.5636,4.2265,-9.9798,8.7289
53.765,-31.097,4.1201,-1.6187,20.225,18.87,6.3563,20.305,-0.50811,23.713,-3.7729,-11.642,1.2595,1.6839,3.5318,18.221,-3.0951,20.103,45.457,-10.28,1.5415,-23.015,-12.375,25.669,1.7106,10.719,21.661,21.582,6.1765,8.7939,-11.709,-27.464,6.7421,10.06,1.4461,4.8872
56.747,-25.991,7.6244,-1.6153,15.254,23.297,10.026,-1.677,-13.176,14.35,-11.81,1.3777,11.167,13.231,24.455,40.137,0.96332,23.977,23.576,-38.815,12.686,2.5099,-18.409,11.721,-1.7311,8.3559,11.479,11.193,1.4088,-3.3923,-21.254,-7.3233,16.033,11.183,9.6802,-5.8187
56.673,-24.564,9.0831,4.2092,18.818,21.2,8.4925,3.2427,-10.259,12.953,-2.418,-0.4898,-7.1646,34.372,42.707,46.17,-5.0311,-11.844,-24.969,-36.851,22.861,8.2318,14.957,9.2711,-2.4724,2.976,0.14624,-2.8146,-3.2577,-7.2957,-18.264,2.2596,8.365,3.3767,2.8546,-7.7532
56.347,-20.407,18.312,12.888,19.235,20.936,6.4389,1.4389,-3.6481,21.982,-9.6772,-10.684,-10.738,21.994,22.783,31.416,-11.923,-12.975,-23.204,12.806,60.74,5.792,13.403,-13.525,-1.6557,-2.5316,-9.2434,-11.729,-2.1827,-1.0137,-5.4775,-0.13499,-10.712,-6.9563,1.1701,-3.5974
50.383,-16.703,20.13,14.214,15.719,14.129,-4.3345,0.32164,6.1584,24.012,2.6394,-0.97596,-0.15002,12.183,5.0989,8.5084,-12.94,2.1003,-22.475,-24.794,19.339,-7.7726,-14.008,-0.47382,3.818,-8.7121,-7.1377,-12.972,3.0258,6.7317,7.3426,-2.4139,-23.675,-4.3295,-5.5337,-5.2291
54.523,-18.924,13.492,9.0902,10.842,20.345,4.8376,6.1867,8.985,11.716,-7.6371,-5.142,-0.61868,11.668,-2.9586,0.32363,-5.9953,11.936,-5.0581,-45.519,-39.111,-24.269,1.9246,-1.3937,2.4782,-6.8712,3.3499,-5.45,8.8549,-3.2271,2.3923,1.18,-19.13,11.674,0.54075,-1.4899
57.51,-19.214,14.042,10.362,16.544,22.545,-1.9444,-11.528,-6.9062,14.2,-10.442,-3.4976,6.8661,-4.0254,19.889,-3.1435,7.1341,9.3595,2.6715,-19.758,-45.587,1.6152,-6.972,-22.94,-0.46808,-8.5745,6.58,-1.3372,8.3902,-12.354,4.6527,25.602,6.6149,23.151,4.4593,0.82097
52.474,-13.317,19.876,14.976,15.824,22.696,2.7148,-15.396,-16.671,14.754,-2.1743,-10.12,-1.855,-4.2583,32.137,9.9925,22.314,-32.74,-23.815,16.189,-2.4459,59.469,12.589,-9.742,0.18901,-10.172,2.1374,-3.4063,3.275,-11.954,4.8079,31.64,18.925,17.679,-5.8612,8.9964
54.84,-21.519,26.882,9.6998,16.794,17.633,-1.9374,1.2339,-3.8067,23.301,-3.578,-9.9571,-1.8723,-22.727,20.451,-3.0119,14.856,-37.333,10.167,72.362,34.081,66.112,2.9564,7.8052,-2.3341,-3.3739,-7.1757,-7.5307,-0.61363,0.4574,7.7486,10.665,5.6925,-2.4428,-10.46,12.116
54.93,-19.901,23.141,14.418,21.874,6.4315,-7.0736,7.9002,6.2123,36.9,-4.7743,-6.7832,4.6955,-29.842,7.4473,-16.774,6.5185,-24.487,15.234,66.619,15.679,31.876,-32.346,28.216,-2.4015,1.3208,-7.1609,-13.905,1.0347,22.747,10.503,-13.164,-13.992,-19.208,-12.87,2.2805
55.345,-27.285,22.635,9.1356,20.948,12.011,8.0333,13.005,-1.3074,36.183,-7.6637,-1.2632,-8.0796,-8.1032,-3.6442,-27.414,11.964,7.52,21.89,8.354,-26.187,3.1974,-36.804,18.662,-3.0449,7.4064,-3.9814,-10.194,7.5748,23.694,-6.3736,-31.155,-16.441,-14.981,-1.7722,-5.922
54.569,-25.355,25.723,6.8712,17.007,13.264,5.3464,12.028,-10.081,24.251,-16.304,-0.3589,-10.759,-4.9658,8.3805,-47.331,28.934,58.571,22.84,-17.626,-42.271,-5.1147,-31.883,-3.768,-1.8784,5.8983,-4.2594,-5.812,4.0059,12.499,-12.357,-26.148,-3.6292,-2.256,10.702,-9.7688
50.981,-22.843,23.769,-0.2339,25.209,17.977,2.7975,3.3468,-8.7531,31.224,-16.215,-3.8382,-9.3697,1.8671,0.07722,-38.704,41.523,39.608,-25.504,-41.289,-19.151,9.7024,-6.1363,-5.8128,2.2447,-1.4932,-5.1277,-0.078573,-8.7713,-9.3882,-12.386,-1.32,12.209,2.2707,12.646,-6.0184
51.733,-24.605,26.764,-4.5632,34.21,32.734,6.9644,3.9161,-11.2,36.822,-16.44,-7.3797,-4.0513,-5.3356,-15.711,-40.189,11.768,21.964,-22.853,-39.3,-5.9849,17.343,5.8292,-8.391,0.86574,-4.4292,-4.725,9.9015,-18.279,-25.603,-1.58,19.055,14.275,-5.9452,8.2355,-3.5378
52.079,-26.727,22.154,-4.4991,33.108,22.08,-5.5278,-3.5834,-10.323,34.749,-10.664,-0.65927,-0.20975,-15.384,-17.237,-31.378,-23.31,-21.117,-17.194,12.591,16.716,3.3218,7.5702,-9.1183,-3.1878,-4.1683,3.2422,14.382,-11.116,-12.255,17.07,29.724,6.173,-13.642,-0.55288,-2.3453
51.995,-26.081,18.676,-11.091,18.942,22.194,-1.9176,-4.1567,-12.289,31.161,-16.165,-6.1439,-11.01,-18.486,-6.5873,-1.4869,-30.045,-39.082,10.785,50.71,11.169,-31.65,2.4415,-19.804,-5.0752,3.4137,10.478,17.998,6.4946,-0.15345,15.241,16.422,-3.0806,-9.9342,-2.2967,6.0253
50.745,-29.798,19.195,-12.659,21.188,12.688,-1.3586,13.679,0.14931,35.716,-12.567,-9.0153,-21.829,-12.4,11.726,13.853,6.8506,8.8546,43.026,62.325,3.1375,-34.009,-7.2069,-11.832,0.0082176,12.109,14.295,14.794,15.536,9.4566,2.6424,-13.12,-17.223,0.9654,-2.498,11.382
46.895,-32.313,24.95,-1.2266,25.147,17.889,10.273,20.64,-10.852,20.513,-14.268,-13.104,-18.618,10.24,22.198,27.187,29.161,6.2104,23.241,17.942,-14.599,-13.662,1.734,23.092,8.3854,15.909,8.6106,4.2181,8.1925,-0.11446,-15.321,-29.165,-15.235,11.469,-0.033917,13.665
43.714,-29.811,24.88,-2.5045,33.431,28.66,9.8901,15.181,-9.4729,23.068,-15.216,-3.0955,3.635,30.8,39.845,28.254,24.767,3.5194,-10.21,-36.624,-56.515,-0.84515,-4.566,26.344,11.759,11.55,-1.3222,-2.5678,-9.4655,-18.518,-23.466,-22.623,-0.15108,7.9375,0.59187,4.4829
46.201,-20.954,26.932,-2.5747,27.401,17.314,4.0786,4.0633,-14.777,30.654,-13.974,2.4424,18.185,39.458,22.407,12.403,1.9591,-36.986,-39.204,-45.642,-35.18,9.1124,0.95147,29.434,6.5936,-2.1135,-11.45,-6.8508,-14.062,-8.1849,-9.3713,-0.83811,23.541,3.8436,-2.5574,-7.9577
52.909,-20.077,38.126,2.1421,32.445,14.735,-3.3664,3.6548,-26.146,30.223,-14.997,-3.6165,18.567,30.741,5.011,8.4059,-26.876,-62.139,-43.083,-18.997,12.673,-5.709,-3.8563,7.4109,-2.9052,-11.97,-19.728,-6.5843,-9.6227,11.405,8.8021,11.758,39.142,2.7397,-0.88934,-9.5607
51.39,-17.451,29.53,2.6516,26.619,6.3577,-2.7011,3.5818,-20.106,21.492,-13.901,1.8738,6.8846,-0.29744,-17.634,2.857,-15.326,-1.8847,-7.1785,4.938,68.512,7.9876,-11.408,-7.2297,-5.2639,-14.602,-10.627,-3.5685,2.8209,31.284,13.49,7.6986,22.913,3.9489,4.7721,-7.1216
50.404,-16.192,26.086,-0.91471,20.384,3.068,-8.2617,5.923,-0.47234,24.794,-17.18,0.89424,-5.241,-9.172,-38.774,0.10612,-14.704,42.993,17.788,-3.1226,87.35,13.416,-2.8331,-3.1276,-1.2222,-8.0732,-1.1727,-2.2207,10.367,27.942,7.3735,-2.1108,-6.218,4.4543,15.672,3.4716
50.897,-23.045,24.135,0.38225,25.769,22.205,2.937,5.3982,6.642,37.362,-18.586,-3.4278,3.7692,-13.597,-8.8363,-1.2895,9.9777,66.868,-2.1886,-15.086,42.046,19.294,24.3,-0.90454,4.1895,0.81839,6.1015,0.73627,5.8795,0.35778,-7.6109,-7.5727,-27.793,-2.9316,14.785,7.9962
50.535,-21.865,21.436,3.3299,25.518,28.308,2.7087,1.1853,4.1555,28.996,-14.071,-2.5295,14.013,-2.9755,-5.2518,-0.62447,12.308,43.196,-8.7106,-19.539,-5.1847,10.909,56.648,21.606,3.3745,-0.43824,10.245,4.1899,3.8755,-12.584,-9.6781,-2.8693,-27.651,-8.6722,-7.9224,-1.246
53.208,-21.413,27.437,-0.11542,29.041,27.172,-9.2807,-1.5924,-1.3963,29.038,-3.3058,3.1334,18.205,0.69631,-3.8883,6.9037,0.56587,-0.19717,-31.984,-24.717,-24.188,-5.4171,32.777,20.384,-3.6202,-4.562,3.7715,6.865,-1.9142,-9.4739,2.9952,6.663,-8.5345,-14.84,-28.107,-12.582
56.254,-18.497,21.809,-0.97811,24.902,22.183,-6.5082,-0.35136,0.95444,34.411,3.5035,8.4168,4.4136,-18.51,9.9783,16.959,9.3798,13.604,-15.705,-12.654,-17.789,-17.59,-46.683,-20.002,-9.6555,-6.8133,3.8261,4.9652,1.6207,1.0688,10.158,15.118,6.4742,-12.656,-29.683,-18.712
57.139,-24.382,22.005,5.9881,26.36,25.169,-8.4463,-6.192,-3.8516,31.946,-10.985,1.2912,-9.5318,-28.64,2.406,24.244,1.8709,34.294,16.284,14.786,5.676,-40.657,-64.57,-43.012,-7.9876,-1.9567,1.6431,-4.8575,-0.10232,-2.9629,13.112,17.872,9.161,-0.37633,-0.88281,-4.5978
50.777,-29.636,29.142,8.7577,31.548,36.112,-5.5608,-2.8417,-3.5115,18.747,-33.574,-11.609,-20.396,-22.374,10.732,15.532,19.759,31.294,17.944,36.3,12.254,-34.753,-43.095,-40.254,-0.031092,6.5794,-6.2237,-16.217,-8.8267,-20.514,2.6335,6.3383,3.6368,17.406,31,15.813
51.181,-30.163,24.974,7.1385,26.653,37.354,-1.6122,7.046,3.6747,16.541,-17.052,-8.3595,-9.3284,-7.155,3.9507,-16.67,-5.1352,-23.856,16.753,40.164,6.5951,1.2828,26.569,7.5215,3.9698,7.3834,-7.5582,-20.293,-13.235,-25.336,-8.0937,-8.6694,-6.1436,20.924,25.638,18.521
49.036,-26.793,25.69,6.2124,34.635,31.737,-0.95302,11.18,3.3184,24.737,-15.01,-6.8851,4.1565,3.6447,-21.913,-43.671,-31.251,-59.888,-2.7717,6.3494,-0.064534,48.47,62.749,33.798,3.3176,1.488,-7.6063,-16.131,-14.684,-10.624,-5.8998,-14.36,-10.636,11.434,8.9995,11.423
53.346,-29.381,25.706,-1.0742,22.249,15.428,-2.3736,6.8791,-3.969,29.593,-6.9822,2.6897,-1.9587,-4.7321,-19.063,-47.62,-38.798,-46.796,-13.826,-13.585,-18.883,22.35,10.698,12.568,-3.3223,-0.012365,-1.1452,0.27364,2.0601,12.33,1.4937,-3.7299,-7.5076,-6.1609,-8.4678,-2.3276
51.773,-28.205,17.82,-8.9716,18.125,17.131,-6.566,0.41642,0.2781,36.457,-7.2338,-0.23501,-7.4927,-16.145,-15.793,-49.65,-36.827,-10.355,3.7352,-8.624,-28.188,11.882,9.8379,14.339,-4.2992,3.6112,9.3518,16.739,14.627,15.775,5.226,7.97,-2.658,-16.184,-9.1015,-7.8543
48.833,-31.823,19.378,-9.0793,15.509,21.259,-5.7188,5.6351,-4.2464,21.857,-15.591,-5.4005,-20.115,2.6781,-4.8352,-12.312,7.9537,13.03,20.968,29.001,-16.881,-11.227,10.686,5.6132,2.4232,11.033,9.8205,24.294,16.565,6.677,3.4276,3.6962,6.0417,-7.7073,-0.46394,-9.3629
47.545,-33.644,20.958,-14.61,19.591,23.644,2.5872,7.4898,-10.637,34.545,-5.7868,4.3293,-8.261,17.996,17.733,22.372,18.51,-10.927,5.9612,24.906,-14.355,-15.661,17.248,-1.9961,8.1664,12.417,4.9326,23.89,9.1545,-4.0779,-4.9963,-7.2659,12.719,-4.7622,-5.9988,-14.752
45.402,-25.322,21.719,-4.4112,25.493,18.686,3.5339,17.843,-6.9522,24.934,-2.3629,3.2141,10.542,33.362,13.277,37.838,16.36,-13.125,2.1987,-11.869,4.4097,-2.4148,4.6732,-26.079,8.8388,4.2109,-4.6061,7.3555,-3.7923,-1.7335,-2.5296,-11.091,12.756,2.2492,-7.0509,-12.926
49.358,-22.457,25.516,-0.11985,22.388,12.954,-8.2117,6.7657,-5.5467,27.087,-5.2241,-5.5404,18.011,30.597,-0.18584,44.727,4.7423,-17.668,-11.862,-24.519,24.76,-16.336,-17.15,-43.577,2.6503,-3.397,-9.8969,-7.5446,-7.9991,6.6311,8.7794,1.4814,6.7493,1.8775,-1.953,0.032653
53.198,-20.735,23.737,2.5945,22.291,20.042,0.77999,0.062506,-4.5867,24.378,-13.536,-13.505,10.943,17.432,-18.906,13.288,-4.1242,7.7325,17.231,-1.7416,27.342,0.35575,-7.3699,-38.226,-4.5907,-6.8858,-5.1139,-11.786,-10.537,1.4026,6.373,13.592,0.80426,1.0902,8.763,15.222
52.652,-20.639,19.856,4.2505,23.564,14.133,-1.9666,4.1206,0.56031,26.656,-8.775,-9.0994,4.7899,8.9756,-15.66,-3.0766,-11.243,11.8,42.342,27.249,7.9253,-7.659,13.505,4.2405,-3.8902,-5.8862,3.7045,-9.2369,-7.8214,-1.6156,0.073026,8.4139,-6.1462,2.1387,11.585,23.434
49.226,-17.515,15.096,0.047491,22.843,21.963,9.027,18.295,3.6651,25.328,-4.2723,-14.119,-5.8016,9.7436,-4.5555,2.8083,-28.33,-20.846,6.9622,30.206,16.848,-1.302,33.161,26.122,1.7077,-5.6847,10.295,-2.6612,-1.2724,-3.2493,-12.956,-10.106,-7.4739,1.1668,3.0153,23.069
53.739,-19.58,22.006,-0.38467,16.49,17.894,8.8356,11.274,-5.7099,22.783,-3.1037,-3.1131,6.9316,5.0104,11.161,3.7817,-22.262,-11.456,-6.362,1.5767,-0.72449,-4.8131,20.511,41.419,2.9541,-5.8547,4.9457,1.1298,8.3593,9.6055,-12.993,-18.326,-0.096239,1.5854,-11.007,3.6079
49.754,-16.393,20.384,6.3162,11.663,7.7383,-1.14,11.589,6.9726,25.664,0.20852,-3.4377,18.41,-9.0088,19.157,-3.4473,-4.9769,3.1144,-23.195,-39.437,-5.703,4.7668,4.2034,58.53,3.2313,-7.9883,-0.62444,1.0478,15.203,25.014,-1.033,-17.693,-3.0285,0.96406,-20.189,-14.8
55.854,-18.694,22.792,3.007,18.023,15.517,-0.064091,8.2618,-1.4557,24.081,-0.75973,6.2693,7.4543,-10.922,-2.7879,5.7001,18.877,47.848,-7.5471,-29.561,18.72,-2.7666,-27.051,6.0756,-3.5344,-3.1275,-6.3711,4.7782,9.4592,17.163,2.6417,-9.2819,-0.36335,-2.2768,-17.982,-26.755
57.373,-22.462,24.281,-3.372,19.588,24.709,1.8795,0.08247,-1.3136,27.062,-3.3426,10.455,10.094,-22.232,-0.70306,7.0881,27.116,74.571,2.3898,-42.688,-8.0164,2.495,-44.004,-30.208,-6.5316,1.2265,-5.5912,8.84,3.121,-0.37496,3.337,9.0315,1.1835,-4.6158,-10.177,-25.107
53.656,-22.006,18.664,7.3095,21.965,33.332,3.5523,2.2471,7.793,20.7,-14.854,-7.0215,-6.5823,-4.0158,-10.764,22.405,8.9875,38.631,-5.9457,-43.207,-1.3846,-15.061,-45.293,-47.986,-3.4219,1.1089,0.22825,5.7461,-5.899,-23.301,-1.1502,15.588,0.83011,-2.1285,3.4325,1.5686
55.9,-25.853,22.097,7.709,23.249,36.116,-1.7533,-6.7478,-1.66,28.602,-14.747,-11.896,-7.2296,-6.3293,-4.8112,32.4,15.573,5.8479,-7.3107,12.544,10.266,-12.165,-37.563,-39.974,-2.7165,0.81927,-2.0244,3.9489,-10.224,-32.563,-6.2206,15.269,11.042,-2.0755,10.628,21.366
53.3,-19.007,18.502,8.6689,20.686,29.129,-1.2206,-9.9265,-1.9748,15.781,-17.704,-6.5481,-0.99391,-13.328,0.40737,21.775,-4.8465,-34.298,-8.4479,20.762,13.729,-6.0789,-13.109,18.802,0.80956,-3.1082,-4.2022,-5.06,-11.949,-22.237,-7.1575,2.7695,8.484,2.9214,12.881,24.647
53.937,-27.126,21.956,12.148,28.014,29.734,0.61055,12.441,8.7036,23.44,-20.699,-9.7691,-6.2831,-13.479,-16.411,27.148,-17.086,-51.781,-27.462,1.6702,39.638,-12.374,-6.9579,43.231,2.2656,1.5675,-8.1438,-17.072,-17.498,-10.738,-6.8632,-14.968,-2.3842,-3.3707,9.9688,14.727
54.141,-28.033,18.938,15.977,17.16,19.374,-1.8536,3.0333,9.4756,20.242,-18.432,1.3157,-3.0077,-15.982,-25.975,-0.26918,-34.426,-43.737,-31.658,-23.923,26.35,-0.34998,3.8082,33.645,2.8948,5.6362,-6.1105,-21.731,-10.207,2.9791,-0.94122,-9.4584,-13.242,-5.841,6.7043,-7.509
52.338,-28.08,13.674,17.629,16.469,15.103,-15.168,-12.393,12.434,20.184,-17.861,5.7871,5.1054,2.835,-32.339,-41.938,-57.129,-43.123,-30.022,-39.954,-7.9651,-31.883,3.8223,26.241,2.3638,8.5909,3.6984,-15.624,-0.92229,11.297,10.553,3.2102,-19.832,-0.80762,11.895,-14.661
52.596,-26.521,9.656,5.7941,9.2454,14.576,-9.1602,-9.4708,9.335,17.233,-17.219,2.4963,7.786,6.6955,-22.181,-52.337,-35.861,-23.732,-11.874,-5.7182,-28.681,-25.529,15.022,-10.249,1.1211,9.3983,14.757,3.988,14.363,17.585,15.171,9.3916,-19.519,5.3164,15.358,-11.991
57.262,-26.465,10.428,-3.7292,3.4066,10.572,-10.747,-1.2836,4.7913,9.0024,-19.394,2.7614,0.13887,18.136,0.18408,-24.94,-20.98,-5.2974,15.41,8.6189,-32.005,-3.8224,46.911,-8.1299,-1.9973,6.1326,18.498,21.767,25.404,20.987,15.506,9.1608,-11.949,11.147,13.007,-7.7965
55.572,-25.493,9.4702,0.48759,5.7605,9.7735,-10.001,-5.3803,-1.0435,13.068,-10.155,-2.2956,5.0811,23.359,31.55,11.172,19.315,25.275,21.481,-1.2509,-59.223,12.202,59.056,-9.1256,-0.88823,2.8904,13.499,17.229,17.969,16.553,8.1353,2.4195,-4.236,3.2759,-4.3355,1.5019
50.919,-19.526,13.859,7.8118,7.722,14.855,-7.0426,-10.129,1.6204,20.356,2.0619,4.1181,-3.5286,25.166,33.286,35.14,42.3,37.307,30.829,3.6164,-52.441,4.9876,46.841,-13.302,1.9458,-5.5696,1.7823,-0.68253,5.6047,8.9429,-0.51788,2.5409,5.5487,-1.9973,-22.179,1.2586
58.308,-18.312,23.716,5.6095,16.745,25.072,-0.27194,-5.6738,-18.691,17.658,1.5812,-2.7449,5.1786,17.632,28.761,3.7658,22.342,37.73,21.093,8.8808,-39.643,-13.555,-6.6208,-0.15256,-0.13598,-12.611,-11.847,-10.543,-8.4434,0.11285,-2.7087,3.5286,26.307,0.97182,-27.518,2.4887
54.13,-17.472,19.948,11.28,19.064,21.577,-0.19728,0.67135,-12.605,9.2013,-1.8417,-3.6652,9.819,-6.8482,10.49,-24.65,5.5306,33.19,13.014,16.257,-14.052,-0.93069,-31.145,-6.3236,1.2413,-12.583,-11.719,-9.1834,-13.444,-6.1064,-4.7645,-2.7921,29.504,10.081,-16.901,1.0609
56.556,-17.703,20.806,0.63637,11.26,25.278,-2.8772,-6.3398,-13.752,11.868,-11.513,1.5197,-2.2725,-23.689,-16.288,-11.649,-4.5168,27.898,16.845,10.072,53.12,20.02,-39.543,-0.17123,-0.98819,-3.4793,-6.3972,5.1667,-4.9891,-15.708,-6.4622,-3.5704,23.218,16.758,2.3805,-7.7088
56.705,-23.254,20.558,-2.0267,13.23,31.347,0.76722,-1.6668,-7.875,22.785,-6.9634,-1.176,6.4035,-17.085,-2.7841,-3.0693,-11.491,11.691,9.1301,-10.939,48.7,38.605,-21.203,-7.9888,-0.63258,9.1571,2.3443,10.544,1.5956,-22.751,-10.948,-1.8968,6.3506,10.145,8.6631,-8.8536
55.884,-27.266,15.267,6.4382,17.404,34.135,7.6682,0.5311,5.5037,20.876,-15.629,-4.0751,1.9454,5.3546,3.4126,18.809,5.9071,-30.063,-9.276,4.6271,45.071,50.469,0.3108,-37.864,-0.21759,14.195,3.6017,4.3372,4.9485,-18.304,-10.643,2.7366,-13.573,-2.6621,8.5331,-7.8613
57.667,-21.234,21.326,6.8444,10.247,22.994,-0.90496,-8.2338,2.1172,24,-10.385,-4.8622,4.5471,24.415,12.361,12.839,8.2967,-51.585,-28.664,9.4959,21.726,34.572,-7.7566,-31.746,-3.5082,6.0256,-4.9872,1.701,6.6356,0.46228,-0.53446,4.9233,-14.59,-18.086,-1.4777,-2.775
57.047,-16.036,22.129,5.6051,15.705,14.423,-6.6792,-0.74277,3.7874,36.495,-9.6471,-15.569,-2.4322,26.533,-5.8519,2.0824,10.331,-31.983,-17.474,13.537,-1.2581,8.7256,-3.6006,-27.599,-2.8892,-6.4457,-7.5868,1.9658,2.0489,20.138,9.6692,-2.8808,-10.591,-26.893,-8.6733,7.264
58.397,-16.661,23.307,4.8094,18.228,15.411,-6.3909,3.7181,3.8459,32.262,-13.833,-11.302,-8.9489,2.4534,-23.088,13.799,19.474,14.963,10.557,9.2219,-1.084,-30.955,-26.636,-26.996,-2.9991,-11.199,-5.643,6.1645,0.92133,21.125,9.4895,-11.706,-5.0998,-18.342,0.067665,13.892
54.303,-16.285,11.35,8.497,18.579,21.935,1.674,1.3237,4.0103,21.108,-15.706,-14.655,-5.7525,-15.893,-16.797,28.158,10.563,37.352,19.46,-9.6401,3.5185,-51.231,-33.616,-3.9184,0.51511,-8.3038,2.3766,3.2505,-2.7109,3.4868,-4.6865,-15.438,-1.9621,-2.7068,13.091,22.389
54.565,-19.882,15.171,12.298,18.547,26.719,0.19689,-4.6561,1.4638,16.216,-20.674,-18.817,-8.7882,-10.365,-10.382,30.624,12.788,19.372,0.31672,-37.447,-6.1615,-27.157,7.5895,25.872,2.5885,-0.40083,1.1793,-5.2144,-9.0775,-18.357,-13.642,-5.5047,2.3321,8.9117,20.633,21.039
56.087,-22.372,17.798,15.94,20.827,27.445,-0.24315,-1.3758,6.7377,18.902,-23.035,-13.771,0.062961,-8.5763,-0.32197,9.9222,0.12029,-16.753,-35.787,-40.317,-8.5299,-6.7074,44.744,57.913,2.9574,0.56405,-4.0261,-13.744,-14.413,-23.764,-11.557,6.3211,4.8739,8.8723,16.598,9.5223
53.111,-18.8,14.892,16.4,23.498,22.342,-5.274,-13.656,-0.59857,19.786,-6.3737,1.1922,1.086,-3.2092,-25.429,-3.1555,-20.692,-49.769,-30.032,-2.9634,16.6,-8.6586,37.349,47.284,3.001,-4.5126,-4.2364,-12.401,-14.355,-10.333,-3.4806,11.904,3.0084,-4.013,-5.181,-6.6097
55.062,-21.115,11.328,11.407,16.164,15.747,-13.484,-14.335,0.77646,15.969,-0.48399,4.2971,4.0974,-16.651,-29.404,-23.671,-44.763,-46.899,-23.148,4.7238,16.507,-16.119,34.494,32.987,0.056711,-5.3355,-0.34607,-5.1892,-3.9757,11.131,9.2666,8.1396,-2.9786,-6.5799,-14.899,-11.732
55.62,-22.116,5.6919,12.987,10.532,7.6838,-8.1988,0.34173,12.745,13.353,-13.274,-4.2093,4.1997,-28.89,-17.022,-14.587,-36.547,-17.217,-23.405,-0.44524,-3.6379,-42.516,-13.191,5.287,0.43265,-1.4191,9.7814,1.8422,12.229,28.493,15.254,-1.5915,-10.732,1.9643,-10.924,-5.9949
56.881,-29.039,7.6965,5.8108,4.9283,11.325,-10.355,-6.0125,8.3196,14.059,-2.3373,5.4239,-1.2103,-22.413,-6.2555,-10.308,-11.83,22.624,7.2329,-0.87789,-13.304,-22.678,-4.4826,20.254,1.4268,8.8523,12.325,10.755,21.22,28.4,19.966,-0.081407,-5.0758,11.232,-10.486,-4.8261
54.301,-29.283,8.197,11.905,10.842,15.944,-18.541,-18.039,-6.1891,-0.51746,-12.042,3.2723,5.9031,-7.4232,11.904,-0.62616,23.985,57.934,31.045,-8.1203,-22.157,4.4422,2.219,23.676,0.042433,15.791,7.7467,11.345,15.015,14.212,21.042,3.9376,8.5857,17.015,-2.9152,-6.0933
55.116,-28.738,6.9479,6.7939,10.094,22.929,-4.6963,-5.5832,3.5916,11.565,-3.3413,10.683,10.38,16.877,17.758,23.121,31.072,57.525,49.457,8.1543,0.38727,16.563,-25.643,-0.33757,-1.046,12.446,2.8246,7.1165,4.1566,-2.9627,6.8876,5.4701,14.394,6.7191,-7.0589,-14.42
59.454,-25.978,12.018,12.182,19.942,30.849,4.4945,-3.9331,4.0304,16.821,-11.663,4.999,-1.3832,30.418,9.7042,25.422,17.076,36.394,60.695,14.727,32.445,22.938,-17.187,-14.884,-4.7311,4.5836,-3.2886,-3.8294,-8.1186,-14.739,-6.0011,5.6389,9.9399,-5.4372,-2.0925,-9.6446
59.494,-22.253,14.665,17.233,15.915,32.635,2.8556,-8.9886,3.4035,13.672,-15.348,4.3918,-2.7972,20.895,8.9673,12.251,12.407,18.581,26.846,15.049,31.365,1.67,-30.074,-32.564,-4.6093,-3.2857,-6.4289,-13.193,-7.6385,-17.941,-12.869,2.4047,-7.013,-10.654,5.1883,-2.5369
51.42,-17.316,9.1904,19.396,16.47,29.288,8.0305,-8.9734,10.128,9.8982,-14.632,-1.0238,-11.164,13.486,-0.1436,-14.338,-7.2759,3.7132,12.345,16.627,12.054,-15.297,-6.0278,-8.4336,1.1695,-6.4359,-0.96574,-13.049,-2.0923,-14.535,-16.664,2.3128,-23.84,-9.0511,5.8406,3.1525
57.734,-22.621,12.845,9.312,18.034,32.999,6.9588,4.4616,16.225,15.862,-16.894,-2.5875,-7.7763,8.9147,-9.4621,-22.964,5.0556,-15.841,9.2867,19.228,-24.482,-17.591,-5.2808,-16.247,3.1594,-2.7242,5.329,-4.3029,-1.937,-13.835,-11.492,1.2817,-20.736,5.4789,9.6057,1.6358
54.752,-19.051,12.856,8.9733,15.244,32.523,8.6153,-2.3448,3.6466,8.0776,-13.904,4.2719,6.9539,4.2285,14.09,-22.217,10.29,-19.068,-13.846,24.201,-58.829,-12.687,-0.3805,-7.2798,7.2156,-2.501,9.0142,4.4069,-2.6274,-11.695,-9.6539,0.96926,-2.4066,15.867,4.5508,-4.3717
53.94,-16.928,8.1013,10.962,19.055,23.097,7.2065,-2.6891,-5.5972,5.7866,-18.353,-6.3795,3.9411,11.903,28.495,-5.3247,-6.0608,-39.203,-17.52,17.67,-36.872,27.76,15.131,-24.962,6.4003,-3.3312,6.2606,7.5209,-3.9761,-0.77582,-6.6232,-7.0024,12.011,9.3007,1.6508,-0.63728
56.794,-18.048,18.608,7.4629,21.104,24.706,0.98352,6.7025,-8.3756,8.5922,-14.093,-2.7677,19.055,-0.51322,25.949,-1.123,-14.855,-43.08,-22.521,22.252,6.2165,41.362,6.5205,-25.935,1.4809,-4.8966,-5.6271,7.3576,-0.30038,12.112,1.8906,-19.659,13.835,0.14417,0.95903,1.994
58.684,-17.171,24.217,7.4049,12.073,17.307,2.0146,8.7731,3.8003,29.484,-9.234,-11.549,18.174,-5.3704,15.912,4.0937,-2.2522,-7.7142,-19.492,-14.81,3.0483,1.8882,-0.47746,-10.106,-3.0967,-6.7602,-10.9,5.2425,6.9961,22.845,3.5691,-18.109,3.3065,-11.297,3.0499,9.424
61.908,-19.187,17.773,10.19,11.308,13.879,-0.04932,3.0499,2.0562,16.91,-15.203,-6.1109,7.2419,-11.618,-7.7535,9.862,6.8842,25.748,-3.4076,-57.852,-9.6136,0.96931,12.219,-4.7381,-9.191,-3.2143,-12.652,4.4915,6.8197,15.595,6.8348,-5.2069,-0.33283,-6.3702,7.2556,11.024
60.471,-19.044,16.475,11.645,22.827,24.654,-2.0229,-8.2677,-9.2889,2.572,-18.036,-9.7609,-5.6356,-16.346,-9.1562,15.395,18.05,40.608,-9.2317,-32.822,-12.425,-8.5274,27.531,11.56,-7.7906,-1.4112,-11.983,0.86252,0.53345,-3.6102,9.1359,17.082,7.7863,4.3618,1.9593,11.258
59.522,-22.92,18.602,10.274,19.169,33.906,1.2984,-13.703,-6.6378,22.533,-3.5825,-6.0307,-14.995,-11.097,-24.775,15.684,9.0926,10.732,6.5228,5.223,12.289,14.718,28.794,18.354,-4.9595,1.963,-9.1077,-1.9332,-1.8663,-16.815,6.4655,23.797,9.5909,-4.6638,-10.304,7.0076
57.059,-23.477,19.224,15.061,17.168,27.597,-3.2752,0.7388,1.9349,22.409,-1.2789,-5.809,-9.6603,-12.687,-35.495,5.4955,-0.68918,-18.257,21.223,39.061,31.029,16.823,1.0312,34.636,-1.4307,2.317,-5.6458,-9.6765,-9.1155,-15.504,0.46888,0.80202,1.5497,-11.894,-16.813,0.022607
56.117,-22.519,4.0101,16.324,18.684,17.773,3.8382,1.1582,2.5888,14.35,-9.185,1.0901,-15.543,-3.6321,-40.123,5.1461,6.9223,-28.893,13.692,25.189,16.614,-35.025,-26.05,18.762,2.4811,-0.023759,8.9992,-15.801,-13.711,0.49374,-9.3561,-18.747,-11.097,-14.62,-11.042,-8.5283
57.343,-25.588,6.0231,11.368,22.726,23.592,7.3186,3.8322,1.6121,15.075,-14.72,3.9968,-12.515,-8.4929,-29.711,-27.718,-26.442,-17.099,-10.472,-38.795,-6.8392,-43.126,-29.11,11.469,3.4824,-0.23562,17.267,-14.47,-12.71,9.2004,-12.325,-18.268,-11.359,-5.7949,1.7531,-11.555
51.608,-23.681,5.1415,14.694,19.852,21.462,2.8478,-2.6557,1.8306,8.6879,-9.8874,-1.5527,-1.1622,-13.313,17.329,-46.713,-46.586,12.622,-24.41,-49.583,-24.262,-28.408,-11.347,-12.704,6.2208,2.6131,19.953,-6.0503,-2.2176,9.8055,-6.4717,0.80646,1.631,13.429,11.505,1.2725
53.056,-27.142,3.803,2.0171,3.3624,17.203,-8.016,-16.752,-1.1056,3.6774,-15.483,1.2469,0.56126,-9.0246,22.114,-40.926,-37.483,6.9873,-21.35,-14.894,-5.3257,-15.46,2.445,-7.4038,5.4279,10.85,16.357,9.8225,17.165,3.1336,4.053,21.299,9.9764,22.416,13.327,6.9959
57.679,-28.399,13.785,-2.3568,5.0724,27.278,-0.6995,-13.342,-8.1835,5.8447,-14.477,-3.8869,9.0226,9.6992,33.73,-18.502,1.3548,8.091,-13.227,17.271,24.012,18.288,15.697,34.561,2.0643,13.914,2.9307,20.101,23.533,-9.2318,4.5074,18.513,12.961,23.368,5.1413,3.4332
54.588,-27.742,12.758,-0.57011,11.374,24.177,-1.5827,1.7282,3.9563,8.7662,-11.202,1.462,9.5325,34.252,43.876,7.2888,35.414,0.83419,4.2015,34.276,18.906,45.606,24.003,22.816,0.22414,7.6545,-4.4941,19.342,16.58,-7.7592,6.9986,5.7162,2.2129,16.837,-5.2301,-13.344
55.353,-18.531,17.529,6.7363,16.523,22.02,-6.9826,-3.2603,11.306,15.288,-4.179,15.62,4.6736,34.62,21.101,29.687,34.631,-30.461,-14.649,18.399,28.429,57.897,3.5808,-10.648,-5.0416,-3.9079,-14.327,10.911,3.6035,-1.1896,10.887,-2.5896,-10.182,-0.0039949,-6.8313,-21.935
58.985,-14.95,23.869,1.115,15.344,20.249,-2.7738,-4.6543,-1.3975,21.759,-8.6301,2.9014,3.8565,16.788,5.9574,31.693,28.777,-12.533,14.354,13.123,3.5305,48.922,-17.647,-51.521,-5.8391,-11.458,-16.271,0.38374,-8.8464,4.4811,6.0019,-6.4332,-10.889,-14.515,-2.5413,-3.8014
57.818,-17.484,18.78,11.644,20.403,14.012,-7.4284,-0.95087,8.708,28.297,-13.973,-9.9307,-13.348,-1.1084,-18.946,23.85,22.691,8.8267,36.134,14.899,-19.21,16.61,2.3657,-37.946,-3.5389,-6.3974,-5.668,-14.589,-15.718,11.697,4.9108,-7.1627,-13.495,-20.612,4.7101,14.934
55.284,-19.871,15.111,12.822,23.823,21.915,5.8171,7.135,7.0204,26.722,-15.129,-11.523,-10.653,-5.1741,-17.457,12.126,-2.8475,3.5957,8.8196,3.86,-11.722,-6.3281,11.904,17.458,2.1882,-1.337,4.2534,-18.773,-12.792,3.9298,-10.911,-5.204,-6.3698,-12.107,6.864,17.867
50.53,-16.625,12.435,12.808,23.63,25.601,6.7889,-1.7055,-2.5083,21.111,0.25341,3.8591,-5.7661,13.614,4.4686,-33.475,-28.147,19.961,12.672,-12.783,-31.422,-17.539,12.356,29.533,7.8428,-2.1611,7.7196,-13.743,-4.4148,1.9363,-11.126,5.7281,4.7784,-1.8688,-5.4579,-2.5902
57.303,-17.967,18.313,6.5962,12.307,16.252,-5.4726,-2.347,-1.6504,22.188,-9.7909,4.7358,11.007,2.7415,15.517,-33.51,-9.7662,1.5493,-28.472,0.94418,-22.212,5.4597,11.677,4.0759,5.3326,-5.2705,3.1627,-0.3896,8.0013,4.4588,-1.7921,9.0545,4.0804,1.8813,-12.128,-22.83
53.925,-11.63,19.414,-1.9803,12.087,26.824,4.5526,-2.6013,-2.6675,21.795,-10.464,-3.2933,15.037,-15.872,3.1653,-22.045,4.0761,19.531,-0.85053,44.997,9.927,1.3726,-24.81,-44.206,2.6733,-9.849,-2.9812,15.67,12.259,-1.7443,-4.2751,1.012,-0.14029,1.0493,-12.349,-16.982
59.09,-20.998,19.38,3.4613,24.711,22.078,-7.3008,8.0551,-4.0062,29.11,-3.932,-5.9088,5.6087,-16.784,-0.99206,4.4633,21.048,26.104,6.6204,20.242,-11.994,-6.3777,-30.155,-59.82,-3.0954,-2.3387,-2.7714,11.771,0.85475,1.3366,3.0084,-14.888,-6.9142,-7.6633,-5.6101,3.0045
57.154,-23.045,13.484,3.3523,19.466,32.454,7.2778,15.592,3.6331,18.336,-15.081,-12.922,10.299,-25.868,-2.183,25.887,17.741,-1.0387,-26.249,-17.372,-37.232,-6.374,-28.475,-23.43,-5.3977,4.2261,3.0681,2.5835,-6.4731,-2.0984,1.3547,-17.96,-5.1486,-0.10662,11.894,21.295
58.492,-20.651,20.782,6.1616,19.142,26.49,-3.525,-1.3227,-10.798,20.728,-22.56,-20.36,-2.1016,-3.9535,4.3341,1.3774,-12.325,18.517,-0.73062,-42.311,-33.204,-28.983,-14.541,8.7101,-6.3611,3.4345,2.3937,-4.7483,-10.564,-0.97153,10.345,-2.1047,13.001,7.3604,14.872,20.241
59.374,-24.737,17.621,9.613,23.742,24.099,-10.46,-6.5984,-17.888,22.799,-15.387,-7.7827,-8.0965,-1.1564,15.843,-7.5847,-11.603,12.833,9.5984,-13.527,-5.2113,12.142,26.854,28.002,-7.4893,1.9452,-2.0209,-5.5644,-9.123,-3.7293,14.544,8.284,18.751,6.8327,5.3102,1.5577
56.929,-22.129,19.478,1.0196,16.41,35.514,1.2027,-2.0049,-9.8475,12.387,-11.049,-4.1232,-16.999,-11.967,1.9637,-2.5422,-17.101,14.311,40.424,7.7963,37.002,21.166,16.539,15.67,-3.6901,-4.0573,-10.805,1.0222,-3.503,-18.474,-6.977,3.8382,10.03,-1.3964,-10.455,-9.4488
53.888,-22.884,22.057,2.1309,15.03,34.358,9.7131,9.17,0.5523,28.578,-7.4094,-7.039,-19.699,-12.136,-11.102,0.024873,-25.486,-17.582,25.892,-1.0055,21.42,2.7148,-17.464,-19.121,1.1726,-3.1635,-14.183,0.64469,-2.7972,-18.392,-24.306,-9.4054,-5.8853,-21.644,-18.882,-7.6348
52.736,-27.561,19.546,8.6316,14.947,28.515,6.6004,-5.3087,-1.5171,28.422,-18.279,-12.897,-14.751,-18.75,-36.22,2.6836,-22.898,-58.647,-43.762,-29.38,3.6301,-31.251,-44.656,-14.972,5.5437,0.064084,-7.1934,-5.1971,-0.99607,-5.2948,-25.761,-4.8815,-10.846,-14.893,-3.1999,6.6895
51.621,-28.089,12.036,5.8195,11.731,18.807,-0.21296,-5.4492,-11.343,16.139,-20.504,-12.957,-3.3576,-13.583,-35.979,-6.9742,-22.691,-42.65,-69.838,-41.965,-17.952,-69.871,-36.957,5.1492,8.1704,4.7838,6.9909,-3.6973,7.6205,16.092,-5.3148,9.1375,1.8378,10.919,15.6,10.345
50.687,-28.902,6.3786,0.51713,6.6107,13.966,-15.715,-9.3855,-2.0849,2.981,-26.83,-8.6507,2.5488,-10.924,-21.565,-25.028,-23.479,0.37104,-40.517,3.8689,2.4581,-17.006,10.286,36.982,6.6954,9.5891,21.773,2.6629,16.994,27.01,20.69,23.603,8.8743,34.361,24.831,-3.6715
53.233,-29.005,10.651,2.701,7.853,20.307,-14.048,-9.7742,-8.1399,6.3629,-21.613,-6.5875,12.503,7.8698,16.525,-4.606,12.907,33.37,-2.3047,28.058,31.195,50.189,33.066,6.6242,1.7036,9.2257,21.29,7.895,15.029,13.043,25.585,23.431,16.476,36.12,17.325,-15.884
53.204,-32.565,9.4565,-2.3232,5.1463,27.951,-6.7406,-1.2118,-1.8896,24.807,-12.582,2.4095,10.796,18.469,46.393,14.814,44.272,38.394,25.922,53.623,23.428,80.524,44.487,-34.067,-1.9208,7.2091,9.5059,9.0946,5.9344,-5.762,14.568,4.8634,7.7393,4.2159,-1.9287,-18.878
56.614,-22.322,18.76,4.9367,18.916,28.5,-5.8527,4.4927,4.1569,30.321,-11.095,-15.175,1.0373,17.85,36.493,12.58,18.581,3.5532,24.87,50.315,53.943,61.964,32.568,-38.744,-6.4421,-2.3822,-11.778,-1.6772,-9.7587,-8.4987,9.9108,-12.446,-5.9957,-18.4,-6.8348,3.1845
54.395,-23.009,25.52,6.8063,23.215,29.067,-6.8519,10.293,3.4807,31.264,-9.8452,-21.391,-1.3219,20.132,15.981,11.852,3.3558,-13.53,18.734,17.057,29.781,-1.8137,0.89187,-34.722,-5.1064,-6.7484,-21.681,-5.9276,-12.938,-4.5804,3.405,-27.047,-18.428,-21.504,-1.3497,24.14
53.157,-24.859,20.865,4.4261,8.109,21.526,-1.5573,9.6308,16.146,34.116,-6.6974,-14.059,-13.649,-4.8728,-27.157,-11.511,-15.428,16.839,50.843,-15.891,-1.9597,-0.64098,20.689,22.874,-0.40874,-3.8026,-14.784,-3.1094,-1.0136,-0.25171,-4.8478,-22.345,-25.282,-11.652,1.7541,24.499
54.272,-21.231,16.394,3.858,12.228,24.673,0.47864,4.7479,7.006,22.002,-14.335,-15.509,-7.3936,-3.9117,-30.185,-2.7783,-3.4159,8.8489,29.96,-48.509,-40.758,4.3056,43.678,55.824,4.022,-0.41108,0.47622,-0.72251,6.8005,-2.1173,-14.615,-3.9472,-14.452,2.151,1.667,7.7382
49.851,-25.648,9.7444,0.65523,16.696,39.116,15.904,-0.68053,1.4144,34.631,1.4943,-6.6781,2.0294,10.859,-14.346,4.3481,16.899,-8.8949,-4.9821,-28.626,-37.196,0.64388,19.945,38.477,7.9215,3.8892,13.985,6.2215,10.002,-10.426,-21.423,13.014,-0.48826,-5.3891,-12.956,-18.43
52.35,-24.57,15.988,7.3026,17.214,24.696,-0.60217,-8.806,-9.5325,33.159,7.8979,2.8306,10.949,10.211,11.956,0.3098,21.195,-11.25,-26.428,3.6886,-24.86,8.2989,9.5989,-3.8327,3.6464,0.27534,11.932,5.4128,2.0877,-5.2251,-6.6758,18.655,6.104,-15.021,-17.717,-25.283
55.132,-17.76,13.895,4.8779,14.065,17.067,-3.5079,2.0949,5.8176,28.86,-7.8412,-3.9909,16.787,7.512,21.699,18.052,22.277,-25.242,-28.079,23.079,-12.35,-29.583,-27.051,-39.449,-1.659,-7.1049,5.6564,2.1691,-7.6035,3.1646,6.1714,6.0826,3.9251,-8.6979,-6.4436,-7.9157
57.106,-20.069,20.297,1.9016,24.141,30.072,-3.0294,5.2045,-7.6256,29.037,-4.8679,-18.769,3.4595,-0.86162,11.454,17.434,4.3332,-9.1031,8.1301,18.916,-22.662,-55.685,-21.407,-31.63,-3.6674,-6.6082,-3.4272,-2.3992,-12.176,3.5806,8.441,-4.5476,7.4728,0.54149,-0.82257,14.038
55.867,-24.142,18.439,12.382,24.371,23.807,3.0777,3.8536,-5.7141,21.9,-5.6484,-15.603,-2.5206,-19.129,14.187,6.6315,-12.688,5.8546,8.5961,-5.8263,-18.67,-10.854,3.2301,12.796,-2.4058,-2.5584,-4.0597,-11.486,-9.3631,6.1514,1.5702,-6.541,10.92,16.175,3.0968,17.592
53.713,-21.809,19.443,12.268,14.228,16.775,0.17007,-0.22711,-15.097,8.7967,-3.9019,-7.1784,2.2664,-9.5095,-1.4241,-5.9756,-22.203,-8.895,-2.56,-4.597,15.664,1.6416,-9.6545,40.233,0.64279,1.0257,-3.5656,-11.509,1.5394,3.1601,-5.8872,-1.6328,13.548,18.427,-2.9257,2.8393
55.569,-26.454,21.416,3.0107,12.678,26.643,-0.80961,1.8975,0.21853,33.553,-6.7091,-3.3882,5.3548,-0.95594,7.8391,-27.673,-11.27,5.4109,-14.883,2.1303,23.088,22.629,-17.443,12.58,-0.71256,3.6234,-5.5431,-2.9836,5.0411,-0.85214,-1.7816,-0.29004,5.5192,-2.0358,-4.9486,-13.624
58.389,-23.668,18.097,3.5994,18.885,24.207,-2.3657,3.884,-2.7601,24.032,-9.1648,-4.7601,2.7357,-4.8197,-3.2002,-22.957,11.322,6.9194,-9.5662,6.7738,24.199,19.709,-25.699,-17.325,-4.3062,-1.4905,-4.8108,4.1874,-4.1506,-1.2017,6.8716,-4.6856,-4.0168,-8.3481,0.30585,-17.607
56.207,-23.691,23.032,2.8793,16.407,22.796,-3.0958,2.8632,-0.33888,25.597,-11.738,-10.522,-6.3181,-3.3571,-12.64,0.20425,-4.245,-6.3133,3.191,-12.962,4.6584,-30.066,-13.491,-26.542,-4.5393,-3.0426,-8.0886,6.3727,-12.546,-2.6257,11.04,-9.7278,-9.0158,-10.4,8.7103,-3.6567
54.762,-25.601,17.035,0.85468,18.024,22.158,-3.4699,2.677,-2.7191,22.629,-14.237,-12.274,-13.428,-15.761,-15.238,1.0224,-46.469,-9.0416,22.761,-20.479,4.7945,-13.751,-10.101,-28.242,-1.357,4.0603,-4.4256,3.8397,-11.675,0.78609,4.7362,-13.464,-7.3086,0.26899,17.964,11.039
54.223,-27.166,15.626,4.4851,10.986,24.511,1.338,-3.9799,2.5272,19.221,-10.919,-12.902,-9.2599,-10.698,-26.585,-7.7996,-45.105,0.26296,24.156,-32.882,-12.289,-12.643,18.31,-0.24549,5.8142,11.063,2.8026,0.92228,1.5525,4.8568,-4.9551,-4.6528,-3.9418,10.468,18.163,15.902
52.666,-29.811,14.18,3.3076,-1.6388,18.829,6.7979,-2.9339,-1.7959,20.344,-14.625,-17.691,-2.5781,19.152,-18.356,0.24347,-26.622,7.5617,3.6327,-50.584,-3.8701,12.342,48.22,24.721,10.784,14.974,9.4123,5.09,13.782,5.8908,-13.272,5.8467,1.6752,2.6158,7.2369,12.364
52.624,-26.935,11.167,-2.247,3.6853,24.592,3.848,-10.772,-6.9448,20.418,-2.3891,-7.9362,17.328,34.499,2.9316,5.2051,-6.4063,9.6692,-12.02,-21.173,-10.718,9.2262,48.166,26.484,8.2844,8.0163,12.647,9.969,12.815,3.4208,-5.056,16.158,5.067,-3.9252,-10.436,0.71991
54.272,-16.141,10.086,4.3425,8.3634,25.898,-2.9086,-19.219,0.081873,28.202,5.6085,-2.3965,27.2,36.511,17.065,19.97,3.0894,15.709,-25.512,2.9002,12.385,-11.607,11.155,20.213,1.1355,-6.9267,5.5169,7.4121,8.5015,3.0833,9.1074,15.661,-2.665,-11.91,-23.292,-7.6597
62.084,-16.752,19.139,6.5703,2.7818,25.811,0.18107,-6.4242,-3.7708,19.905,3.0473,-7.3073,17.273,20.704,18.94,32.182,4.1154,13.293,13.448,21.167,4.9188,-20.294,-15.34,5.6081,-8.6489,-14.371,-5.1103,3.994,6.7793,2.8663,13.328,3.3077,-2.457,-6.67,-23.275,-8.0994
61.536,-16.647,18.727,8.8839,0.35761,26.074,-4.1247,-3.658,2.8097,14.797,-11.766,-7.8988,3.1268,-8.5842,1.2237,23.815,10.625,21.167,36.435,6.5496,-25.014,-32.448,-36.485,-3.1395,-9.1397,-12.217,-9.6434,-1.9775,4.5666,-1.8441,8.7524,-6.1346,-2.4351,3.9218,-7.0003,-0.60355
57.628,-16.33,16.317,11.573,9.7459,31.151,11.18,-7.9692,-5.8493,16.974,-1.3718,-2.381,-13.88,-14.809,-14.699,23.252,23.722,21.272,23.648,-6.4596,-4.3041,-13.703,-44.387,-2.3366,-2.0698,-3.7644,-8.3751,-6.0886,0.35244,-7.163,-6.9172,-4.8266,7.6674,9.8239,4.0823,5.5956
58.063,-20.644,12.109,13.749,10.194,33.811,9.8095,-15.171,-11.386,13.444,-10.425,-6.4294,-2.9223,-6.8156,-14.332,14.547,16.119,2.4992,13.15,-13.959,4.8213,4.7064,-9.3234,21.167,2.9897,3.103,-2.0781,-3.0457,-1.1094,-9.1319,-9.2587,3.501,10.991,9.5089,13.529,8.2837
56.881,-22.158,15.098,15.764,9.7248,32.578,5.0381,-3.8973,1.1748,13.731,-19.817,-9.2103,9.9486,0.99779,-15.157,6.3731,3.1307,-13.188,-9.495,7.2886,28.338,10.248,-8.5096,21.433,3.094,2.7069,2.2793,-1.8184,-3.8265,-7.3334,-4.8321,6.97,5.2799,3.678,15.41,4.6715
60.449,-17.141,12.17,14.062,8.4276,26.61,5.5212,-12.674,1.7083,18.772,-7.2053,6.0995,6.1614,-0.97241,-8.938,17.027,15.374,-7.2626,6.7135,17.18,13.622,3.1209,13.221,26.394,-4.1563,0.2536,2.3129,-1.2988,-2.8636,-6.196,-7.0825,8.5538,6.4552,-0.39844,8.1773,-6.4976
61.41,-17.582,8.7078,14.603,12.194,28.157,8.5767,-5.5738,1.7729,19.434,-7.2363,2.0708,-2.9512,-4.1955,-5.9997,12.921,4.962,-10.514,2.7059,12.82,17.695,5.4798,21.392,18.408,-4.7585,-0.19666,1.3953,-5.327,-5.3563,-10.439,-11.547,2.3703,2.9738,-1.6591,6.3904,-7.6227
58.88,-23.418,10.836,22.842,16.646,32.391,11.397,-5.743,-4.8735,12.153,-10.104,1.1273,-17.254,-2.9509,-7.3462,4.7795,0.88532,-29.818,-28.363,26.044,42.419,5.0982,16.612,-9.808,0.1226,4.1169,-1.4599,-13.128,-10.998,-14.29,-13.154,-1.5266,2.519,0.85764,2.8415,-6.5297
56.19,-21.117,12.766,17.834,8.0965,24.431,3.4532,-0.95242,13.313,19.78,-7.671,2.4796,-2.1363,1.0037,-8.9767,-14.138,-16.406,-54.105,-49.692,14.709,28.809,0.96365,21.747,1.4202,4.3814,3.29,-2.9762,-10.189,-5.3319,-3.1224,0.18369,-7.3761,-9.0259,-2.2589,-4.2788,-0.64059
54.432,-16.849,6.4682,14.836,10.919,13.564,-6.0985,-1.9622,17.148,21.148,1.3181,0.99116,6.3669,17.013,-14.749,-35.084,-28.932,-56.919,-32.856,8.6033,20.66,9.6671,27.251,2.2394,3.9597,-1.4245,-0.33337,-1.931,1.6537,13.906,14.144,-11.753,-13.028,-2.3357,-10.79,5.1693
62.566,-20.365,6.4032,11.537,6.8547,10.518,-7.5218,-0.10993,5.1667,15.418,-2.0741,2.849,7.1452,2.2729,-17.18,-18.092,-6.7888,-12.575,5.8708,-15.34,-16.555,-8.099,-5.3215,9.1808,-2.7912,-5.8272,3.1951,7.5349,8.9205,22.711,15.513,-9.9485,-9.2171,-2.5885,-11.884,1.0738
58.875,-15.287,6.6425,8.4492,2.801,10.887,0.45646,-1.8625,9.5299,19.167,0.72292,2.0623,-2.0965,-10.708,-4.9116,-2.8987,4.3452,18.948,14.573,-17.697,-0.041155,-2.0489,-23.806,12.158,-4.0688,-9.6019,5.4236,10.167,9.182,15.807,1.031,-9.5267,-12.3,-5.0289,-7.4423,-5.7803
57.541,-20.761,4.0887,11.982,8.7612,19.482,3.1112,-8.6723,8.8445,16.721,-10.034,6.5345,-11.86,-14.272,2.08,7.4438,11.558,21.514,4.1571,-21.884,-6.9261,-6.1209,-12.143,1.8298,-1.7798,-5.4086,4.6482,0.99306,1.7759,4.2547,-9.5447,-6.8009,-11.46,3.1787,7.777,-10.184
55.896,-22.005,5.1697,13.165,12.139,18.556,-4.1284,-6.5293,15.288,19.472,-6.6047,5.2276,-4.4745,-22.724,2.7395,2.9853,7.8048,5.0704,-26.844,-35.758,-45.657,-16.466,-6.5494,-22.986,2.366,1.7811,1.7469,-3.867,-1.2827,3.7915,0.37041,-1.7354,-10.086,5.9049,10.881,-7.9767
58.125,-24.142,8.1795,12.901,7.9648,17.441,-3.1508,-8.7185,-1.1756,12.205,-4.4816,2.1813,-0.56506,-18.762,2.2361,-16.068,0.36082,15.637,-21.144,-40.313,-51.046,15.003,24.936,-24.168,4.5365,9.0585,3.1254,-2.9661,-1.3238,6.2214,11.431,11.228,9.1107,9.5727,6.0887,0.051072
56.346,-24.959,5.9668,9.4822,7.1016,14.443,-9.8346,-19.719,-8.2883,13.192,-5.3281,-7.2543,4.086,0.44282,3.7451,-10.477,3.5303,40.844,29.076,-17.159,-28.411,16.914,12.06,-14.726,2.7792,13.113,6.3051,4.7731,-2.4057,0.8323,17.087,25.31,30.696,9.473,-0.39116,8.2346
57.033,-28.665,4.8082,5.7889,11.46,29.357,-4.6079,-22.234,-4.8902,27.362,1.7954,0.69154,6.542,19.437,17.204,-0.65516,7.0759,34.734,33.354,24.954,30.005,25.053,8.9962,-2.0448,1.0839,10.159,6.2838,11.453,-2.1526,-12.563,6.2119,24.541,25.091,-5.2427,-11.646,4.8222
58.485,-19.522,8.7279,11.482,12.156,33.02,11.138,-8.3508,2.9399,20.35,-3.713,-1.3907,5.868,23.739,26.781,19.144,-7.5814,-0.31673,31.344,58.16,67.3,25.874,-0.53548,7.1252,-2.5102,2.3033,-0.40943,6.5527,-1.4784,-19.652,-10.747,5.4699,3.7687,-10.957,-10.077,-1.3898
60.327,-17.142,15.401,11.574,8.9756,25.519,3.0396,-1.9253,8.2127,21.153,-0.791,-1.7729,3.9632,20.386,22.137,26.387,-4.8465,-26.599,8.7811,44.735,26.553,-15.69,-26.996,-10.983,-3.873,-3.2936,-9.1371,-2.1179,2.4024,-8.2298,-10.573,-11.858,-17.983,-13.758,-5.9708,-5.7975
57.633,-18.851,14.061,16.162,4.5532,16.203,2.0138,-0.79337,18.81,29.234,-4.3026,-2.4594,-7.1758,11.485,-0.76843,8.765,2.0997,-26.751,-12.374,0.30045,-7.8422,-17.499,-20.326,-17.206,-2.413,-3.5997,-10.349,-9.6095,7.8752,4.3277,-7.568,-16.145,-23.686,-5.2923,6.1369,-1.3554
59.441,-18.807,13.21,16.643,12.838,24.466,4.3448,-3.6457,0.45123,15.075,-11.408,-4.2654,-6.3009,9.0961,-14.707,-6.0549,14.247,6.8026,2.3455,-5.4049,-22.339,-22.049,-10.962,-18.867,-1.5218,-2.1997,-4.1351,-8.8607,2.6493,5.557,-0.074576,-5.4816,-3.6405,15.472,18.124,6.4871
55.34,-12.947,9.4391,13.33,11.275,20.172,4.2984,-7.3403,2.8996,14.639,-8.5676,-8.7477,-1.0649,11.385,-6.5436,-12.682,22.247,4.6209,-3.2779,2.5049,-26.686,2.5917,22.132,4.2904,1.8056,-1.7946,2.4068,-3.3628,-4.1047,2.1415,5.6086,2.8327,5.3868,18.602,16.368,9.1607
58.323,-15.546,10.359,9.9622,12.739,26.937,3.0701,-1.3542,4.9985,17.426,-4.1397,-8.0622,-6.7012,9.4373,4.3491,-7.1926,-1.674,-14.5,3.8601,16.224,17.773,51.626,42.392,10.704,2.5688,-3.1562,4.2744,1.2524,-9.5737,-3.3077,4.5502,-0.04668,-0.17648,4.5264,5.5145,3.6898
57.66,-14.789,12.215,13.161,15.727,17.278,1.0122,-0.68666,3.1936,29.354,3.1293,1.5841,2.0523,2.3412,1.7375,-7.4802,-10.463,-5.3924,14.911,3.6492,-0.96392,38.673,34.835,13.811,2.0016,-6.4677,0.55964,1.8592,-9.3982,1.7853,4.1847,-0.16851,-3.1488,-16.451,-5.8006,-6.2748
54.93,-13.167,13.997,13.131,9.7752,18.663,7.9179,1.1396,9.1905,33.53,3.9395,-4.0792,4.9845,-2.163,2.525,-2.3937,-17.266,-4.7291,16.002,-6.2104,-36.083,-17.457,10.259,-5.1783,3.745,-7.6424,-1.8217,2.0196,3.448,5.1933,-3.9393,1.3327,-9.4885,-26.823,-11.538,-8.2742
58.062,-12.965,8.4887,8.0056,7.5247,21.612,9.3302,-6.7626,0.3216,25.923,4.81,-3.8335,3.1,-15.153,-2.8333,-5.7856,-16.948,8.6621,11.575,12.88,-15.502,-45.123,9.196,-19.142,1.4793,-5.9508,-1.1812,3.3616,11.749,4.5249,-7.9798,6.0891,-1.4459,-12.402,-10.84,-3.0551
60.614,-17.54,13.484,11.343,8.2068,22.405,6.9121,-1.4215,-11.607,10.413,0.14938,-7.9425,11.5,-20.028,-2.4741,2.0583,18.808,4.439,-14.168,18.273,-22.401,-40.591,-2.4773,-14.19,0.097493,-2.4689,-4.6969,3.9276,12.128,5.9409,-4.5001,-0.77679,4.3254,7.8136,-8.0805,5.2228
56.368,-20.18,11.054,11.162,8.0371,19.738,7.3024,7.0337,5.8411,18.352,9.6224,-6.0555,6.1909,-18.481,-1.6687,7.1017,30.243,12.648,-9.9027,21.853,-15.034,-11.771,-12.996,3.0415,-0.44032,1.3675,-3.8946,3.4518,2.6603,1.3835,-4.1587,-13.752,-0.32863,9.7205,-13.286,6.8824
61.528,-19.574,11.477,12.582,18.923,21.819,1.8477,3.3778,-4.7696,17.02,0.2947,-10.063,3.9265,-12.844,-21.542,10.801,19.777,22.982,4.2398,-14.581,-14.689,4.9343,-19.047,9.8435,-3.112,3.5295,-4.1354,-1.1818,-14.011,-5.2264,-1.6008,-17.562,6.7224,-0.75926,-16.781,-0.40096
60.701,-21.189,8.658,10.937,17.288,28.229,6.911,1.7642,-10.614,16.734,-1.7608,-1.2524,4.6852,-11.908,-12.772,7.1021,-4.1305,6.3078,-18.423,-39.453,-21.001,-19.284,-48.95,3.253,-1.1801,6.3707,-1.1874,-4.3301,-18.87,-13.661,-6.9354,-12.514,12.173,-10.005,-13.296,-8.2271
60.411,-23.457,3.9114,16.856,13.47,29.651,9.2277,-6.0772,-10.724,13.689,-3.6827,-5.4223,-3.3071,-5.6666,-17.599,-3.8507,-34.059,-18.523,-17.912,-38.884,14.195,-40.631,-68.404,-16.3,-0.90385,9.7644,4.668,-6.7227,-16.612,-18.368,-6.6169,2.7614,18.801,-2.8602,0.62036,-3.3079
59.269,-24.192,8.4512,12.576,8.6985,18.976,-5.599,-7.9655,-1.6824,10.376,-12.864,-6.7494,3.9073,9.7843,-9.5772,-7.2232,-37.191,-34.905,-33.504,-28.568,31.388,-39.012,-54.796,-25.022,0.7962,11.353,7.6266,-3.1927,-6.3126,-6.5853,5.5852,12.479,13.518,16.217,22.076,3.447
60.59,-20.906,2.7807,9.8369,6.1884,17.184,-0.8534,-11.199,-2.1381,-0.11608,-28.356,-15.465,-0.20381,25.132,0.2007,-15.65,-46.751,-48.25,-21.304,-6.2168,53.123,0.49778,-13.023,7.4416,1.0895,7.8747,12.037,3.6321,9.2203,6.7313,9.2764,11.759,-3.7992,22.918,33.417,11.846
62.565,-17.572,4.4347,10.835,2.3335,17.01,-4.8003,-9.9587,0.78679,4.1304,-16.823,-8.7422,7.1145,29.458,16.461,-2.9616,-29.348,-11.755,11.199,6.6092,27.127,41.239,33.74,8.617,-1.4374,-2.2767,11.232,8.4723,22.135,18.397,13.002,11.215,-18.022,12.436,19.519,7.3869
58.661,-14.201,6.02,9.9016,-6.7229,6.5088,-1.8238,-8.189,14.603,17.06,-8.2149,-0.70506,0.53674,23.87,29.568,12.179,8.1209,3.5589,6.1187,2.3213,-2.6707,33.835,54.415,26.108,-1.7819,-12.091,3.863,8.9385,30.045,23.513,8.7227,8.6341,-21.548,-6.5238,-3.0419,-4.4041
63.791,-12.815,15.062,11.063,0.48038,18.436,0.48569,-6.166,3.5105,22.407,-6.0644,-9.8208,-3.6498,-0.96813,31.897,21.224,46.051,31.175,17.794,23.237,-30.823,6.4995,9.082,2.5793,-3.4422,-14.779,-8.4318,1.2549,19.429,11.156,0.32913,1.69,-10.342,-16.887,-15.157,-5.5705
60.245,-11.349,12.251,15.812,11.175,18.25,-0.43702,-11.935,-4.8353,7.6632,-6.5272,-1.8715,-3.7312,-20.108,11.798,16.95,65.774,47.848,19.012,28.64,-25.639,-14.752,-15.903,-11.56,-0.34139,-8.8404,-13.667,-8.4362,0.21775,-0.42696,-5.7934,-1.6387,4.0443,-6.9647,-7.8684,-5.8141
59.948,-19.482,17.268,18.491,16.41,26.727,3.4033,3.5326,-4.9054,12.079,-13.125,-6.8694,-7.9627,-22.449,-16.813,0.9273,38.971,21.88,6.3979,1.8997,-13.097,-18.901,-6.8856,-0.4016,0.88458,5.0507,-13.602,-13.958,-14.516,-13.217,-12.815,-11.567,12.663,5.1952,11.124,6.5086
58.717,-20.921,10.816,14.663,18.199,26.288,6.2234,1.2818,5.9914,14.849,-12.636,-7.9608,0.98619,-9.5919,-14.412,-19.854,12.749,6.0717,-17.15,4.796,8.6876,11.712,23.057,-1.4718,0.6439,14,-3.0239,-9.5387,-17.59,-16.333,-11.161,-8.1561,8.98,11.073,15.891,8.8904
60.574,-19.253,7.3732,12.102,16.454,25.358,0.35442,-11.825,-8.4512,9.3638,-6.4528,-6.9769,-1.5856,19.027,-23.009,-30.164,-0.014774,-14.02,-28.198,-22.678,15.327,19.244,45.221,30.078,0.041066,13.63,5.5901,-0.47885,-10.373,-9.2796,-0.21148,3.3076,6.4716,4.9524,4.5973,5.5007
60.425,-16.26,9.9925,9.0801,17.528,21.971,-7.4877,-1.8584,1.2814,14.877,1.6648,-2.5536,-3.7002,29.154,-0.2236,-15.198,-2.6821,-15.867,-19.496,0.14856,5.0488,21.539,37.498,17.652,-2.4478,5.5209,6.4111,9.9466,-6.3856,-3.3078,11.228,-0.38709,-0.092454,-6.7611,-11.98,1.3513
58.3,-12.299,6.175,6.2006,16.738,21.875,-3.8401,-6.2364,5.113,21.686,2.3345,5.4662,-5.4141,26.327,4.0437,-3.795,-5.1797,-13.549,6.5133,20.762,21.081,0.94704,8.8805,17.54,-0.28161,-6.9713,6.7412,13.701,-4.4479,3.081,12.358,-1.7427,-2.3072,-8.0466,-18.291,-7.901
58.003,-9.8211,11.303,10.014,16.716,20.095,-1.4272,-1.438,1.7337,19.457,1.7193,-5.3564,-9.3385,14.363,4.1173,16.694,-16.596,-10.703,21.632,-18.859,5.3484,-12.945,-18.673,11.554,1.7677,-16.124,0.70494,7.4994,-0.28395,13.325,9.9114,-7.3233,-3.3323,-4.1856,-14.284,-4.5244
59.078,-9.3089,8.7396,9.7371,14.27,19.521,0.58082,-1.6539,1.863,7.5472,-2.0399,3.1945,-0.17452,-8.4333,8.5264,22.397,-15.297,-1.1969,13.028,-21.888,3.641,-3.7471,-18.148,-6.3777,2.7938,-17.14,-1.7325,2.5361,7.7753,16.16,1.813,-2.9941,-8.9347,-0.022999,-5.175,-7.4808
55.367,-10.574,10.769,15.659,10.464,17.796,1.1178,-13.579,5.5806,15.474,-5.4847,4.3592,2.5184,-34.084,1.0597,9.2029,0.9568,44.584,26.804,-15.143,-2.893,2.9582,-20.408,6.9888,3.9701,-10.529,-3.7412,-1.6474,16.083,11.027,-6.5291,7.8873,-12.177,-5.6652,-1.65,-8.3461
59.531,-16.14,10.706,14.577,12.216,22.426,1.4014,-11.11,5.01,21.804,-3.1375,-2.5805,2.6264,-35.15,-3.0899,12.631,24.92,39.607,12.992,3.9329,-19.472,-7.1196,-16.127,-17.581,0.7092,-0.17534,-2.8363,-3.734,9.0456,-4.3886,-14.205,6.2678,-13.568,-9.3445,4.2598,-0.17103
59.036,-23.448,10.85,12.196,18.222,40.934,11.565,-4.2819,-1.2863,13.807,-7.936,1.0255,9.1114,-24.925,-8.7804,13.34,43.709,24.031,-10.996,7.6668,-43.981,-39.585,-27.934,-24.575,-1.0178,8.3526,0.26969,-2.2213,-8.6969,-26.063,-24.179,-3.0776,-2.8779,0.82154,11.161,3.0153
58.557,-20.447,7.1539,17.784,22.851,27.756,1.8535,-4.3362,-4.4396,4.8206,-8.8777,-3.9293,0.074983,-13.89,-0.73498,1.658,8.5549,-12.864,-39.096,-1.954,-43.656,-29.198,6.9136,8.5489,-3.0076,7.5022,-0.081075,-6.4459,-21.357,-21.4,-10.846,-4.4464,11.353,12.718,9.8087,7.984
60.41,-20.882,8.1544,20.725,27,27.147,-4.6062,-13.133,-11.685,4.1732,-16.582,-7.2538,-1.2951,-2.9515,1.2307,3.5831,-34.345,-59.498,-68.045,-27.588,-5.1908,18.105,23.875,9.0004,-4.6199,7.5637,-3.9477,-9.0847,-22.224,-11.857,9.9952,3.3276,22.508,15.989,9.4672,10.739
58.881,-24.367,11.686,11.141,12.104,22.888,-10.061,-7.6612,-11.618,12.023,4.642,5.8336,-7.2083,-8.6256,-8.5008,-14.719,-42.839,-25.626,-12.713,-0.67149,17.897,27.625,7.0117,5.5512,0.08146,10.234,-4.5426,-4.3512,-4.3238,3.7948,22.986,10.949,21.664,1.3345,-8.0022,3.3929
58.226,-22.963,9.1996,17.309,6.4228,13.619,-16.501,-16.413,-0.29225,19.259,-2.7581,0.64418,-10.347,10.262,-24.636,-23.894,-41.712,-28.873,25.789,23.664,37.781,11.946,19.353,30.621,3.1089,11.759,0.919,-0.66803,10.91,15.263,22.557,12.62,8.9093,-12.984,-12.159,1.475
56.045,-23.719,2.3809,12.133,11.721,21.707,1.444,-3.0316,-1.1876,11.09,-12.284,-5.1027,5.0081,30.673,-10.515,-6.3594,-9.3807,-9.2023,28.919,27.163,43.178,-19.446,-30.836,14.703,4.5647,8.6866,9.0895,11.444,16.718,9.7035,1.8344,-0.20651,3.1764,-6.2299,-4.5938,-7.5949
56.655,-16.076,0.48912,8.2821,6.3362,13.302,2.5356,-3.6157,1.9901,10.612,1.5579,13.525,8.1414,36.194,6.8327,-3.937,3.4748,8.6062,23.921,21.597,26.715,-23.278,-17.994,11.799,3.2215,-3.9666,10.985,14.97,14.076,10.485,-9.182,-7.4056,0.89508,7.8415,-5.5543,-22.624
62.171,-12.475,10.784,12.475,7.4569,18.446,-5.1199,-0.47831,8.8295,6.6229,-12.934,6.745,6.3712,21.841,21.213,32.523,18.156,4.1518,-2.6075,-0.67074,39.312,14.088,2.7158,-23.012,-2.4965,-15.02,-0.66261,8.5177,5.8466,5.408,-4.328,-7.0018,-2.4871,15.755,3.7698,-14.102
59.234,-10.489,8.4145,15.17,10.292,19.553,-1.2583,-6.8916,8.0567,9.8534,-11.43,0.62002,5.0791,-5.1557,14.425,31.515,14.901,16.877,-4.3578,0.55271,44.19,34.387,-25.194,-63.641,-1.5946,-14.976,-7.9903,0.42224,0.94292,-2.172,-2.4236,-2.3115,-7.247,9.5483,3.4304,-1.5167
57.941,-15.592,9.0245,24.951,18.82,20.657,2.0372,-1.7291,15.435,18.514,-4.4319,-10.157,-5.9436,-23.75,-17.624,18.503,14.139,13.702,21.419,2.6768,22.005,30.495,-8.3869,-18.087,0.075238,-6.3083,-8.0705,-10.32,-1.3929,-4.2192,-1.2366,-4.6352,-18.722,-0.096729,7.1282,14.639
61.31,-17.095,8.5813,17.802,8.1051,20.634,-3.2219,-2.714,20.782,21.86,-15.29,-9.8451,6.326,-15.888,-13.701,5.1841,10.198,-7.0292,-0.21016,8.3655,-0.86651,16.26,4.7096,1.7531,0.76237,2.2131,0.95265,-6.585,2.5969,-2.8418,-1.4033,-7.1139,-25.531,-9.9466,12.951,14.461
58.161,-21.047,1.8884,20.41,15.62,24.756,6.5712,-1.2287,13.469,15.867,-15.197,2.9343,6.124,-4.3342,-5.0771,-5.9125,13.543,-4.9912,-10.864,-27.753,-31.767,22.668,23.405,17.486,0.81177,7.1611,9.1578,-1.8978,-0.89165,-1.5532,-4.3916,-3.6336,-15.331,-12.894,5.4137,-2.8053
62.287,-15.705,5.1322,20.032,16.991,13.989,-3.6303,-2.959,8.6064,19.307,-3.6922,-5.0489,2.8572,-3.7982,12.915,10.798,28.184,12.014,4.767,-19.802,-56.578,-11.433,23.665,-9.123,-3.8288,3.8046,3.8831,0.18952,-4.1441,0.60419,2.5782,4.6897,-2.6266,-13.593,-3.0522,-4.2302
60.515,-18.454,8.2104,20.879,21.149,21.484,-3.1907,-15.483,5.6395,31.125,1.4713,-3.8117,-0.15032,6.0104,14.857,6.2075,0.68754,-3.5855,-3.0278,-1.4076,-26.793,-20.131,9.2039,-26.675,-4.0577,1.4467,-3.6758,-2.2064,-8.357,-4.9888,0.71832,13.242,11.303,-8.185,-3.5607,2.9881
61.562,-20.29,11.878,22.966,19.433,28.277,4.0425,-5.4877,-3.5917,8.5151,-11.792,-11.034,-9.6807,-2.0372,-4.2526,0.071681,-4.0952,-4.7111,8.7625,18.641,-16.487,-30.304,-3.4509,2.6826,-3.6169,1.4853,-6.8875,-6.4618,-6.2665,-8.7422,-7.2188,4.7544,20.577,12.175,4.4369,14.697
58.448,-15.749,5.9443,22.047,14.743,15.819,1.2208,-0.66818,6.172,11.197,-6.5453,-7.4108,-7.8956,2.0188,-14.872,-11.581,-12.102,-21.573,-9.2704,19.236,4.7038,-8.8218,19.159,26.524,-0.77487,-3.4637,-1.0492,-5.4081,-1.0754,1.1101,-2.088,-3.0429,11.242,15.053,7.5643,14.641
58.48,-18.076,4.139,19.484,18.147,14.466,-1.4548,-1.0459,0.096728,14.119,-1.4094,-1.9081,-11.355,5.6243,-6.6577,-12.617,3.2464,-22.703,-28.206,-6.3516,30.559,43.787,40.872,37.762,0.57974,-5.2441,4.4228,-1.0863,-2.71,5.6323,2.9419,-5.7632,8.0425,6.0853,-2.8394,0.71494
58.108,-18.552,4.6437,16.83,15.741,17.604,-5.0772,-8.0862,6.1473,23.912,5.8598,4.8874,-3.1877,-15.139,10.814,-14.489,-8.3604,10.961,5.0162,-4.126,5.8929,18.09,24.864,28.989,0.16039,-8.4623,4.0231,2.6011,-5.7384,7.572,10.123,-4.7284,-2.7975,-8.8821,-22.341,-11.829
56.055,-16.077,9.1992,19.266,20.557,16.033,-6.9112,-4.9545,11.7,24.051,2.4416,1.6984,-9.1359,-19.679,5.0184,-3.906,-19.516,7.1838,16.329,1.506,23.131,-13.333,-20.5,5.0247,1.402,-6.9321,0.76178,0.72835,-11.434,2.1874,4.5969,-8.5728,-15.888,-16.652,-30.815,-14.553
58.067,-24.318,8.821,14.911,9.3576,20.516,6.4572,-0.77689,3.3167,15.276,3.9612,5.2804,-8.203,-27.641,-0.59461,-2.9315,-29.413,1.344,19.078,-8.3349,-5.5699,-24.673,-61.859,-16.252,1.5033,1.8939,-0.47669,-5.1946,-7.0496,-5.5634,-12.479,-14.461,-15.086,-4.305,-18.127,-7.7179
53.932,-25.032,4.5595,18.49,11.58,16.602,0.9424,-3.9476,13.078,11.77,-10.71,0.40774,-1.8371,-22.785,2.8554,-14.754,-43.398,-6.9576,-12.252,-47.111,-43.147,-18.092,-69.84,-12.381,3.8701,7.0018,1.0033,-10.32,1.4614,5.2895,-6.9589,-6.9891,-8.6157,7.5601,7.7577,6.1984
55.068,-27.894,6.6662,15.752,5.5225,17.992,0.53503,-12.757,2.6736,17.716,-18.494,-2.5931,0.67929,-4.1161,9.5118,-35.038,-31.667,-9.7854,-43.089,-52.124,-36.4,-1.0555,-41.103,-0.89776,4.2179,12.507,1.8645,-3.3269,10.98,8.882,4.428,9.9863,11.264,9.2656,24.71,13.426
56.636,-25.681,11.704,11.469,0.77524,13.816,-10.076,-22.52,-9.5518,13.785,-21.251,-0.55532,5.7735,3.5677,4.9815,-39.453,-11.082,39.196,12.618,-11.545,-4.5319,12.659,7.9105,28.34,1.2216,12.3,-0.46346,12.806,18.395,7.309,18.001,21.389,20.646,3.4538,24.064,9.9132
57.055,-26.052,10.005,0.90278,-1.0738,17.015,-9.5779,-17.553,-3.5686,13.741,-11.32,5.3131,9.0814,21.717,7.665,-7.2162,9.3276,22.677,28.783,23.814,31.44,6.2796,22.818,30.519,-1.1979,6.3042,-2.2218,24.968,16.691,1.1834,17.121,14.455,13.93,-1.4002,5.6389,-4.1371
55.825,-24.17,5.3811,6.1877,9.3371,36.688,12.308,-7.3222,13.933,20.087,-10.342,10.625,0.069735,25.8,1.4615,35.365,28.08,13.356,41.819,21.866,26.161,-4.4909,18.521,21.477,-2.0757,-1.0416,-3.4748,19.749,7.154,-13.938,-4.5169,-1.8944,-1.823,-3.0738,-9.6227,-19.826
60.014,-17.791,13.66,14.785,5.9054,17.895,3.7346,-8.449,6.6514,17.704,-12.539,7.0762,-2.4584,16.289,0.16266,52.391,32.205,9.0515,27.914,3.4431,17.904,0.5185,-18.214,-18.152,-2.1728,-8.7912,-5.2662,-0.95256,-2.8342,-6.3817,-8.9245,-3.431,-4.3175,3.8063,-10.136,-20.551
55.191,-16.911,10.607,22.211,11.326,20.055,4.1769,-16.139,-1.5812,9.5575,-11.381,9.3016,1.1649,1.0742,-8.6415,29.486,13.249,-23.682,-9.5321,-10.832,-6.879,0.17073,-19.687,-46.456,1.5057,-8.3472,-1.713,-19.745,-9.1349,0.5244,-5.348,5.3504,-1.6413,11.828,-1.2901,-6.4
56.143,-21.536,7.4728,19.087,14.034,29.858,8.4444,-11.423,13.141,19.265,-19.908,-3.1014,-2.3304,-9.8756,-13.615,-9.0394,2.5721,9.2877,9.8356,23.007,26.373,22.981,-8.7579,-38.271,2.6001,-1.4694,2.3988,-21.172,-6.9429,0.9482,-2.097,9.8364,-5.5351,11.701,12.649,13.194
58.343,-21.76,4.1541,18.78,11.897,18.865,5.1868,-11.251,7.2488,19.393,-16.501,-7.5148,7.5341,-2.8544,-0.21488,-32.642,-2.7775,15.86,24.118,38.836,13.72,43.419,7.3419,-0.46366,1.8403,4.9811,4.6813,-8.2628,2.0515,4.8494,-1.5677,1.1046,-5.0504,5.2969,12.612,22.049
57.273,-20.305,10.079,11.98,6.9057,23.133,8.1474,0.6108,15.423,24.277,-14.358,-3.6513,7.3575,10.906,7.9433,-22.405,5.5037,-5.9784,0.60413,27.792,-20.071,37.401,31.517,24.821,2.9703,3.4888,2.7307,5.041,4.6948,-2.7659,-14.439,-17.858,-11.878,-10.106,4.5877,11.308
58.393,-18.954,9.1964,9.4429,13.501,31.347,16.384,-2.7377,4.1379,28.761,-10.484,9.3447,5.5225,15.589,3.9859,-5.1453,22.041,8.1981,-12.755,-7.7006,-8.9091,19.445,23.235,32.243,0.31923,-4.1464,-1.2913,9.8291,0.23488,-3.6399,-18.152,-21.634,-5.7247,-21.889,-3.9136,-5.8798
59.796,-17.486,8.9233,12.553,15.984,20.628,3.1478,-1.7839,4.6606,33.281,-7.1574,0.87936,13.527,-1.653,-2.0617,2.4172,13.637,-0.71096,-43.921,-43.015,-21.704,-15.562,6.234,1.9135,-2.0672,-9.2959,-1.8551,3.4621,-7.1002,0.65591,-5.3673,-8.3155,3.0238,-17.504,-5.879,-11.61
59.843,-15.375,6.7251,15.921,18.379,24.217,1.3092,-13.904,8.1754,24.613,-8.4836,6.3415,6.0456,-17.307,-1.669,4.0923,-5.6696,-4.9734,-44.381,-33.929,-14.086,-39.544,0.41542,-18.409,-4.4475,-7.9184,2.4771,-3.372,-9.0897,-2.3911,4.4693,10.003,0.2619,-2.7393,1.4001,-11.897
63.311,-22.921,10.284,9.95,11.285,26.343,-6.2755,-15.313,2.552,18.57,-12.242,-1.193,-3.2402,-19.126,1.4951,-9.7132,-16.142,3.8869,-10.419,-0.67174,-2.3634,-20.624,13.532,-7.9039,-7.5971,1.4181,3.7135,-2.5487,-2.9937,-2.4189,12.486,15.235,1.3154,10.643,9.5163,-2.5803
59.659,-24.89,7.6814,12.79,13.016,26.003,-1.0945,-12.937,-1.8508,16.345,-7.7346,1.1765,-8.3314,-15.267,14.593,-15.94,-8.5183,-6.0562,-7.1591,21.144,-17.27,8.28,26.587,-22.333,-4.1455,5.347,0.90952,-0.99695,-2.331,-6.0734,8.0647,7.8705,1.5021,11.556,4.4904,1.6178
58.268,-22.291,9.1928,9.2613,10.594,21.678,-0.85995,-2.603,8.4921,27.103,-0.76576,-0.49008,-17.27,4.4175,8.3746,-0.3102,0.092516,-12.264,-0.10204,5.6263,-13.536,13.742,40.729,-9.0261,0.0056062,1.9407,-6.0809,0.93406,-6.3239,-11.205,-2.2296,-5.8591,-1.0754,-2.8856,-10.099,2.5242
58.198,-23.324,14.567,8.2952,14.465,23.521,-4.9781,-9.6871,-3.4297,24.487,-0.92803,-5.1762,-7.667,-2.3435,-0.56115,-5.594,-25.442,-27.265,-9.2158,2.2745,-0.98946,1.0521,9.2687,-9.7588,4.3002,-1.8407,-11.54,-2.3981,-8.9195,-6.8775,-3.9172,-7.2954,-1.7418,-16.518,-21.918,5.5406
55.406,-21.496,11.029,12.042,10.607,21.451,-4.3847,-14.125,-3.4263,21.37,4.7197,-2.5297,-3.5444,-15.884,-21.332,-10.216,-39.3,-41.536,-20.539,-20.532,-15.881,-31.439,-28.303,-1.5698,6.865,-4.1813,-5.4507,-8.2383,-1.1636,5.9487,-2.9647,1.4079,-4.0473,-15.947,-24.793,3.1246
57.256,-26.46,6.4829,8.6028,0.28863,12.484,-3.94,-6.039,3.6136,19.737,-5.843,-2.6831,6.3064,-14.32,-28.253,-22.978,-33.42,-25.808,-16.527,-2.2539,-24.806,-51.72,-48.485,1.6425,3.8501,4.039,8.3146,-1.5579,13.846,20.614,6.1805,5.4033,-3.8811,-8.1844,-12.82,2.3121
56.967,-28.665,2.5689,3.9996,-1.9673,6.4289,-11.648,-14.693,-2.9701,13.758,-12.46,-2.5215,10.068,-10.501,-5.033,-32.81,-1.7367,16.751,-11.27,14.93,-21.863,-39.607,-54.36,0.89628,2.005,11.754,19.758,5.397,19.731,28.304,14.191,6.9562,1.2285,6.0311,2.3861,-0.56691
60.571,-26.899,4.6707,0.82782,4.0425,18.129,-9.6096,-10.53,-16.061,2.4323,-16.581,-4.359,4.7774,15.16,32.862,-2.0866,25.007,46.66,17.052,11.56,-17.404,-35.785,-41.801,0.56878,-1.7388,11.497,15.577,11.399,15.126,19.096,13.758,-1.6694,11.68,15.319,9.1031,-1.084
58.783,-26.527,9.4182,-0.47507,7.8618,27.004,-7.1848,-4.4147,-4.5207,10.219,-17.091,-1.2436,7.2449,28.144,46.901,6.3233,30.142,63.748,33.626,7.3418,-13.44,-9.2503,-19.715,-3.8675,-3.7313,5.4611,-1.0856,10.432,8.2053,6.6776,8.5388,-14.076,11.633,17.749,12.235,-0.6554
58.737,-19.949,19.489,9.7968,7.8774,25.526,2.3543,-5.3983,-4.313,3.6146,-24.428,-3.0377,-0.9763,23.844,23.666,14.45,26.272,46.172,29.816,-6.8068,29.381,9.6945,-20.292,-1.3955,-4.2679,-6.4749,-16.852,-2.2175,1.5801,-5.295,-3.9046,-8.8049,11.467,19.606,16.497,2.238
61.507,-18.068,18.61,2.6768,11.186,34.604,-0.81741,-13.588,-15.564,8.5422,-18.394,-5.1159,-5.7115,12.463,-5.8627,11.079,38.657,50.383,25.042,-46.265,12.909,26.397,-3.9377,-1.3986,-3.6791,-10.765,-15.981,-5.8728,-4.9297,-22.249,-10.701,6.5553,10.975,11.982,18.681,4.2775
58.721,-19.206,11.908,6.477,15.516,37.415,2.1148,-9.3468,4.1509,8.1177,-26.075,-3.1206,-10.084,-9.3735,-25.016,-15.552,28.65,26.868,1.821,-5.6615,26.756,44.422,32.796,10.524,1.015,-7.1757,-2.3076,-6.5428,-9.7496,-28.764,-15.245,17.095,0.36971,3.1412,18.16,3.4945
55.935,-20.667,10.278,6.7246,23.371,46.252,5.456,-25.573,-2.2982,21.165,-18.236,-1.9015,-6.5969,-9.073,-8.6617,-8.0393,4.3049,-37.847,-5.8839,39.546,42.747,33.298,47.148,11.56,3.1286,-0.49347,7.4607,2.4592,-9.6867,-24.283,-10.57,20.142,-5.4388,-15.407,3.4404,1.0532
56.481,-23.336,11.147,-0.0032287,16.11,33.137,0.12811,-2.2367,2.4323,19.514,-8.1087,0.61725,4.5412,-1.2664,13.528,-8.7046,-5.3003,-53.535,-30.947,35.761,16.31,21.95,44.967,9.5976,2.3649,5.1437,9.8878,11.878,-5.1344,-3.0038,4.1566,-3.1316,-18.139,-26.472,-12.716,0.5787
59.328,-20.539,14.659,1.8972,13.042,17.82,-2.766,2.6296,6.6691,19.493,-3.8031,-1.2048,2.619,5.9416,12.169,19.951,7.1985,-30.828,-11.424,33.733,-9.062,-39.401,7.1783,4.3311,-0.75897,2.0436,4.7531,8.975,-0.55492,14.517,10.432,-14.94,-20.795,-19.574,-18.028,-0.060682
59.295,-19.903,16.481,4.5383,18.031,24.863,-9.2476,-5.5675,7.8224,19.929,-10.808,1.3299,-2.8672,8.8379,14.007,29.842,1.531,8.3398,25.374,-18.413,-38.035,-51.588,-10.799,17.033,-3.8069,0.43545,-0.99868,0.97025,-2.9846,8.2042,9.7349,-8.35,-7.6693,-1.1688,-8.1247,-1.4194
55.837,-19.413,13.695,14.43,26.01,34.974,4.4316,-7.041,-9.5242,1.2575,-13.297,-0.092241,-6.6875,-3.9072,14.864,17.562,-1.8853,3.799,18.118,-8.0661,-34.055,-27.801,-15.106,7.5394,-1.7538,-2.4503,-2.5604,-11.206,-4.4166,-1.4786,-7.7377,-0.17593,11.04,23.645,5.9494,2.9042
56.793,-19.481,18.633,8.6518,10.392,28.729,9.2164,-6.608,-8.4887,2.8376,-8.7613,8.5772,-9.8398,5.8353,7.1868,-2.6588,-15.681,-29.828,2.9568,14.911,-9.5397,10.307,15.486,0.89641,-0.382,-3.4334,-5.3661,-6.1677,2.7229,-5.5472,-18.853,5.5724,20.732,21.831,1.8859,-1.4829
57.236,-22.704,21.015,8.6216,15.919,17.786,-2.9391,-0.88318,-2.2029,14.138,-12.38,-1.0588,-2.6635,-4.8087,2.777,-19.827,-6.2787,-19.137,-38.904,16.191,31.89,47.878,23.782,26.92,1.4413,-4.0848,-7.1879,1.2649,3.2346,-1.0312,-8.3506,1.2622,13.777,5.3589,-6.5887,-5.5471
53.676,-15.34,16.414,6.1129,15.235,18.543,-4.0838,-1.1911,-0.60809,18.642,-3.5241,2.2613,-6.7892,-7.8784,-6.7798,17.698,17.342,-7.9281,-40.382,-2.6798,32.653,19.728,-20.814,-0.07206,1.4703,-8.1621,-5.8201,1.218,1.0018,4.3927,5.296,-5.8162,-2.1984,-8.2552,-14.148,-14.039
56.064,-23.887,16.193,5.7856,20.449,30.499,-8.3703,-1.6537,2.4807,17.294,-4.0247,16.526,-1.0064,-17.474,-14.092,13.708,-2.2239,-12.307,-1.9658,7.0402,13.734,-5.7171,-29.899,-19.712,-0.32889,-2.3669,-2.6999,-7.8011,-5.9598,2.7157,14.343,-8.9267,-18.894,-12.455,-5.345,-23.002
53.984,-22.828,17.654,18.919,16.798,18.409,-8.2589,-7.5626,5.4962,11.123,-23.346,-0.251,-3.3167,-28.643,-13.479,-13.336,-12.699,-11.28,10.968,-9.595,-11.454,-4.172,-28.415,-45.983,-0.15678,4.7694,1.1161,-19.775,-9.219,4.1331,8.6726,-3.2299,-14.187,1.054,16.515,-7.8622
56.578,-27.697,13.349,9.0727,14.026,11.7,-1.8344,5.8226,1.6121,15.039,-17.418,-9.6585,-6.0442,-6.2613,-7.373,-43.315,-21.057,-3.8832,7.1357,-24.985,-40.527,-2.4453,0.85744,-65.134,-0.436,12.882,5.6291,-9.4675,-1.7526,8.0631,-1.5557,-2.0408,1.8595,13.112,19.703,8.8361
51.76,-27.756,11.097,-2.1988,12.097,22.303,-1.868,-9.7268,-5.9008,17.684,-11.035,-7.638,-5.0541,10.362,-4.5591,-52.665,-19.336,8.5257,-1.5694,-2.8167,-11.153,23.362,46.381,-16.672,2.2729,16.652,8.4021,10.262,7.2132,9.1731,1.5587,5.9317,9.698,12.474,13.448,20.673
54.154,-24.554,15.785,-5.3129,12.27,26.61,-7.9979,-13.064,-12.084,12.791,-9.7516,-12.348,-2.3177,27.435,9.5932,-13.965,-7.6685,18.106,-3.4759,-6.5529,22.881,46.075,31.218,9.8133,1.5495,8.6273,5.5445,23.211,13.832,9.4933,11.259,9.994,10.593,1.5291,-2.2139,19.913
52.669,-19.219,14.156,-0.22066,8.0074,15.217,-5.9619,0.47235,6.768,23.928,-3.9888,-7.2427,6.1843,37.77,20.049,23.297,16.672,23.591,24.067,10.848,5.3322,33.938,23.646,19.908,0.020796,-2.3764,1.4732,21.232,14.155,7.4794,15.714,9.7462,-2.0947,-18.38,-14.879,3.5467
54.965,-18.248,16.616,1.101,12.236,24.296,-1.5255,-2.5534,6.7183,34.954,-5.3321,-4.9495,-3.9157,23.172,8.0456,34.759,30.101,36.05,50.615,18.153,4.1945,-0.087932,1.1552,16.142,-3.1077,-10.802,-5.8471,6.5378,6.1923,-0.95664,10.222,15.132,-1.7287,-24.728,-11.492,-5.3729
54.447,-12.024,20.706,6.2426,20.45,35.256,6.9293,-9.5581,-12.636,23.571,-1.4213,-1.3831,-4.1511,0.61165,3.5808,29.132,32.553,36.95,49.957,33.561,-12.283,-45.456,-12.985,-2.1032,-3.0068,-14.647,-10.844,-8.4622,-5.0125,-7.4504,-2.6448,13.361,13.962,-6.9683,-10.536,-10.781
51.307,-16.565,16.533,8.8348,21.099,34.616,10.864,1.028,-0.285,12.926,-10.458,-7.2065,-12.689,-7.9952,-11.409,15.806,15.353,6.6433,34.688,57.75,23.045,-37.869,-7.9276,-6.0458,2.3782,-7.7106,-7.4893,-14.052,-8.7371,-11.168,-13.471,0.22607,14.296,13.664,-6.1262,-5.466
52.423,-19.754,15.988,10.478,19.852,28.532,12.822,15.462,4.1282,12.214,-7.9185,-7.1658,-4.4635,-19.882,-24.445,-9.5379,-1.0164,1.0426,18.807,57.853,65.717,17.987,-24.491,-22.904,6.241,-0.16013,-2.9216,-11.939,-5.2136,-7.6982,-19.098,-17.911,5.5498,20.047,-3.5502,2.3203
49.633,-18.381,13.271,6.8863,20.212,30.979,12.872,13.811,9.8589,21.698,-6.0473,-5.0811,8.1314,-5.1349,-15.388,-16.167,3.2,-1.8364,-1.1653,7.1379,36.676,36.511,-23.723,-0.78816,8.6663,2.9157,6.182,-2.4351,1.5021,-5.3773,-21.656,-28.53,-15.929,4.4592,3.0804,8.3908
53.052,-21.057,10.115,2.4479,20.386,37.595,15.328,12.977,15.151,28.178,-15.872,-13.898,16.644,-1.6192,-9.0375,-14.575,12.561,2.6992,-27.608,-30.686,8.6506,17.587,-22.838,6.8695,4.7457,4.3003,10.646,7.7211,2.7708,-11.972,-20.834,-23.543,-28.118,-12.833,14.61,9.8664
55.058,-18.481,11.776,4.7667,22.432,29.166,9.0279,5.8397,12.542,23.199,-18.343,-4.2346,20.089,-2.5481,11.798,6.1495,16.075,-21.071,-50.385,-40.631,-28.068,-15.373,6.6483,21.022,-1.8361,-0.7063,8.1721,6.5661,-0.036949,-10.215,-7.4525,-2.3467,-17.991,-13.355,13.003,-0.15442
58.032,-20.514,12.217,4.2506,25.023,30.788,0.94011,4.105,7.112,20.257,-13.19,-4.1543,13.286,0.32615,15.195,17.909,6.4004,-49.201,-60.754,-35.977,-42.498,-20.238,33.371,15.523,-7.4757,-0.37323,3.6032,-2.7574,-2.695,-1.4914,11.778,14.1,-3.5321,-4.4403,1.5655,-4.4351
57.188,-19.927,18.119,9.0597,25.931,23.847,-5.1262,-2.0687,-0.15558,17.973,-4.0641,0.558,0.62975,-9.639,13.356,0.42123,6.0957,-26.96,-21.854,-1.9501,-27.705,-11.353,13.187,-5.8872,-9.2228,0.61004,-3.2578,-12.893,-1.6329,15.114,22.119,17.933,8.773,5.9229,-11.392,-7.8637
58.63,-20.172,14.541,9.256,21.837,15.654,-7.9716,-1.0577,0.2503,20.672,-6.3255,-8.5323,-11.005,0.060171,8.1994,-25.498,4.076,-1.8136,17.016,20.475,-9.1915,-6.625,-18.28,-1.8517,-7.3396,1.199,-5.859,-10.014,0.6235,20.029,17.759,10.158,11.791,8.136,-11.196,-4.8804
55.074,-23.472,17.292,2.4746,27.073,23.253,2.5566,7.4461,2.1203,17.315,-15.181,-4.9892,-13.88,0.63504,-0.99312,-36.61,9.0726,30.804,21.324,20.808,-0.8562,7.4353,-24.485,-9.6091,-2.1475,1.3123,-7.8867,3.0754,-0.68958,6.8166,0.26811,-4.357,0.29362,0.2003,-2.6489,-1.3215
53.587,-18.711,16.73,-5.206,26.489,30.179,5.6069,9.5852,1.3783,17.273,-16.771,-2.3065,-16.157,1.1843,-6.9256,-13.645,8.0294,22.062,6.4498,3.4317,3.0344,11.048,-3.7744,-7.0178,2.7726,-3.8966,-5.3288,12.016,-6.3637,-8.3245,-11.137,-12.618,-13.822,-11.174,-0.65153,-1.8128
52.77,-20.34,16.528,-2.0142,28.141,31.987,-1.2536,3.014,-1.1477,23.39,-11.084,-7.3595,-7.5312,-3.6396,-18.515,9.8716,0.67105,-4.8149,-15.231,-15.213,-32.35,-19.188,-7.3102,-9.9118,5.1986,-2.7328,0.5461,9.0804,-12.314,-16.5,-6.9375,-8.4619,-19.864,-20.968,-2.9541,3.4707
51.704,-21.146,11.46,4.6782,25.318,22.318,-2.8416,2.8742,3.4015,23.159,-10.261,-10.856,-0.31558,-17.285,-9.6841,11.339,-23.542,-25.627,-20.389,-24.603,-62.556,-49.182,-30.125,-10.764,5.2967,-0.83424,5.8248,-0.74724,-9.9765,-7.8753,-0.97626,-2.4691,-12.066,-10.629,3.4282,6.532
52.25,-24.074,10.669,2.4683,27.995,24.776,-0.83446,3.1949,-15.066,4.7784,-22.091,-5.6703,4.1927,-3.7942,3.1166,-3.6994,-36.713,-27.851,0.055843,-7.4841,-67.379,-67.288,-26.08,9.6177,2.7187,5.7698,8.4641,-3.241,-1.3314,4.3185,3.1952,1.3676,10.324,14.854,22.616,6.6843
53.689,-25.486,14.817,-1.7777,14.792,20.971,-4.7972,-2.8066,-22.941,1.988,-26.33,-8.5333,4.4641,-2.9096,11.383,-10.595,-23.161,-5.7971,-6.0747,-12.779,-39.781,-18.046,22.752,15.877,2.4541,10.74,5.1376,-0.18799,10.271,12.543,-0.25836,-0.46551,27.144,32.222,29.243,4.0088
53.873,-20.066,16.408,-0.636,15.048,18.735,-0.24786,2.1124,-21.666,0.33104,-16.089,-3.712,3.6727,18.022,13.272,4.6336,-6.1762,6.8627,-6.4118,-14.287,7.8827,39.515,79.33,10.189,2.613,5.7701,0.7353,-0.58386,11.421,16.533,-1.0528,-0.44888,31.328,32.62,13.651,-7.2456
53.124,-24.605,14.283,0.93267,20.211,22.44,-6.1723,-2.9738,-13.189,16.36,-1.8867,-3.8965,12.215,25.509,10.926,6.2325,12.542,19.729,-18.447,-23.529,35.533,58.525,63.387,8.9941,1.525,0.20655,-0.60609,-1.546,4.9197,14.143,12.662,11.665,19.505,7.105,-17.859,-18.438
54.368,-15.505,17.573,3.4299,22.197,27.473,-3.3528,-3.8652,-16.001,17.35,5.3522,-2.8943,13.382,10.847,7.0215,-15.033,2.5404,42.053,0.97791,-4.3535,51.604,57.527,21.86,-23.169,-3.2758,-10.519,-3.3887,-1.5033,-3.1967,7.4455,21.483,18.838,9.6249,-12.724,-36.106,-14.969
59.549,-15.013,19.698,-0.69445,17.488,26.467,-12.468,-11.582,-8.0067,22.741,-5.3575,-4.4451,7.2343,1.7103,11.478,-8.492,-2.9209,47.324,53.542,40.58,35.882,8.4735,-37.807,-59.632,-8.1237,-11.53,-2.9979,6.4987,-7.3539,-3.4143,17.397,14.128,3.8568,-16.997,-23.892,-2.1134
57.352,-19.438,17.211,-7.3388,17.679,37.748,3.3891,4.2398,1.5446,25.904,-3.424,-15.022,-10.216,-22.673,-3.9471,4.4793,-14.428,30.293,65.011,47.849,55.833,0.91969,-50.602,-30.346,-5.8903,-2.9358,-2.3566,11.869,-4.8356,-19.418,-7.426,-3.485,1.2063,-2.8868,0.77782,13.286
55.249,-21.783,20.203,2.071,21.009,40.964,17.228,13.264,-4.0208,16.32,-16.402,-27.648,-16.605,-15.379,1.4211,28.97,-15.743,8.538,36.522,21.011,52.703,1.8448,-19.843,2.0156,0.7133,6.6155,-3.5578,6.3878,-1.0282,-25.837,-31.041,-21.573,-6.4441,8.3007,21.171,19.756
51.41,-23.456,15.347,4.2868,13.223,35.371,14.305,7.6363,9.9228,21.021,-14.426,-6.4655,-4.1497,4.7133,0.26719,25.579,-15.227,-35.642,-27.642,-11.994,49.225,46.407,16.766,12.437,7.4183,11.895,-4.1476,-0.56569,8.5913,-16.162,-27.288,-20.651,-24.276,-0.83211,16.197,5.0481
54.217,-20.693,21.34,7.9777,11.845,31.925,0.33482,-2.7751,14.155,26.105,-9.7777,-7.7157,7.7677,21.095,-8.4183,12.897,-7.6624,-48.893,-55.339,-37.362,6.9651,27.233,34.362,17.759,6.4388,5.9008,-9.1064,-7.3559,12.836,-3.0266,-6.8257,-8.8097,-33,-16.429,-0.86385,-0.53016
55.793,-17.626,16.776,2.4974,14.648,24.447,-1.9856,6.2625,17.069,44.215,1.6469,-18.77,14.689,18.562,-19.765,9.6872,24.489,-21.803,-25.499,-26.218,-42.677,-15.935,3.2782,-12.977,0.43369,-3.7996,-6.2107,-6.3098,10.792,9.8509,15.59,4.6778,-30.858,-28.323,-10.764,4.5374
56.942,-14.15,15.279,9.4143,16.465,21.979,-2.2969,-4.7302,-4.1114,18.339,-7.2577,-12.617,6.1695,7.2001,-34.095,0.13596,28.581,-13.515,1.3214,-15.926,-66.348,-49.128,-17.418,12.072,-3.5643,-8.505,1.3299,-6.5745,5.2511,9.1949,18.606,15.817,-6.4515,-6.7131,-5.3083,5.9221
57.393,-17.447,8.4947,8.4122,23.157,29.442,2.871,-4.4951,-2.2822,16.936,-14.047,-10.503,-1.1822,-7.3376,-17.948,0.41059,20.613,-4.0769,21.977,0.67772,-68.41,-57.027,-11.162,37.968,-5.6987,-4.5581,9.4929,-7.9377,-6.2392,2.0332,9.8485,15.104,15.187,19.05,6.3993,3.1386
56.502,-17.183,8.4333,5.0883,21.881,22.67,-1.4328,-5.3592,-9.3428,15.18,-10.64,-5.8132,-2.1178,-8.4805,-2.6775,-15.337,20.531,-11.781,13.953,28.277,-12.426,14.214,15.041,21.897,-3.7189,-2.999,11.53,-8.2031,-10.467,4.1197,0.47402,9.0961,23.735,27.798,1.1844,-11.844
55.422,-19.779,11.224,4.8657,22.246,22.063,8.5709,6.9159,-14.52,17.281,-2.2433,-3.1879,-9.6605,3.6121,11.99,-22.265,-2.6826,-12.503,17.428,27.198,6.298,47.645,19.045,-2.1966,-1.7463,-3.9575,5.1268,-8.9719,-14.163,3.2208,-13.004,-5.1707,18.238,13.38,-13.507,-18.49
56.868,-17.225,12.575,3.5189,27.186,19.778,1.8296,3.703,-4.2054,25.274,-5.6392,-5.3259,-8.1859,-13.27,8.5865,-29.542,-12.108,11.297,5.9662,16.294,14.972,37.524,-26.599,-27.068,0.3035,-7.5153,0.89176,-4.3977,-18.507,2.5988,-16.371,-17.187,-3.5555,-15.122,-18.977,-8.3491
52.38,-15.62,12.419,-1.9355,19.163,24.636,9.9537,4.573,-1.7018,35.712,-7.0248,-11.845,-6.8797,-24.731,2.054,-37.346,-33.884,0.48796,-39.049,-19.184,9.0792,-1.7803,-57.877,-30.001,4.6163,-7.9072,-1.0281,1.5154,-13.211,-1.6823,-15.733,-18.993,-9.3111,-24.649,-5.8359,8.8674
53.931,-25.897,12.129,-6.2822,17.369,27.032,0.8589,3.9595,-8.2656,24.727,-21.549,-15.018,-1.9907,-31.886,6.7496,-29.785,-56.403,-5.2829,-39.665,-34.468,-31.594,-36.681,-41.384,-5.9457,4.0005,4.6093,-1.2862,11.182,-1.01,-5.4769,-3.0371,-9.9804,-0.5479,-9.078,22.057,20.039
53.451,-27.808,12.474,-8.9069,10.213,18.68,-10.468,-2.8045,-7.9504,16.664,-23.227,-13.342,10.324,-26.616,7.7683,-14.566,-46.589,-12.625,-38.422,-42.385,-16.974,-38.496,-2.742,31.579,3.2136,16.854,-1.7368,18.175,17.039,-0.56137,12.815,4.9291,9.0723,7.5287,29.519,17.855
55.337,-27.074,15.922,-7.8878,3.4594,20.115,-7.7919,-9.8422,-16.878,16.457,-18.23,-7.5501,3.2147,10.719,-0.70139,14.976,-10.805,-9.5309,-9.5328,-22.007,25.26,10.492,56.12,42.338,-0.025138,20.047,-2.5017,17.043,26.622,3.8058,19.783,16.064,14.19,7.5358,14.164,6.7755
56.838,-28.34,14.407,-8.4159,2.8226,21.782,-4.9319,-9.7185,-5.8826,20.598,-10.055,0.21032,6.5856,38.238,-2.9044,31.148,28.513,-0.19489,9.9597,-0.76897,26.014,12.277,40.968,35.132,-4.026,12.303,0.64978,11.091,22.513,11.955,23.725,20.886,2.0718,-5.0724,-7.9993,-9.0876
53.844,-20.272,10.812,0.96024,15.661,20.716,-6.6757,-3.5873,3.3303,28.006,-0.074896,-0.62578,-0.24737,35.923,-0.42246,32.573,39.156,7.5311,35.057,25.046,17.863,-24.389,7.5832,26.155,-3.325,-4.2994,3.6043,-1.7045,3.3757,11.5,18.271,14.399,-10.193,-13.557,-18.467,-15.125
57.49,-12.089,13.577,2.2431,18.369,18.282,-6.0467,-6.3164,-5.0479,17.028,-11.821,0.7615,-8.0753,22.298,10.878,32.091,40.993,38.618,57.91,38.518,-2.9169,-46.418,-18.47,-5.7677,-4.3496,-13.706,1.6971,-7.1091,-11.699,3.3861,7.1742,7.3545,-5.6227,-1.3757,-3.5068,-16.452
54.888,-17.237,16.126,3.0694,15.264,25.63,10.294,0.97957,-8.364,6.0478,-13.555,5.252,-6.0798,-2.8079,10.429,5.9816,-0.16672,28.561,57.849,30.343,-11.239,-27.947,-6.4944,-12.839,-0.50843,-10.986,-2.1527,-10.569,-12.346,-6.5373,-10.534,-1.1505,2.3062,19.76,8.7,-14.495
52.279,-18.708,17.189,6.5753,23.518,38.634,15.538,7.257,-1.4939,8.3683,-12.55,-5.6124,-12.246,-10.928,0.15556,8.8983,-10.319,6.2205,34.435,33.355,12.451,7.1775,30.472,-27.631,3.7399,-5.8219,-4.8233,-8.1333,-3.8224,-12.264,-22.535,-9.6949,4.2198,25.287,11.113,-6.15
53.41,-18.366,14.221,1.785,13.004,24.82,11.456,4.7977,-4.0663,18.362,-2.9577,-3.8585,-0.70407,-2.3955,-5.8246,-8.6735,3.0833,-8.9563,-5.8751,21.875,21.71,47.611,26.612,-35.386,4.7306,-0.95211,1.2239,1.0719,12.317,-3.384,-22.382,-12.666,-0.62778,8.7876,-2.266,1.6394
52.106,-16.989,14.607,7.3345,14.34,21.798,10.59,8.4518,-0.97106,14.46,-1.8838,-8.499,7.9364,-7.0176,-5.1119,-1.2475,20.256,-3.9413,-22.905,-5.722,1.7074,42.238,20.543,-25.244,4.0615,-0.45412,5.6974,3.1868,11.45,-1.2859,-14.684,-16.61,-10.031,-9.1043,-13.674,18.486
54.622,-19.294,14.504,-1.6469,21.395,29.57,9.8307,11.32,2.2296,26.808,-5.5826,-10.998,7.4817,-9.5239,19.182,16.414,46.129,16.722,-25.389,-13.446,-9.006,-1.5395,-12.86,-5.8356,-1.6987,-0.19327,5.4706,7.8479,-1.664,-6.7278,-4.0919,-14.525,-10.179,-17.969,-8.6721,29.494
55.641,-21.753,14.491,7.6675,29.45,34.289,4.8984,1.1351,-3.7881,25.265,-0.96566,-14.665,3.9683,-9.6348,16.139,12.288,25.409,-13.048,-29.23,-32.037,-22.345,-13.768,-18.164,50.024,-3.4891,1.0506,-1.3188,2.2671,-13.298,-16.935,-0.52254,-0.21419,5.5016,-6.2484,-2.8828,23.56
55.383,-20.746,23.87,9.8255,28.513,26.935,1.6073,1.733,-7.1608,12.19,-9.8467,-3.6932,-7.2133,-2.0533,10.902,23.798,-7.8134,-38.042,-23.172,-37.593,-17.157,-14.232,2.6052,74.45,-0.90546,-0.093878,-11.76,-3.0716,-15.672,-15.575,-0.70821,5.4243,12.526,12.472,5.8971,0.77514
53.709,-21.08,17.994,7.7426,23.485,16.591,0.086663,-2.7736,-7.4483,14.884,-8.8336,12.861,-2.1618,-5.5001,-7.566,6.396,-19.264,-61.235,-26.626,5.2804,33.291,17.343,-1.6032,52.413,1.7083,-1.3204,-9.8012,-2.8626,-5.8654,5.0117,7.4146,8.1955,5.9115,12.802,2.0309,-24.57
51.981,-20.657,18.204,10.215,20.471,19.398,0.6504,-5.5225,-4.5189,24.882,-0.34601,12.464,6.0194,-12.061,-27.766,4.002,-9.8958,-37.058,-30.232,-4.9837,25.807,45.263,8.3453,-3.1541,1.8848,-1.8294,-5.8803,-7.2122,0.7901,20.821,14.77,3.3717,-9.5509,-3.0706,-8.1089,-32.561
56.261,-24.547,13.541,10.671,23.839,7.4398,-7.9363,7.403,11.537,27.59,-6.5176,3.4625,5.8932,-11.233,-13.532,7.8734,-2.8764,11.518,11.373,-7.3646,-14.27,20.491,-10.879,-34.024,-2.7158,0.574,-3.3451,-7.6341,-5.2734,19.304,15.835,-9.9146,-23.47,-20.287,-8.2285,-20.545
57.117,-25.043,12.214,10.362,23.388,12.982,-9.4973,-5.8472,-3.7496,28.469,-6.8321,-0.57102,-1.8169,-8.3338,-15.516,-13.001,-12.057,29.687,31.677,-14.412,-41.131,-31.16,-33.301,-45.137,-4.3814,3.8624,1.3956,-7.2859,-7.5445,-0.80649,6.3402,-0.055834,-5.9187,-20.054,-4.8174,-0.38094
54.088,-24.504,14.223,11.605,20.588,25.558,10.847,-6.2936,-14.968,23.337,-11.03,2.3667,-11.822,-4.4934,-30.416,-23.273,-44.551,1.912,21.593,-39.578,-50.588,-45.879,-21.922,-29.321,-2.001,4.4322,3.0893,-4.9091,-4.0144,-15.103,-10.168,13.821,20.227,-0.84316,1.5273,7.7446
52.159,-24.846,10.105,3.2466,16.068,25.182,7.0972,-5.8802,-11.832,11.428,-14.74,-9.5563,-7.0298,3.8815,-12.346,-16.854,-26.781,-36.287,-3.6413,10.844,14.373,-21.822,-10.22,-7.4101,2.7685,5.5045,11.806,6.4495,8.4956,-8.4636,-13.136,21.78,28.392,19.12,5.3804,9.9279
52.829,-26.893,-0.61276,2.5923,5.224,2.2956,-5.4368,-12.37,-9.7163,13.171,-13.525,-6.7055,-1.5055,4.8202,0.32904,-14.746,-15.586,-31.008,-21.81,49.113,59.113,11.607,-14.783,-14.164,6.5369,6.0826,20.24,12.601,17.936,11.392,-5.48,13.722,13.733,17.139,4.5317,5.4372
54.232,-21.908,13.459,6.4416,17.68,6.47,-3.1761,2.6128,0.81129,22.641,-10.695,0.26002,6.8674,14.532,28.14,14.983,15.939,3.8292,-12.303,50.143,45.98,35.7,-9.9688,-3.0756,5.4274,3.0691,11.545,11.215,11.995,22.601,3.5026,-14.774,-17.273,-1.1516,4.0511,1.2284
52.299,-23.563,12.711,2.635,11.989,19.411,5.0784,14.016,8.2666,23.534,-20.445,-9.6237,13.914,20.594,50.542,23.813,23.767,38.813,-1.4755,9.3811,2.2726,11.056,0.61027,-4.3024,2.5645,-0.30875,0.16194,8.553,7.4062,9.886,6.7605,-22.774,-25.497,-15.368,6.8801,5.3309
55.858,-19.245,17.514,10.717,20.655,18.54,-4.312,5.9984,2.1663,24.097,-16.265,-9.635,12.398,11.34,20.272,19.94,13.516,41.806,3.7045,-43.162,-43.574,-27.305,2.3383,-6.1993,-2.9832,-6.1532,-13.128,-3.8777,-3.1597,-9.1542,5.3135,-4.3206,-6.1972,-10.431,9.2738,3.5978
58.972,-17.927,22.631,12.362,15.62,15.667,-5.6066,-9.3719,-9.2575,17.97,-10.435,-3.9092,8.5516,4.8725,5.0728,25.54,22.656,-0.56597,3.9885,-18.105,-23.595,-33.733,13.463,14.052,-5.6613,-6.015,-20.026,-13.972,-6.7036,-17.015,2.4095,17.415,14.242,10.811,11.998,0.59064
57.094,-19.056,18.635,11.548,22.622,29.245,4.0186,-7.2744,-12.214,11.77,-14.531,-5.6969,-5.3677,-8.3733,-14.767,-5.2696,0.69564,-22.252,11.533,42.283,27.928,5.9394,29.974,5.7361,-3.7764,1.8958,-11.724,-20.566,-8.6981,-9.7073,-2.5732,16.995,19.234,29.213,14.64,-2.372
55.957,-21.221,14.687,14.989,22.334,13.775,2.9073,11.6,3.6593,12.831,-14.58,-4.5668,-5.5102,0.37591,-32.07,-33.444,-3.3412,-14.232,6.6578,53.734,37.73,48.49,46.783,-7.3169,-1.4209,8.059,-2.2735,-16.57,-7.8436,13.872,-3.2523,-10.142,1.5234,17.954,2.2294,-5.7221
54.682,-21.785,14.102,6.7679,17.646,8.3594,-2.8027,16.654,9.6719,29.636,0.79464,-6.4381,0.54679,23.067,-19.777,-53.4,-16.976,0.10241,-10.496,5.8915,21.935,77.648,58.879,-7.3747,1.5423,5.2325,8.691,2.8351,-1.8605,22.678,-4.0009,-27.288,-9.9402,-13.097,-15.682,3.0164
57.423,-16.375,8.8619,-1.9703,16.437,18.993,1.133,5.5311,-1.3352,33.282,5.294,-7.197,-1.5099,29.447,-3.7902,-33.243,-7.7257,57.615,-1.2586,-50.619,-12.981,20.183,10.158,-8.0031,-1.2526,-4.7333,13.609,19.48,0.34325,11.404,-3.2659,-17.256,-2.6705,-37.855,-27.648,10.622
56.634,-9.9455,11.659,-6.6719,17.082,26.687,-0.34235,-1.2941,1.2509,40.368,4.9716,-8.0692,0.34345,3.2537,14.548,8.8051,-6.4148,55.215,-4.514,-41.979,3.5825,-45.394,-30.122,21.161,-3.9951,-14.891,9.0749,25.275,6.1057,-4.515,1.5649,7.444,0.76817,-41.222,-23.909,8.316
54.226,-12.417,14.013,5.0878,18.752,33.419,1.0479,-4.7353,1.3793,17.556,-11.589,-7.7528,-11.672,-13.384,18.814,32.852,-6.9057,15.23,-12.663,-8.6117,33.554,-79.263,-46.957,31.527,-2.0872,-14.284,2.3293,11.045,5.8701,-23.651,-1.099,19.986,-0.63363,-6.5968,-2.0964,1.9582
56.453,-22.137,18.8,7.6414,13.281,28.754,-5.0171,0.7976,10.106,14.802,-5.8246,4.4204,-14.348,-29.971,14.296,39.927,13.142,-1.28,3.0305,22.108,2.5082,-78.74,-32.109,14.44,-0.14576,-4.9382,-4.0042,-5.8928,0.33655,-22.14,4.4704,9.7026,-10.474,25.881,11.999,-6.2882
51.678,-16.971,14.698,7.2989,14.885,25.575,-2.861,0.17941,11.014,6.4338,-12.787,2.3217,-4.6004,-25.362,7.9827,6.4231,11.846,-32.392,-10.526,17.267,-15.612,3.8719,0.6695,5.1488,4.9534,0.23037,-6.2352,-14.204,-9.7909,-12.818,5.482,-3.3133,-14.818,32.372,15.628,-2.1077
50.734,-22.654,18.464,12.186,25.587,29.969,3.1273,7.3024,-2.3124,6.5594,-10.484,-5.8865,-3.921,-15.449,-0.057294,-7.4444,-14.108,-31.673,16.77,-6.4055,-24.206,42.444,6.0611,2.9094,4.3543,2.4821,-9.433,-18.813,-19.967,-8.74,-3.9246,-10.399,-2.0775,17.063,5.0738,6.5355
54.785,-24.839,18.173,6.027,18.522,16.616,-8.2871,0.64574,-0.21749,23.614,-8.9248,-0.025026,7.8821,-19.493,-5.185,-14.485,-42.235,-33.665,7.8778,-10.921,-27.181,22.006,12.096,26.754,0.55358,1.3086,-8.0339,-11.502,-12.202,2.4439,-5.7679,-1.5796,4.0525,-9.3027,-5.4351,3.0294
52.939,-25.927,17.035,4.5551,4.4081,17.397,6.0808,-2.6383,3.6189,27.434,-4.7249,7.0485,1.1825,-20.495,-26.286,-43.686,-59.65,-44.343,-25.794,-15.791,-2.0948,-2.4932,-12.453,36.315,-0.33796,2.1109,-4.4706,-5.6589,5.698,5.4534,-12.648,7.4208,6.9042,-12.262,-3.6645,-5.8958
54.517,-25.081,12.821,3.8721,4.3572,15.028,-0.39878,-0.31091,-5.5421,6.9995,-9.6183,9.2311,-4.3842,-16.296,-19.073,-32.965,-26.394,-13.837,-18.083,14.061,-6.405,-20.173,-17.249,3.593,-0.80306,7.444,2.725,8.816,22.606,11.453,-0.55518,5.2037,4.4749,-0.84843,2.2537,-12.082
51.459,-32.78,7.9973,-8.5793,2.8443,8.5911,-13.714,-0.11472,-0.69745,13.62,-16.364,7.6429,0.52233,-6.4929,-15.467,-26.499,6.4613,-14.32,-33.49,18.207,-0.072726,2.2234,2.4109,-14.989,2.8508,12.745,11.043,25.872,30.419,17.292,16.596,3.1105,-0.40689,1.1876,7.2337,-9.8823
53.332,-29.561,13.155,-3.8881,6.1075,14.1,-7.4314,6.4147,-1.2618,20.434,-11.729,1.4743,4.1969,10.726,3.0306,21.002,37.739,8.5896,8.9499,-1.9017,-5.8177,15.406,15.932,-8.0055,2.7685,11.057,8.1651,22.983,19.305,15.354,19.129,-4.6612,5.8207,0.2445,1.4111,-1.1293
53.792,-26.934,9.1342,-4.8142,6.7636,10.701,-7.148,3.1025,1.4424,21.829,-2.4639,3.4323,11.146,29.717,17.879,58.689,60.377,30.901,43.667,7.7432,-4.4229,-14.345,7.1243,-7.2973,-0.50481,2.9012,5.4547,12.921,5.6102,13.947,15.388,-1.6045,9.5523,-5.5504,-9.2722,3.5141
55.449,-22.642,13.767,12.491,21.267,18.268,0.79324,-2.8704,-9.5209,10.598,-8.6024,7.3336,4.1467,20.883,5.0802,39.356,43.173,40.323,38.982,-4.0123,24.873,-10.667,-12.55,-5.8993,-4.978,-3.2685,0.23887,-6.2725,-11.237,1.7631,-1.7095,1.0562,10.294,-0.053622,-7.3661,0.10166
55.974,-21.381,16.63,12.576,25.453,21.958,4.0074,8.3994,1.2206,11.366,-14.366,1.0646,-1.9766,2.9345,10.782,28.929,31.795,39.548,28.435,11.24,32.343,-12.493,-29.709,1.5284,-5.7079,-6.0955,-1.3874,-14.437,-19.62,-9.5359,-10.11,-3.0746,-5.2392,5.9098,3.2112,1.7398
54.315,-21.895,11.947,7.0951,18.349,28.633,6.4819,1.76,11.286,20.332,-12.053,-0.29147,-14.132,7.7746,7.7734,4.5197,-4.1541,13.082,8.0187,1.6307,27.271,14.211,-2.4819,-11.91,-1.4978,-1.5213,-0.44854,-7.5044,-13.693,-15.583,-9.0063,-4.1748,-20.319,2.6149,13.183,5.0693
53.371,-25.839,15.435,12.348,24.12,25.292,4.2251,6.4073,7.2107,10.715,-15.593,8.0091,-8.2545,5.7937,9.5954,3.9218,-14.062,-3.1574,8.5986,-10.451,-31.818,2.7654,18.146,4.407,2.3673,3.763,-2.6202,-1.2688,-6.9854,-12.075,-6.7969,-8.3493,-17.298,-0.85052,12.543,2.6527
49.685,-16.525,18.252,14.864,19.856,23.142,4.6937,-1.059,1.1196,18.029,-9.2298,-2.0937,-0.20349,11.846,3.4308,14.337,-2.3636,-16.238,3.8687,-14.041,-44.642,-5.221,29.439,18.008,7.5666,-2.1248,-3.0883,1.3506,2.0159,-1.7855,-6.0507,-2.5365,-3.5865,-7.3747,-1.3434,3.7301
54.162,-21.169,18.276,10.652,17.668,23.125,9.2007,4.5833,-9.6051,13.9,-6.7043,4.1691,2.8959,19.714,-0.14799,17.676,-4.0271,-6.166,-3.4747,-22.67,-18.192,-7.029,17.047,-0.16711,4.0935,-5.077,-4.538,-2.972,2.6621,4.1307,-10.011,-1.1941,16.999,-4.701,-12.843,-4.6242
53.818,-18.307,12.242,15.112,20.393,21.597,5.9284,-4.3483,-2.6274,16.129,-1.7782,10.633,18.126,-9.8095,-2.7962,4.3957,0.90799,5.6585,-16.198,-4.9423,2.5256,-17.765,-8.6492,9.0274,-0.023448,-8.4387,-4.4774,-11.669,-4.8331,5.9879,-6.2835,3.7613,22.641,1.5352,-11.169,-5.8971
52.752,-15.091,18.366,21.062,21.838,22.981,1.8704,-3.2832,-0.011863,8.1504,-10.795,1.5624,3.0483,-8.7632,-9.9809,-5.9674,-2.3872,6.5477,-31.422,-20.971,29.592,-14.468,-27.026,-14.224,-2.1821,-8.041,-3.7364,-14.321,-7.2766,2.9187,-1.8312,4.0463,14.549,7.9345,1.7124,0.95652
59.452,-24.469,16.808,11.857,18.225,26.043,0.25984,0.40314,-2.4142,12.021,-11.509,3.7234,-0.39693,-16.109,-14.04,-32.187,-27.349,7.3444,-13.575,3.9158,44.669,6.1742,-4.3706,-4.4491,-4.4293,-0.55197,-0.38534,-7.4903,-8.4093,-3.052,3.2788,-0.58678,2.8447,10.729,9.9155,-0.63079
52.868,-22.47,11.002,9.2955,17.559,24.176,-3.6762,-8.2779,5.0844,8.7202,-15.352,0.51184,1.2471,-17.341,-13.208,-35.64,-26.281,7.5845,-13.942,-6.8677,33.482,20.674,23.47,11.354,1.6645,-0.0031087,3.5234,-0.93049,-5.4564,-7.5875,6.5294,3.5894,-11.266,9.0578,6.6801,-3.3651
53.561,-22.672,8.9042,4.9016,8.8586,24.672,1.9142,0.10692,17.159,18.932,-1.6852,8.9332,-3.1199,-8.2802,-3.1092,-18.219,-29.191,-10.12,-8.544,-14.928,14.804,18.311,15.681,-6.9153,2.9855,0.080996,3.4632,5.4713,2.1461,-10.006,0.87789,1.7819,-19.282,0.45174,-6.4759,-11.443
56.322,-24.661,15.714,6.7198,13.381,27.459,-5.9279,-6.569,6.9426,15.032,-3.9723,4.6344,12.732,-12.693,2.1708,-17.603,-28.748,-22.658,-1.2909,6.398,-11.804,24.753,-3.6512,-29.816,0.097818,0.065208,2.3959,4.9235,5.3246,-8.7113,-0.54672,5.2862,-17.287,-5.3361,-16.066,-13.864
56.166,-27.514,12.898,4.0354,5.7186,19.342,-2.8863,-7.9152,4.0588,18.021,-9.3585,-1.7955,8.7881,-18.028,-4.4135,-13.848,-15.385,-27.563,-15.511,6.1923,-29.099,6.3933,-23.19,-41.078,-2.8063,0.65708,2.2928,2.5724,10.235,-0.36011,-1.9046,7.4402,-6.5484,-1.4167,-6.0005,-3.183
57.932,-26.396,10.091,0.92688,4.7547,15.512,-1.9214,-1.0679,5.7322,21.552,-13.341,-9.0318,-4.2178,-12.142,-0.57657,-13.208,-6.5617,-27.25,-13.192,9.003,-31.003,-0.047507,-37.425,-40.886,-5.2564,5.6163,4.053,6.5882,12.383,6.7879,0.080661,3.6681,7.4409,3.2219,8.0227,9.437
57.15,-30.818,9.5091,0.87383,5.4791,16.864,-7.8448,0.45252,3.2148,18.868,-8.5959,-4.7726,-8.6766,-5.2706,9.7286,-7.5551,10.892,-9.624,-12.116,20.971,-8.3383,23.628,2.5652,-17.295,-0.97308,11.439,5.7726,11.417,9.3234,10.399,6.231,-0.7085,14.825,7.9469,12.796,14.796
53.721,-29.079,17.12,1.6967,10.22,15.073,-10.045,-6.2513,-8.1369,14.585,-23.066,-14.32,-4.8175,9.0095,15.365,12.191,20.029,2.3118,-2.585,17.349,15.02,32.245,23.585,5.4776,2.572,12.017,0.8377,12.75,3.5332,10.419,9.9139,-4.677,11.784,1.4838,13.074,15.433
53.933,-28.808,14.247,-0.12707,8.4321,14.75,-4.8829,5.1619,6.8243,33.318,-3.2132,-7.7988,4.2226,28.593,16.479,30.538,17.936,9.649,10.34,-1.5233,22.016,29.981,10.286,9.7224,2.8693,6.7719,-3.8415,7.7111,0.62096,7.1301,10.793,-6.0351,-5.6019,-16.265,-3.2496,7.2584
57.132,-22.897,15.404,7.5227,13.293,17.725,-4.6948,5.2521,11.437,30.45,-4.2398,-4.7799,2.1928,31.012,0.23689,31.494,7.5821,15.211,25.149,-3.1348,12.739,4.1947,24.084,22.768,0.19545,-2.2867,-8.2704,-4.6737,-2.8994,0.70344,8.7046,2.6279,-13.18,-18.098,-4.8047,0.65395
57.556,-19.613,18.607,13.23,12.911,20.362,-5.3498,-6.0609,4.4357,25.927,-12.866,-4.6816,2.1647,17.588,-1.9148,21.349,20.22,19.577,27.981,1.0374,-35.207,-43.671,-13.933,10.352,-2.54,-8.0871,-9.2441,-14.532,-3.4531,-0.90022,8.5514,16.074,-4.3869,-9.0901,-1.4234,-5.5521
53.006,-18.17,15.059,10.765,11.771,19.872,2.7632,-2.2073,-0.57314,20.378,-6.1977,-4.4948,-2.8113,3.0786,-16.79,-6.5831,4.3901,0.86499,32.118,29.208,-22.269,-21.416,11.671,8.4326,-2.5142,-6.9658,-1.5041,-13.154,-3.8974,-0.2582,6.8747,15.376,10.124,9.9349,-1.4627,-7.4803
57.079,-22.377,13.462,8.9263,19.303,23.465,5.3786,9.4103,-4.774,16.519,-9.2007,-2.7654,-5.9756,2.1241,-21.228,-23.084,2.2669,12.321,49.613,62.677,17.586,-2.6634,9.3761,-10.871,-2.0705,-2.1453,6.284,-3.7941,-3.4485,4.1608,1.9516,-3.6193,16.174,20.292,0.30573,-1.7595
55.965,-19.975,9.5809,6.3829,12.292,16.606,5.9999,12.121,4.9077,24.445,-0.23709,-1.5217,-6.308,3.9148,2.3731,-12.061,-2.9282,17.548,48.707,42.926,36.961,33.365,5.1163,-4.022,1.8586,-2.2471,12.279,6.1627,3.7366,10.275,-11.101,-23.823,2.3275,5.3556,-7.7511,4.1064
53.089,-17.649,10.731,3.879,13.784,28.155,17.838,18.114,10.488,22.561,-11.158,-11.603,-6.4396,6.4433,19.923,5.1177,6.6368,32.04,29.444,-23.918,16.048,30.398,-9.127,7.7816,5.7347,-5.6692,7.6142,7.6528,2.3006,3.5073,-25.632,-32.085,-12.927,-9.7797,-3.7691,6.9096
51.847,-18.577,17.611,7.258,13.066,26.3,20.887,14.904,10.276,34.04,-2.6608,-2.0868,6.7137,-10.316,24.029,10.13,20.888,42.38,-13.301,-46.611,-9.863,-11.169,-17.833,19.638,6.4604,-6.4266,-2.7041,0.6085,-0.11853,-4.5213,-26.281,-16.464,-16.631,-18.701,3.7786,-0.62274
55.918,-19.854,19.409,11.048,22.234,34.638,12.657,-3.9405,0.56554,26.921,-12.552,1.4079,16.187,-19.106,6.0145,4.0851,1.8618,17.441,-47.543,-52.98,-23.64,-29.295,2.0052,11.847,1.3304,-1.0138,-10.382,-3.3369,-6.5356,-15.966,-9.6415,8.4819,-5.72,-10.107,11.529,-6.7988
57.907,-24.031,17.257,7.8635,18.511,34.555,1.9396,-0.15777,4.9375,16.681,-8.4566,1.7918,14.681,-15.443,-4.193,-8.5024,-1.1334,2.2405,-44.205,-24.865,-26.349,-30.293,18.443,-9.1685,-4.385,4.5464,-12.245,0.38963,-9.3797,-18.325,11.98,13.474,6.0245,7.081,8.2488,-7.7598
58.152,-24.475,13.916,5.6189,11.993,32.748,3.5404,-0.84527,1.3376,16.593,-7.2577,-7.6192,-3.7712,3.9377,-17.877,-2.2509,-15.03,-27.72,-3.3108,7.6182,-4.3094,-10.574,30.381,-11.809,-4.1966,3.9285,-7.0623,6.8323,-6.3693,-9.8896,17.98,6.7619,14.57,14.257,-2.9011,0.099
58.07,-23.989,18.261,5.7212,17.62,28.365,3.3426,0.92374,-3.2842,24.057,3.9135,-2.1575,-5.2323,0.89389,-25.251,15.246,-17.564,-26.662,24.484,-9.5402,10.594,14.876,9.2229,-7.3328,-3.0171,-1.9268,-3.4087,6.4224,-8.0824,-0.4976,8.8449,-6.5889,13.033,8.1888,-12.936,6.75
53.95,-17.907,9.968,10.993,15.164,23.872,10.3,-0.67219,2.5217,17.946,-3.5469,-2.5218,5.1606,-7.6322,-18.768,26.373,-21.769,-17.555,8.0123,-26.833,30.736,19.408,-7.8901,11.424,-1.7243,-6.171,3.4518,-4.4297,-3.1205,10.909,-3.9243,-10.979,1.7673,-0.7753,-14.761,4.2707
57.392,-26.868,6.6049,12.799,8.1436,25.662,10.801,-5.0144,9.6426,23.443,-5.7006,-4.4233,-4.8706,-19.292,-20.791,9.2978,-38.176,-5.3301,-5.6425,-40.584,21.294,-4.3401,-27.103,12.965,-3.2878,0.010293,5.0903,-11.558,5.4947,10.575,-8.26,1.2448,-8.0201,-7.3439,-3.3065,1.3086
61.072,-26.851,10.36,15.266,5.8464,25.322,3.8171,-11.293,10.242,26.604,-6.3957,-0.77408,-12.574,-16.824,-2.848,-21.425,-20.327,16.158,-7.8692,-31.754,-0.82292,-4.8428,-25.261,-0.60444,-1.6809,7.7958,5.3784,-10.526,11.874,3.5747,-5.854,12.269,-11.573,-7.7181,3.176,-1.1716
52.074,-29.163,7.6694,8.2336,3.191,24.975,3.763,-14.058,3.5026,17.558,-8.2134,3.4512,-12.804,5.5414,-7.7598,-18.645,9.1883,9.3545,-8.8758,-0.85589,-13.726,-9.7184,1.3758,5.2248,6.1941,14.062,8.1696,4.3014,14.84,-6.7426,-4.9076,17.275,-1.0543,-4.7581,2.0142,-3.5399
50.322,-25.171,8.0117,2.5634,7.4769,32.294,9.8851,-12.028,5.1802,18.467,-14.921,-6.7613,0.72273,18.93,1.608,-12.285,13.919,-7.0244,-19.641,14.648,-9.6178,-16.494,-6.2492,9.4366,9.2523,10.092,5.8563,16.326,8.6562,-16.195,-7.0588,15.542,5.5593,-6.0065,-2.8174,-5.1525
56.364,-24.937,3.8991,9.8279,11.922,26.853,3.3295,-5.075,5.3106,22.652,-0.75008,1.1827,19.452,33.143,17.829,26.234,18.9,-27.452,-24.295,22.591,20.421,-22.305,-26.538,-9.7551,3.6651,2.9053,4.8661,12.961,1.7187,-10.306,-2.6807,3.1837,5.1081,-3.3984,-7.3555,-9.9414
59.288,-19.499,13.049,8.3268,8.4402,20.871,-5.7867,-8.4604,4.5295,15.81,-13.252,5.0785,17.56,19.838,13.639,37.763,18.099,-46.414,-35.454,34.23,9.9003,-28.582,-25.391,-18.877,-4.5747,-6.9788,-4.5151,0.48591,2.3086,6.0056,7.9955,-1.4317,1.3557,6.4419,3.3877,-5.4971
57.317,-15.427,14.065,18.469,12.159,16.961,-0.54844,-4.5462,14.038,7.7338,-22.317,-7.3462,-2.8973,19.614,10.555,21.135,15.692,-22.479,-14.373,5.2718,2.0549,-20.666,-25.831,-30.325,-8.6187,-14.395,-7.6745,-13.651,4.3082,20.806,12.206,-5.6119,-8.1441,16.014,16.883,10.134
58.626,-20.007,9.7484,17.124,16.408,14.034,-5.9029,4.823,5.7666,11.635,-16.833,-11.935,-10.976,-9.1998,-17.331,-7.3051,27.066,20.518,15.376,16.149,6.3436,14.896,10.336,-7.7641,-5.3256,-8.4389,-2.7459,-12.138,3.4135,20.836,13.555,-10.864,-6.4507,15.537,16.632,18.61
55.246,-14.876,10.827,15.996,15.785,19.032,-3.7989,-9.0808,5.7195,14.406,-11.875,-5.473,-9.3736,-24.313,-5.0589,-19.485,35.957,43.111,11.32,3.572,-18.521,36.026,40.014,35.357,2.858,-1.6585,2.4084,-3.364,-1.5247,3.5328,4.7149,-5.5167,-6.0586,6.0295,9.7853,14.385
54.835,-24.375,6.003,5.9105,20.16,30.094,3.5263,1.8812,11.861,19.922,-13.305,0.25987,-5.8297,-0.39329,7.7166,-2.6168,25.034,24.973,19.477,-19.239,-12.065,20.759,24.844,41.33,7.6446,10.105,6.5961,6.2858,-12.771,-16.434,-5.5678,-3.5661,-1.6077,-9.9983,-1.4715,-2.5522
54.526,-25.4,13.408,14.333,28.261,30.486,0.39704,-1.2893,1.7304,21.604,-4.0738,4.2349,8.8192,6.9183,10.073,1.9703,9.0846,-7.0432,7.1509,-4.6183,-19.034,6.55,15.842,17.053,7.532,7.3734,-2.5631,5.1468,-19.933,-18.537,-5.5133,5.6091,6.9821,-12.733,-3.5359,-14.491
56.072,-14.942,12.316,16.647,22.686,20.793,1.7375,-8.6921,1.7285,18.416,-8.3116,3.8757,18.15,25.71,8.084,13.396,-23.353,-36.574,-10.379,2.4135,-1.4388,-20.357,15.065,-11.373,3.9366,-6.7981,-5.9347,-0.38088,-16.068,-4.1986,-5.3111,7.6077,6.0094,-1.1245,0.37209,-10.666
59.038,-16.133,12.707,11.613,19.064,20.161,0.67096,-6.1033,1.2688,18.434,-6.4506,1.2455,16.296,-0.49781,-18.058,-1.7577,-39.515,-18.802,-1.3187,20.792,11.076,-7.0792,27.224,-10.746,-3.0929,-12.193,-2.338,-0.87258,-6.1324,9.4517,0.23914,-2.6395,5.6205,9.0043,-4.8349,1.1773
61.654,-16.154,10.396,13.969,13.083,16.97,-1.7999,5.4949,11.372,11.328,-4.5841,-3.9317,10.115,-30.676,-7.8914,-2.6572,-31.006,9.8595,-2.8441,6.0948,2.927,21.951,21.013,1.899,-7.2069,-12.767,3.1343,-2.258,8.6956,15.682,1.5641,-13.722,-0.020024,15.089,-14.651,5.3507
59.882,-25.043,5.3395,14.794,13.305,22.996,1.5064,2.013,2.4466,21.608,7.6746,2.7654,-2.6271,-25.854,6.371,5.6341,-17.751,16.998,4.5794,-19.656,6.8858,30.418,-11.307,16.304,-5.3821,-2.2017,8.2657,-1.1832,11.122,4.7163,-6.117,-14.998,5.3052,2.876,-26.052,-0.86822
60.707,-25.824,12.054,13.729,10.062,24.305,-0.10225,-9.7028,2.6031,27.804,-4.8676,4.0653,-8.4222,-25.445,11.541,-1.5895,9.2429,23.935,-5.5072,-45.972,0.55614,36.342,-38.926,1.8559,-1.7681,6.3023,0.68219,-4.0089,2.7134,-6.7274,-6.3748,-4.5143,6.9667,-13.294,-21.264,-8.3844
58.198,-24.225,15.063,14.55,11.699,24.993,2.1118,-8.3325,9.0962,25.405,-11.963,5.3989,-1.3458,-14.121,13.554,-8.2074,-4.0295,-2.2586,-30.572,-28.167,38.787,0.10535,-73.068,-15.066,-0.04231,6.8466,-6.3359,-5.3316,-5.6162,-8.1355,-1.7847,0.32122,-3.5514,-25.107,-8.8782,-12.17
58.285,-29.285,11.304,13.296,18.507,27.939,-4.8562,-12.318,8.3253,27.6,-14.229,-4.3205,0.63344,-5.0309,-8.0721,-15.781,-24.3,-14.149,-17.142,-12.221,21.81,-29.364,-54.426,-24.338,-0.77129,9.0959,-5.5096,-2.7983,-8.7508,-5.8346,6.3421,1.1181,-14.686,-22.124,8.3095,-5.2578
60.42,-30.374,12.492,10.907,7.0682,20.05,-11.403,-10.763,18.979,21.763,-24.179,-0.57463,-7.3665,-1.8286,-15.502,-13.928,-29.06,-4.6373,1.4734,-34.925,-21.498,-62.264,-47.948,-31.447,-2.105,8.8215,-2.3276,0.82798,2.1343,3.2279,10.875,-4.0283,-23.128,0.47018,28.913,4.6151
59.912,-25.266,9.3038,7.6599,0.2279,19.702,-1.9161,-14.598,8.5665,14.943,-25.972,-5.117,-9.2683,13.888,-1.4789,-12.721,-21.996,-4.0491,10.18,-37.003,-42.732,-43.094,-9.9385,-16.242,1.2834,7.4113,5.2966,4.5866,11.45,5.5816,4.2914,5.224,-7.9884,18.859,30.567,13.495
53.701,-27.149,8.3127,10.404,6.3084,26.793,1.3784,-24.655,-1.7733,0.60092,-30.065,-9.9265,-6.9199,20.527,-1.3803,-5.5977,5.49,8.8308,10.143,-35.918,-44.583,9.3215,49.256,3.9618,5.2157,5.9637,4.7165,6.5744,8.6857,-1.9199,1.1444,22.056,13.544,26.536,22.485,13.703
57.011,-23.954,12.654,7.1866,7.8894,22.543,-6.1565,-23.873,-2.6643,16.634,-16.255,-7.7658,6.827,20.848,11.35,2.9866,15.673,7.0251,-0.020053,14.395,-6.5899,29.138,49.809,25.433,4.7064,0.75444,0.69388,5.138,0.31324,-2.7307,2.8858,24.73,20.345,9.5843,0.28856,7.189
58.411,-20.766,10.126,8.3444,5.9825,23.045,-4.2109,-24.084,2.3029,25.578,-4.4096,2.7307,10.665,24.51,1.6661,11.09,-4.4666,-19.774,12.296,49.657,28.151,34.297,34.601,16.232,1.5197,-5.9471,-1.5281,-1.4146,-4.7704,1.2793,4.6228,19.98,16.412,-8.7427,-17.194,0.63317
60.971,-18.033,14.072,10.183,8.2276,25.088,0.86854,-7.6862,3.2335,17.023,-13.896,1.2709,5.4713,15.668,0.46724,4.6256,-15.451,-3.4003,23.533,43.859,22.627,-7.6611,-1.1681,13.567,-4.7026,-9.8996,-5.6078,-8.1643,-1.1471,13.048,6.8684,-1.1194,4.4493,-8.0034,-8.4626,-1.519
57.054,-17.854,8.4368,14.451,3.906,15.633,4.0137,-7.9203,9.3533,17.555,-13.944,-6.3289,1.3565,-6.6189,-3.5794,-13.49,-2.7998,20.44,21.48,49.25,22.867,-15.993,-11.225,13.061,-5.5572,-9.4839,0.056324,-12.329,8.6182,25.353,3.5853,-8.636,-3.5857,0.50585,0.24467,-7.0519
60.425,-17.575,13.733,6.4462,1.202,24.549,1.4979,-10.026,5.1241,16.815,-12.072,3.5477,-12.032,-13.086,-14.066,-25.545,9.1043,52.16,29.73,9.0017,18.299,14.265,30.409,19.424,-4.5789,-2.0454,4.5629,-5.5603,12.643,14.226,2.3102,-3.3774,-7.4265,6.8259,3.9034,-21.917
59.362,-24.304,8.5064,3.4677,8.0954,33.534,6.2146,1.7105,12.791,17.686,-10.934,8.1226,-8.3699,-8.5322,9.2145,-35.469,26.347,79.213,27.124,23.906,12.387,25.863,20.036,-21.956,-0.71032,3.7147,9.7739,11.051,9.3593,-5.266,-4.0364,-7.7638,-18.025,-1.6044,-0.53663,-25.154
53.801,-21.351,7.0041,2.9021,10.685,42.218,14.633,-8.0007,10.664,24.091,-0.1962,3.7572,-12.56,6.3983,16.885,-12.186,33.19,38.342,32.263,39.644,-9.2649,5.5402,2.7185,-78.509,4.4597,0.51937,7.5897,25.476,4.5675,-23.006,-12.854,-10.051,-23.317,-16.642,-10.897,-11.663
56.181,-20.233,16.408,-1.5118,12.338,46.405,11.008,3.0198,12.777,26.849,-9.8638,-17.411,-1.9311,2.2125,29.815,35.084,31.954,1.019,0.031834,-4.8899,-53.476,-19.652,-0.063301,-63.745,1.8614,-2.2667,-5.1646,27.354,-2.841,-31.463,-13.455,-19.125,-18.058,-18.018,-0.96977,20.302
55.736,-16.412,18.224,2.8429,15.676,37.285,15.232,9.1411,0.49883,15.004,-11.248,-22.94,7.0472,-15.861,13.582,66.561,29.138,-23.775,-20.993,-26.855,-65.356,-46.185,-14.026,-17.994,1.4076,-3.6709,-8.24,8.9725,-9.897,-17.797,-11.365,-17.363,4.2455,-2.3788,4.3127,37.035
57.429,-25.667,17.804,21.039,21.577,36.51,5.9308,-9.3053,-8.8646,12.403,-5.4402,-10.401,-8.8663,-8.736,-14.957,61.928,14.168,-47.042,-13.525,-38.469,-49.86,-38.367,23.559,49.297,-2.0355,3.7244,-6.0309,-17.729,-15.161,-4.3314,-1.2709,1.8459,30.339,15.418,0.65693,18.589
56.7,-26.564,13.098,24.907,20.635,35.278,6.675,-15.266,-11.194,8.2211,-9.4208,-8.745,-2.054,-6.4818,-1.9295,19.254,-7.4018,-26.614,-17.782,-30.383,10.155,3.0033,12.471,50.144,-1.8606,7.3591,0.51769,-31.207,-15.679,6.643,1.6275,10.696,32.833,20.008,-3.2745,-6.206
51.266,-19.525,11.493,18.42,16.942,23.888,8.5246,-4.0112,-6.3072,11.057,1.0022,0.13979,-7.558,16.145,7.416,-29.908,-25.583,-19.219,-7.9287,6.103,60.463,32.844,-10.027,-4.8703,2.5521,0.29976,2.9048,-26.357,-10.914,15.788,0.42692,9.1597,15.922,10.263,-12.932,-24.424
57.791,-22.724,20.415,13.78,14.292,30.289,5.0446,-8.6973,4.2974,17.179,-8.2334,-3.1383,-2.91,8.4942,4.9842,-43.555,-29.38,-4.4716,-15.654,4.3395,43.646,18.248,-13.605,-21.941,-0.13757,-5.8471,-9.0908,-12.747,-5.3204,5.896,-1.943,2.8238,-9.9676,-4.7596,-5.0086,-15.809
53.105,-19.515,17.853,11.649,11.957,29.395,2.7816,-9.5381,13.621,24.346,-11.047,-15.64,4.322,-14.725,-3.8902,-38.454,-29.411,20.825,-12.454,-10.032,13.004,5.3253,-28.064,-36.783,1.1364,-10.229,-12.131,5.3579,3.3998,-5.062,-5.3624,-3.4374,-25.094,-11.634,6.9272,9.0296
54.325,-22.322,12.409,6.5154,8.4376,30.288,1.7194,-10.333,0.66494,10.7,-10.199,-11.826,-8.6819,-20.283,-41.73,-40.209,-32.09,-17.155,-25.234,-8.1964,-15.954,-7.0351,-3.5536,-12.946,-0.4495,-3.8771,-5.1339,14.315,11.205,-8.1399,0.53841,-0.24976,-16.725,-4.088,10.91,19.536
55.159,-27.089,13.55,2.8253,5.1642,34.301,3.9602,-8.2094,2.0112,16.959,-12.047,-13.908,1.01,-20.614,-29.882,-4.7913,-7.2288,-38.187,-29.951,-4.8162,-35.208,-12.685,19.584,35.78,0.95713,6.9926,8.1751,16.691,17.283,-2.1313,4.4238,2.5551,-6.6824,1.9431,9.4727,18.076
52.423,-29.079,1.7009,-1.9133,1.6437,19.259,-8.1617,-13.46,2.1254,17.355,-9.5101,-10.477,-3.5015,-7.9473,-7.6892,11.191,15.554,-15.665,-4.2135,0.48295,-15.875,6.8127,17.119,39.455,5.5725,12.972,23.623,12.805,16.603,13.234,10.163,4.2097,-3.4015,6.1944,-2.2437,2.6882
54.561,-26.443,8.2665,13.467,11.739,15.816,-7.2533,-10.383,-4.7132,14.677,-1.5997,1.5761,6.5175,14.07,19.965,19.301,33.183,9.4233,-0.84543,-1.5957,-20.447,8.117,8.9626,27.399,3.7528,11.922,17.63,-1.9729,7.4655,13.136,7.5118,8.4605,-1.7206,3.3816,-11.255,-11.176
52.874,-26.618,11.207,6.7898,12.927,31.698,5.2194,-9.0046,-3.9106,15.247,-6.863,0.16006,16.427,27.235,51.459,11.771,30.718,25.21,11.029,11.242,-40.342,13.536,-9.4616,4.6858,1.6871,4.4377,3.6436,-4.6155,-2.7401,-2.543,2.4888,11.412,0.40938,-4.8311,-7.7969,-9.5385
58.192,-21.284,18.78,8.124,16.114,32.793,-3.1531,-11.235,-5.1943,22.071,-8.8897,-5.527,9.8099,21.405,28.693,-14.946,22.517,7.0559,-0.013077,32.107,-31.578,0.86178,-23.401,-2.7146,-3.0018,-5.1801,-10.764,-2.2289,-11.747,-14.237,2.9122,9.2517,14.838,-2.3361,4.0233,-3.6799
58.82,-18.041,22.174,6.6438,14.815,23.376,-4.6975,-7.4128,-17.805,20.426,-10.596,-4.5828,3.2877,10.574,6.1647,5.2362,7.1864,-27.197,7.8142,40.692,-8.2632,-13.715,-5.6835,6.8198,-4.4557,-8.3938,-18.347,2.2792,-14.147,-11.077,-0.00401,-4.173,32.136,3.5435,13.903,3.8168
56.493,-20.03,17.129,6.0674,22.054,23.505,-2.3014,4.8749,-13.555,12.518,-11.434,2.5902,-1.9219,-3.4998,-11.206,11.424,-13.784,-35.56,15.322,29.937,37.701,10.062,27.19,7.9328,-1.2008,-4.7854,-11.435,6.233,-12.583,0.25747,-2.0283,-19.627,26.035,9.3908,17.692,7.1794
55.367,-21.958,15.114,10.436,13.55,22.743,8.7007,3.2868,-3.862,13.166,-8.4327,-0.48866,0.014473,-2.2814,-20.329,9.9823,-21.866,-8.8684,3.3407,-8.5386,85.697,26.653,34.758,18.446,1.5165,-1.6313,-2.493,-1.193,-1.3744,15.394,-3.48,-17.015,0.59932,3.4895,6.6357,4.6931
58.958,-21.075,16.707,11.94,9.8546,15.329,-2.1909,-1.616,6.6848,30.732,3.6238,-3.6077,5.4426,3.9055,-15.236,13.846,-25.871,-0.82095,-7.918,-41.413,51.615,27.631,44.838,27.369,-0.068396,-0.79432,4.0022,-2.2147,10.861,20.706,0.92534,-5.1986,-26.343,-16.338,-8.5326,-0.78105
57.595,-18.659,12.221,8.6988,9.9815,23.029,-3.0824,-8.4367,14.924,24.646,-0.74578,7.7392,7.1877,-1.2854,-4.2853,-1.9402,6.3581,32.406,2.0347,-8.7049,-12.224,-5.0521,18.671,20.567,-2.7136,-6.0937,5.6411,-0.57384,14.782,14.067,7.7652,10.191,-31.644,-21.537,-16.624,-10.678
58.1,-19.727,10.958,13.859,10.903,22.952,-0.36884,-9.9701,2.8602,20.594,7.1414,12.161,-5.8505,-7.9694,0.78338,6.3112,26.41,47.334,20.602,4.0273,-45.053,-55.777,-7.4291,2.967,-3.9727,-6.7397,3.9472,-3.1561,6.9284,4.3262,9.5031,18.562,-6.2697,-12.409,-21.843,-16.235
59.39,-23.275,15.846,8.5064,16.205,35.135,8.807,3.1114,-8.0615,15.709,-0.85585,1.9106,-7.9068,-26.812,-0.13298,10.88,25.903,37.39,27.906,19.695,-24.188,-39.328,-22.227,-22.744,-2.3489,-1.8865,0.74174,-1.7105,-7.4973,-12.358,0.2639,9.5361,16.294,6.1557,-12.531,-9.6121
55.135,-22.751,15.286,15.191,19.948,32.943,2.1655,-5.3763,-4.3489,7.3118,-0.03566,0.79006,-6.8737,-17.029,2.4243,-8.3449,-1.0012,18.318,26.662,37.196,26.249,-17.274,-43.93,-32.152,1.3874,2.1171,-2.5344,-8.2938,-13.201,-18.334,-5.8583,4.7968,15.543,22.976,-3.7411,-5.3976
55.124,-30.552,9.9905,13.473,18.41,36.729,9.6036,-0.88626,6.4342,11.623,-8.2708,2.0526,-4.0454,-6.1878,-1.3971,-3.1644,-17.423,-14.875,0.32434,22.391,33.598,6.4752,-25.734,-9.9339,0.43629,5.5016,-3.5117,-11.084,-10.821,-17.709,-10.959,-6.2375,-2.3705,21.354,7.8073,-1.354
56.796,-24.603,15.098,7.2033,9.2996,31.314,12.564,10.627,8.7369,14,-11.116,-3.9861,-0.84444,-7.6962,-11.257,-28.135,-17.931,-18.202,5.1018,26.663,3.7711,36.201,-24.381,-30.426,-1.2608,0.4455,-6.9817,-7.8956,-4.8496,-12.926,-12.99,-18.655,-20.442,10.82,19.214,5.5137
56.537,-25.443,15.241,10.918,12.818,28.512,3.77,6.3052,2.1945,15.602,-8.1827,-0.66831,-8.74,-3.971,-10.851,-34.643,-19.736,-32.897,-16.107,-6.2263,-24.801,40.705,7.035,-30.377,-1.1423,-1.0661,-4.6823,-5.8001,-4.3566,-7.133,-10.317,-15.811,-19.191,-8.3357,14.648,7.6366
54.007,-29.154,7.032,2.401,13.778,27.95,7.6332,4.3595,-0.34349,23.422,-12.27,-13.063,-10.83,-15.91,-27.757,-32.084,-24.093,-37.299,-30.072,-41.768,-46.76,19.71,35.756,5.6379,0.17595,2.6111,1.8454,5.2265,-1.5135,-1.6083,-9.2671,-10.605,-4.9843,-20.368,8.6131,14.269
52.149,-30.262,8.598,-1.4474,6.3033,21.962,4.0154,-0.86569,-1.4262,27.264,-4.1762,-8.5976,-4.764,-7.411,-16.559,-30.191,-36.125,-40.992,-33.675,-22.447,-37.093,-26.958,17.436,10.217,4.2937,6.6785,9.0694,14.535,12.614,11.088,-0.38809,0.6392,6.0073,-15.394,-3.6308,7.0599
53.575,-30.149,4.5413,-2.6556,0.51073,15.939,-2.595,-6.6716,-12.833,18.024,4.7586,2.7975,-1.9526,7.0792,0.82426,-4.2287,-17.304,-22.196,-32.45,-18.25,-15.005,-31.809,13.484,20.62,5.5136,9.8502,17.389,17.447,24.999,21.429,7.4256,10.792,13.703,-2.1494,-8.6169,-6.057
54.371,-28.652,8.2072,-1.6489,1.3892,14.022,-7.9532,0.59721,-10.108,4.8228,-7.9789,-3.4899,8.2899,17.927,20.205,24.103,39.942,14.991,-16.859,-14.789,-10.643,-10.505,0.016889,-2.5685,3.7834,5.3673,14.783,12.487,25.854,22.864,7.2073,6.0448,7.8116,10.004,0.24923,-7.9457
51.92,-26.42,7.6395,0.38742,7.583,20.822,-2.6073,-5.4971,-3.5051,18.738,-3.627,-5.3063,10.211,20.672,40.808,28.004,62.87,41.856,-1.3523,8.3641,8.528,0.73638,1.3807,-18.254,1.851,-1.9601,5.1804,0.4148,11.423,9.5523,3.5802,8.7795,2.3737,8.8719,2.6361,-8.8694
57.122,-23.163,17.152,9.0827,22.738,27.016,-4.4077,-8.8474,-11.411,21.654,0.025044,-5.8299,8.0714,12.629,37.363,16.128,53.059,41.3,-13.187,-5.5302,-9.8019,6.7903,24.734,-10.074,-2.1587,-7.7676,-8.255,-8.7321,-11.355,-9.2473,3.9875,16.591,11.382,9.1638,3.5178,-6.6906
57.305,-22.557,20.473,5.9807,21.271,30.371,-5.0439,2.2328,-7.9169,9.9765,1.4469,-5.1596,7.4117,-0.072634,18.147,1.8329,33.25,12.41,-16.385,21.018,-3.5566,3.9025,14.306,-19.974,-3.8848,-5.0787,-17.333,-7.2458,-19.014,-20.838,7.8174,17.029,19.829,11.905,-2.1356,-3.0487
55.714,-24.268,20.472,3.6185,21.075,29.898,-13.328,-6.0329,-12.803,12.599,1.851,-8.6004,-1.1038,-10.539,-9.7394,-6.4715,-2.0254,-16.522,10.595,61.837,52.311,33.731,11.144,-35.162,-2.8063,3.2043,-14.336,-3.1314,-16.214,-18.254,14.55,13.499,15.58,5.5521,-4.8685,6.0402
56.329,-25.903,15.053,4.0359,25.04,25.587,-6.3394,3.6045,-4.5878,25.217,2.6128,-13.908,-4.6256,6.8625,-22.306,3.0752,-4.6562,-33.421,25.844,59.826,76.617,46.793,-2.5018,-20.954,-0.45727,7.325,-4.1715,0.32567,-5.268,-3.6307,5.6699,-6.078,-4.6956,-7.6366,-1.6717,18.051
57.058,-26.759,14.992,6.8193,19.841,21.147,1.5377,21.385,13.08,30.899,5.0139,-19.037,0.058348,25.183,-14.088,-0.15019,-9.0566,-27.054,38.447,42.559,28.01,13.106,8.7954,20.617,1.1576,2.6634,3.0147,1.2509,7.582,12.612,-5.6107,-25.66,-26.539,-21.039,-2.6256,22.18
54.32,-17.88,12.06,5.9179,19.56,18.036,0.44497,18.437,17.45,24.223,-1.3854,-10.419,4.5443,18.691,-0.53581,0.30058,10.426,-0.47724,-1.9611,0.26669,-14.884,-23.968,7.1215,42.393,-0.80608,-9.5134,5.7359,2.5122,8.0539,19.666,-8.0869,-26.194,-22.727,-15.73,-5.2092,9.2722
56.747,-15.689,14.924,2.6024,19.286,20.146,2.5028,7.8308,-9.817,19.649,8.2478,-0.03681,0.099495,-3.1364,-5.5509,1.1704,28.344,30.067,-3.556,-36.682,-34.633,-36.085,-6.7962,44.064,-2.958,-12.905,4.2137,6.5108,2.6697,13.448,-6.4551,-17.818,-4.5572,-5.9672,-12.667,-5.7491
58.757,-22.093,14.819,6.2947,30.53,25.848,-7.8025,10.515,-0.58162,18.859,4.5566,-2.2116,-8.6766,-26.545,2.1052,14.976,16.913,36.349,6.4104,-31.521,-5.6982,-7.2612,-20.752,13.683,-3.3336,-4.9759,2.169,6.3874,-6.7647,-0.018709,-1.439,-10.357,-0.4581,-1.1802,-7.9237,-10.11
54.889,-26.221,10.837,7.2161,28.528,32.274,3.8834,7.0051,4.7791,15.539,-1.3552,-1.1083,-8.1214,-16.722,5.6598,25.066,1.0482,21.772,1.9857,-30.637,0.63065,-25.084,-40.603,6.2258,-0.61496,2.76,-0.071322,-0.078523,-11.786,-13.67,-8.0741,0.62096,1.7586,1.6387,1.5547,-8.0173
50.911,-25.886,15.156,11.099,23.396,30.146,2.9599,3.0887,7.3033,22.647,-6.9599,-3.0411,-8.0134,0.60479,4.7038,20.289,-9.7502,3.5767,-11.927,-54.543,-34.806,-35.369,-15.594,10.759,2.2143,2.9544,-4.6305,-12.136,-9.2678,-13.34,-8.8265,8.9088,2.7639,4.5102,8.3027,-7.0437
56.609,-22.153,17.586,12.734,23.378,28.883,-1.8855,-3.7743,-13.444,5.2131,-6.2954,3.4909,-3.3069,-2.9112,-7.2069,-1.8791,-17.253,-21.899,-34.758,-22.066,-11.286,-13.837,-1.6018,5.4393,1.0288,-5.0548,-8.7409,-20.295,-8.9433,-9.2356,-2.3989,14.351,9.7661,14.081,5.8743,-11.011
53.89,-23.825,13.797,13.681,28.23,29.332,-10.882,-11.366,-8.8732,6.3369,-0.77006,0.86829,-0.012566,-18.679,-14.614,-32.23,-20.275,-8.5158,-19.351,8.7377,14.079,9.6667,1.2609,-21.142,1.8671,-3.9376,-6.6943,-15.532,-8.798,-4.1804,6.2797,12.056,9.3635,9.1,-4.8848,-9.1686
51.746,-28.707,7.9135,4.9857,17.484,21.731,-6.5748,3.1994,7.2245,16.776,-5.2511,-0.34337,-6.9777,-32.355,-28.386,-50.147,-38.406,-18.36,-6.297,9.4767,25.018,22.801,-19.659,-32.877,2.6591,7.4318,3.2814,1.3058,-3.1593,0.16769,8.9397,-3.3392,-5.8395,-6.8816,-6.1071,0.064601
53.336,-31.948,12.685,-1.142,16.205,29.464,-4.3708,3.9707,4.0087,21.699,-6.8516,-11.695,3.1574,-4.3616,-18.178,-33.238,-43.164,-19.095,5.2408,-10.034,-6.1413,-8.1884,-30.989,-15.926,3.5426,17.627,12.718,20.01,5.7628,-1.5781,3.8161,-6.8857,-12.193,-12.012,-2.0565,10.589
53.397,-34.269,3.9482,-4.9285,10.187,19.637,-8.2894,-6.7046,-7.3758,8.9327,-13.084,-6.6658,8.4036,27.089,10.982,5.154,-21.605,-15.771,-2.3551,-29.377,-30.373,-39.317,-16.012,3.1544,4.2086,17.637,19.283,27.63,13.92,3.8083,1.7069,0.51882,-3.5093,-0.89414,6.8188,8.9037
54.643,-23.225,6.6903,2.0185,10.297,20.832,-7.4038,-11.431,-4.6437,6.1642,-12.348,-3.9335,10.01,39.737,29.292,40.171,0.13811,-17.701,-2.2412,-6.2641,-19.189,-19.333,-10.845,13.787,1.1818,0.23513,12.817,16.219,12.244,7.1645,4.8732,12.434,11.706,16.902,7.9737,0.85043
55.295,-19.525,16.402,5.9824,9.6356,18.162,-6.2358,-3.7879,-3.6359,4.8844,-10.509,-2.6469,10.639,33.782,44.294,51.3,9.5449,-0.015707,5.9786,10.186,13.996,23.903,4.3631,-3.2149,-0.71372,-13.164,-0.94151,-4.8083,-0.71365,7.9885,11.605,10.977,15.782,23.626,5.7432,-2.2593
57.393,-19.452,21.104,13.488,16.55,21.351,-6.5181,-0.61967,-7.4556,14.057,-13.562,-6.8107,7.9489,-6.5321,29.25,24.782,2.4792,8.8496,25.44,32.355,30.202,44.711,-1.3081,-8.4892,-0.97901,-14.192,-12.871,-20.886,-7.9063,3.1176,9.8897,1.435,7.8667,11.572,6.7365,3.2871
57.342,-19.264,18.888,14.987,11.833,19.369,-5.7429,-7.0175,1.028,16.938,-10.296,-6.8347,5.8655,-15.595,6.2957,-11.194,-26.344,10.896,41.832,6.1994,23.842,46.792,7.9354,2.9962,-0.65061,-6.8191,-18.326,-19.967,-3.1279,-4.2565,2.335,-2.4093,-4.0073,-2.2373,5.3681,11.281
57.594,-26.621,20.072,9.9074,10.437,24.653,5.0698,6.3609,8.1256,22.493,-13.109,-6.0842,7.5016,-6.5333,-16.065,-33.013,-21.449,-7.5687,29.281,2.9039,15.222,27.083,21.052,27.118,-1.2252,4.6549,-13.454,-4.7832,6.5085,-4.9485,-5.6279,-6.413,-11.875,-9.0333,6.0154,6.7732
58.127,-23.738,20.066,2.1758,-0.48018,21.959,8.886,-4.1785,0.49471,24.062,-6.7676,-1.5121,7.6095,-0.31334,-24.68,-19.638,5.8697,-13.089,15.733,12.865,1.4498,21.53,20.023,35.387,-3.5541,5.5695,-3.5734,10.591,18.03,2.0885,-7.6042,-0.67883,-12.377,-8.302,-0.58159,-6.9783
60.751,-20.482,12.483,3.3871,11.982,16.272,0.80773,-0.58721,0.42195,24.036,-4.7997,4.0868,0.95077,9.1016,-22.533,5.0886,18.915,-3.9006,10.35,-3.0427,-17.974,12.175,22.725,9.1811,-5.8517,4.5249,7.1991,11.597,11.034,9.5051,-5.7156,-3.1638,-9.9727,-8.8279,-9.081,-21.443
59.568,-22.49,10.343,8.4281,13.996,17.015,4.2547,2.8889,5.6047,26.931,-4.4385,5.7733,-8.6294,4.4353,-8.3372,22.709,43.623,19.504,13.276,5.7786,-21.444,12.736,4.1909,-22.927,-4.4562,2.3418,12.566,0.86542,-0.30986,9.8577,-7.1009,-6.8776,-3.4368,-14.469,-11.282,-21.001
57.349,-22.694,13.667,9.3255,12.657,25.175,12.56,1.3058,-3.4164,27.146,-2.9108,-5.1363,-13.638,13.717,11.76,3.7997,14.845,23.66,1.9313,-9.372,-23.195,-12.659,-16.437,-50.939,-0.40813,-1.5643,10.433,-5.6264,-5.8018,2.6321,-8.584,-3.7747,4.5844,-12.173,-5.3286,-7.1879
55.513,-20.414,15.305,10.561,20.994,27.26,9.6477,-2.2358,-8.3079,28.875,-5.6166,-8.3641,-7.3775,9.0883,21.005,-14.666,6.3554,22.419,-15.562,-18.359,-13.124,-38.396,-16.805,-39.559,3.0594,-5.5131,1.1978,-6.5353,-12.046,-8.4289,-5.9308,-1.4596,8.5614,-2.5709,7.109,8.5566
55.96,-14.662,15.882,4.2203,15.905,22.98,-0.92311,-2.7109,-4.2193,16.734,-12.429,-14.314,-1.7158,-1.0464,14.96,-4.3554,8.5403,7.8023,-18.151,-9.8476,0.78794,-23.124,6.5799,-18.443,4.1344,-9.5421,-6.8516,-3.503,-7.3732,-13.885,-1.501,5.8799,11.376,13.673,10.217,15.661
56.574,-21.962,19.738,3.6475,15.549,29.322,3.2155,-4.282,-0.55554,12.939,-8.0816,-9.4172,0.7065,-15.749,-3.948,-5.8895,-13.453,-14.712,-6.3365,-1.2817,9.3719,5.1137,28.227,3.6078,1.4528,-7.2193,-8.7246,-4.0223,-7.2271,-12.947,-3.4608,5.518,6.616,14.491,-0.018404,10.092
55.96,-22.443,18.931,10.605,19.649,28.045,6.7011,-2.5949,-6.8986,23.552,1.6117,-13.831,2.9923,-21.575,-10.021,-18.104,-12.117,-27.198,-10.186,11.489,22.435,33.949,12.134,5.7832,-2.0731,-3.9694,-5.2306,-4.9476,-7.9949,-4.892,-8.3432,-0.71299,4.8758,-5.1748,-14.358,7.4348
55.866,-24.398,11.807,4.4243,12.396,17.371,2.6674,-2.9346,-2.2823,28.023,1.4766,-6.8016,-2.4678,-16.744,-10.127,-27.904,-19.451,-24.814,-36.848,-1.4368,9.1329,5.5228,-19.674,-1.2114,-4.1457,0.26967,1.1953,6.7966,2.9778,6.7581,-5.534,-6.8293,-2.4946,-20.934,-18.257,2.0905
57.81,-24.232,14.837,-5.22,11.424,15.356,-5.7421,2.36,7.8615,26.167,-11.141,-12.73,-10.494,-20.396,-8.1037,-18.087,-28.435,-11.606,-44.611,-13.335,25.286,-49.203,-41.259,21.141,-5.4096,4.8484,1.9502,20.929,11.52,11.861,6.4342,-12.856,-11.563,-16.393,-3.1898,1.4598
54.415,-29.44,16.722,-2.3919,9.9367,23.259,-8.987,-7.4778,-3.3691,14.393,-11.542,-10.573,-13.279,-14.99,1.0694,28.085,9.5954,11.283,-16.794,-23.016,-4.5267,-57.978,-36.359,6.3814,0.21443,9.3739,4.4336,22.728,17.784,6.5179,15.479,-3.2433,-10.923,4.2089,10.579,-0.57691
51.439,-30.12,12.421,4.9695,6.6614,19.298,-9.7773,-6.9908,6.2879,5.766,-12.509,-1.3748,-18.65,1.7895,-5.8688,58.545,30.961,14.06,11.957,-42.003,-28.549,-16.267,4.5276,9.286,7.1739,10.589,7.7042,8.0689,11.42,-1.1024,12.104,7.4131,-9.1786,23.244,16.859,-6.7625
52.412,-28.949,13.549,13.372,19.574,21.042,-3.7121,-9.7674,-3.7589,9.2349,-16.019,-9.2885,2.6825,19.033,10.923,47.421,39.771,-5.0584,12.261,-3.3192,-18.565,10.1,10.328,1.8315,9.5325,7.1295,5.7455,-17.217,-8.3587,-5.9827,4.894,17.72,4.3058,19.121,7.2698,-3.1863
49.486,-23.582,13.489,16.17,22.085,23.495,-2.4009,-17.497,-6.2181,20.613,-6.6389,-8.7296,17.395,15.537,25.49,12.59,13.578,-8.9476,1.3831,13.882,-13.588,32.98,19.692,-10.396,7.1504,-1.6096,3.9866,-29.056,-17.129,-3.9304,1.5411,23.344,11.768,7.7922,-4.3727,3.4193
56.733,-23.192,21.65,15.718,22.11,18.632,-6.5449,-3.8843,-6.3984,12.02,-9.3127,-5.9803,16.361,13.783,14.118,-35.024,-23.507,-7.1263,12.963,37.643,9.5219,13.005,-7.5919,0.29096,-3.2812,-6.4022,-2.6825,-20.541,-13.369,2.2224,4.9151,11.567,9.1744,5.7392,1.3107,9.5401
57.976,-25.23,21.116,10.092,12.182,16.029,-7.6693,-2.9914,0.81379,20.864,-6.016,-8.2271,10.262,-3.6338,12.467,-45.512,-23.045,-4.5579,19.312,54.236,16.248,21.242,-8.3761,27.153,-8.6381,-3.5135,-6.556,-1.8741,0.22611,3.6523,9.9799,1.6309,2.2189,4.2308,10.821,9.7183
56.348,-21.233,16.794,-1.1005,12.772,21.211,5.4036,1.8016,-2.5139,15.612,-20.127,-9.3943,-10.157,-3.3925,4.0223,-26.234,-8.7655,3.8587,27.872,34.339,12.39,44.665,30.915,30.757,-5.7632,-0.92428,-3.1685,14.231,7.0006,3.3469,5.6064,-10.291,-6.0692,6.3175,16.612,-0.65948
54.81,-26.379,22.15,1.8235,15.232,19.926,1.2808,6.7782,-0.036437,29.437,-5.4199,6.5537,-12.537,6.5576,-2.2421,-1.1756,7.3377,3.8214,43.828,23.688,-3.9274,38.304,54.542,22.962,0.75409,2.7815,-2.9145,13.78,4.0752,5.4451,-3.3036,-18.528,-6.3039,-8.0744,0.23834,-12.736
53.238,-24.314,23.144,6.735,16.203,18.613,2.9158,8.4004,0.2216,30.065,5.8469,2.008,-1.0554,4.0663,5.6295,13.963,-3.6946,5.4185,28.736,1.4633,-10.736,36.061,44.011,-0.91105,6.4568,-0.7461,-1.2519,6.952,1.6914,3.8226,-17.073,-17.716,-5.2549,-24.295,-23.554,-12.72
53.263,-20.411,16.82,5.5861,14.136,19.239,15.489,5.5532,-2.5176,32.789,8.2681,-2.4473,9.4819,6.5443,-2.9088,3.2872,-5.2041,21.888,2.3616,-21.965,-3.7087,-14.828,-13.732,-20.695,5.0359,-4.9047,0.57018,1.5696,2.8109,-1.8883,-25.156,-10.713,-2.8151,-25.373,-29.338,-9.6404
56.594,-22.184,22.274,3.9996,11.473,24.264,12.668,3.1457,-6.6415,31.966,-4.9653,-5.3493,11.117,-7.1164,-1.9039,6.2943,5.9622,13.939,-36.762,-31.416,-13.994,-50.243,-52.72,-11.013,-0.18597,-2.5255,-3.899,0.43003,6.7813,-9.1812,-14.043,0.21054,-2.177,-11.198,-13.641,-7.5266
57.872,-24.171,21.131,4.8348,14.995,28.044,-2.4144,-1.5769,1.5408,21.073,-6.8799,-0.11536,6.5567,-12.375,4.3755,10.507,16.564,-9.88,-49.202,-13.437,-16.374,-45.41,-43.783,-20.189,-4.6612,-0.93425,-6.9931,2.0903,4.1097,-11.963,5.9204,12.227,-0.44466,9.0341,4.8682,-4.8745
56.491,-25.992,20.037,10.258,18.755,21.18,-6.5134,-3.7425,-8.8047,10.802,-12.939,-4.6645,-0.52258,0.89815,-17.508,12.503,19.328,-24.604,-15.697,-1.7479,-15.289,-4.6356,-9.171,-38.797,-5.4066,0.23487,-7.067,-4.1265,-2.6607,0.91847,21.603,15.479,3.2652,8.976,8.9035,0.99049
56.592,-24.694,20.127,7.7104,18.777,15.841,0.47832,2.2788,-9.6231,20.666,-9.6364,-12.884,-8.0042,-2.1342,-30.072,10.635,8.6615,-18.654,21.431,24.337,-5.2847,7.5385,-11.165,-31.176,-3.6822,-4.066,-4.4525,-10.504,-11.347,15.623,20.003,4.239,3.1146,-2.4262,0.71613,10.999
56.973,-21.473,14.022,8.8135,19.246,18.063,3.3731,0.34389,-8.7039,29.852,-8.1725,-18.364,-8.6353,-11.062,-20.015,-14.402,-3.3902,22.918,35.934,27.094,-3.2126,-31.837,-24.511,-0.56715,-1.6961,-8.9225,2.4757,-12.987,-14.866,19.487,6.9183,-8.6279,1.6643,-6.8906,-2.6121,13.756
53.63,-27.498,9.102,10.874,19.08,20.275,3.3579,8.5485,-1.1519,15.317,-14.846,-8.8536,-7.7978,-26.724,-16.634,-28.558,-28.815,44.475,24.998,-6.6628,-6.8393,-43.941,-32.532,15.692,1.2988,-2.43,5.9484,-9.5561,-11.845,7.2235,-9.4243,-20.104,1.6716,10.067,11.288,6.8133
53.655,-30.121,15.542,1.4749,16.908,30.422,10.014,6.6694,-14.647,-2.4417,-22.59,-6.9633,-9.1062,-31.42,-11.849,-32.837,-36.263,41.265,17.111,-29.388,-6.1898,-13.349,-11.548,6.547,2.2384,9.6951,5.4478,2.2762,-2.7798,-14.565,-18.589,-12.078,12.303,30.947,24.589,0.7101
54.352,-33.732,11.05,-2.8995,5.5383,31.899,9.6566,-4.2154,-10.071,14.842,-18.694,-10.738,-1.275,-4.1056,-4.4136,-27.928,-34.125,8.2898,-16.279,-47.943,4.5619,48.629,38.794,-0.66623,2.7266,20.5,11.458,12.939,9.9025,-23.55,-16.98,5.9291,17.093,23.224,19.33,1.0954
52.058,-34.066,7.1239,-0.7184,7.8846,32.883,8.7795,-7.968,-7.3391,23.415,-12.023,-14.148,-0.70458,26.104,1.114,-3.3359,-14.634,-31.814,-36.372,-12.655,52.601,76.614,62.771,11.163,4.0126,18.695,12.972,14.858,13.475,-18.797,-10.698,13.368,11.45,0.53229,-0.30403,3.6422
53.791,-27.578,11.104,-1.9933,6.5292,23.189,-4.1643,-8.1045,-2.5247,26.703,-0.73233,-5.5945,1.6342,47.017,34.176,21.387,9.8832,-36.737,-33.163,14.616,49.23,27.199,26.957,18.861,2.4673,4.5213,8.2948,11.401,10.487,-4.7155,1.8641,8.0146,-4.795,-20.491,-20.219,1.5116
53.584,-20.146,16.072,-0.64615,9.0956,18.87,-1.2618,2.2863,7.8805,29.935,-0.18535,-3.9539,9.5022,36.492,33.717,16.793,9.1057,-30.206,-27.935,6.1747,28.725,0.027221,-7.1498,14.994,1.2382,-8.3174,-1.6798,-0.42919,1.7137,6.6599,10.288,-1.6098,-24.766,-25.016,-21.188,0.14809
54.407,-17.184,23.664,7.7578,9.8744,20.538,-1.9041,-2.0343,6.9339,25.182,-11.134,-6.4044,5.958,13.307,20.759,19.011,6.4399,-16.092,-11.177,-17.285,-7.4754,-15.534,-27.341,4.9759,-0.7825,-14.455,-13.652,-10.88,0.99247,9.1344,11.436,4.6773,-24.343,-10.125,-4.5298,0.24158
56.501,-21.017,17.703,2.8025,10.765,19.106,-6.3182,-7.9157,2.2942,24.189,-10.397,-6.2457,3.3244,1.3719,-0.57645,-4.294,-4.344,-8.8373,4.0756,-4.7537,-42.877,-27.101,-16.019,18.846,-2.7945,-9.7083,-11.165,-9.1761,4.7904,7.8323,7.3695,13.853,-8.7008,3.4854,9.9048,-0.77682
55.311,-20.49,20.668,5.788,8.9145,15.025,-7.2247,-11.646,-3.4692,21.809,-9.2969,-1.9606,0.81062,-7.699,-16.936,-22.47,21.57,-1.7494,8.0123,43.467,-36.682,-9.8633,8.7433,18.143,-1.9946,-4.7804,-3.4092,-4.9539,6.4443,8.1643,0.79208,12.495,13.015,17.448,15.745,-1.0529
54.794,-17.808,17.281,-1.8083,7.4036,17.207,3.4364,4.7154,-8.3563,18.071,-9.1134,3.2471,-1.8964,-1.5467,-3.2592,-8.3471,25.493,1.7842,-0.68219,45.066,-0.17565,14.619,24.332,4.5264,-1.3173,-3.1474,5.4338,7.46,6.81,6.7406,-4.6235,-4.1236,20.028,19.067,6.6694,-5.7105
55.666,-22.638,15.407,-1.1719,22.34,20.612,-2.7752,13.384,-6.0816,23.309,-7.4039,-2.0791,-1.4047,-9.1361,5.0541,-3.7316,23.743,19.419,-4.8378,20.28,36.249,50.844,31.206,6.8713,-1.3968,-1.9939,6.6825,13.354,-3.0347,1.6895,-2.4935,-19.757,8.7623,6.2564,-6.3325,-5.4184
55.376,-20.716,18.704,2.1089,16.798,17.205,-8.884,2.1023,3.5125,30.748,0.82263,-3.9233,-2.1543,-13.647,15.598,23.637,28.62,14.281,-12.617,-13.778,20.799,37.882,6.0962,-4.0707,-0.86805,-2.0136,0.68102,8.2956,-4.8051,-0.9248,5.5255,-12.002,-7.7723,-13.111,-15.903,-5.9523
54.318,-23.603,22.484,1.9636,16.089,24.736,-3.4833,-0.19962,8.721,40.892,1.3382,5.0602,-6.0442,-11.619,7.0485,28.307,4.8333,0.44943,1.5122,-25.897,-3.3574,9.7873,-13.801,-4.6498,1.1558,2.4762,-3.1144,-0.081697,-5.6322,-4.6858,7.6504,3.3337,-12.863,-22.602,-14.358,-8.9404
54.391,-24.148,21.542,8.4424,24.839,22.286,-2.518,4.618,-5.3581,28.22,-10.436,-2.3579,-3.9169,-10.373,-0.85134,17.111,10.922,6.6451,23.77,8.1432,-19.234,-30.408,-32.678,-19.475,1.9703,3.3008,-5.7222,-7.4059,-11.45,-4.5864,4.5119,6.92,-0.19813,-11.725,-1.6577,-2.516
53.136,-26.731,17.512,9.8151,20.736,18.296,-5.202,-0.82234,-3.325,29.467,-8.675,-5.1867,5.2557,1.6081,-2.2936,-0.87732,4.4309,-0.19186,15.221,25.988,-8.0485,-28.022,-21.197,-30.129,2.4774,2.085,-6.1179,-8.0573,-11.274,-2.7822,-2.0498,1.6775,6.2871,-2.0829,5.7994,4.2523
54.008,-24.339,20.764,6.7389,19.936,23.747,3.8605,6.4852,-0.081332,21.257,-10.51,-8.5372,2.0474,-3.756,-8.3424,1.1998,-28.428,-8.3299,3.0882,-5.1203,22.154,-1.8412,1.5053,-3.9114,-0.80637,-1.9912,-10.982,-5.6418,-12.644,-5.4883,-6.312,-9.0491,7.9332,6.1314,9.9581,11.232
57.137,-22.704,21.726,2.3767,20.756,23.91,0.93778,11.861,2.0583,30.363,-9.2236,-6.9145,3.3609,-4.5025,-19.795,-4.0231,-31.862,-5.9739,1.6041,-10.877,7.3844,-14.91,-1.8962,8.8299,-3.457,-5.3471,-7.867,-3.3823,-6.6258,-0.26383,-3.6078,-9.8214,4.4911,3.8107,2.5,8.1388
53.414,-28.04,15.263,12.761,10.615,15.314,-4.0438,-4.2836,3.0272,26.852,-9.4094,-3.4497,-7.0014,-17.274,-47.012,-9.5249,-34.149,-17.905,-0.98141,-18.67,12.716,-6.3062,7.462,17.206,-0.78365,-1.5534,2.6768,-5.671,5.4512,6.7197,0.25909,0.92592,-5.7907,3.2216,-2.7312,-1.6254
55.113,-27.132,10.365,4.7923,9.4655,19.526,-0.44785,-0.87648,-1.187,19.215,-10.173,-3.3155,-7.505,-18.368,-22.294,-12.427,-25.837,3.2768,-0.78361,-16.344,19.126,-6.7355,-11.675,0.0065282,2.4413,3.1016,14.639,-2.1469,8.1495,8.7593,-0.38966,1.2563,-8.7272,9.3636,-1.2769,-4.735
51.519,-30.762,2.9387,0.76872,8.5062,16.987,4.0626,3.5189,7.8992,23.679,-6.3039,-1.7337,3.5621,-4.59,6.2905,-22.953,-4.1844,20.643,5.5775,2.2429,-12.671,10.18,-7.2611,-7.6266,6.2706,10.825,22.781,4.1572,8.2843,9.1169,-2.0034,-4.7974,-13.708,3.1297,-4.5852,-5.3853
54.332,-30.527,16.742,2.1598,8.8918,24.712,-3.5072,-0.21289,9.1854,28.582,-16.614,-7.7692,10.286,4.6636,26.749,-8.0433,-6.0971,18.548,-3.6237,-15.052,-23.558,23.665,-0.91936,-2.4286,3.7383,13.584,13.561,6.8433,5.1701,-3.2056,-3.568,-6.2968,-7.6668,-3.0574,2.6706,1.0235
55.586,-28.637,15.22,2.6012,8.8098,23.043,0.27462,-3.494,-8.4944,27.258,-9.8196,-5.0361,15.456,25.335,42.371,9.0694,-2.5976,20.043,-9.5782,-43.303,-34.484,-5.8577,-20.842,-8.503,-1.6564,10.076,4.3542,4.7039,0.52971,-13.162,-3.9797,1.4021,10.3,-9.615,0.88611,4.0456
58.223,-25.862,17.599,-0.14562,6.2651,25.772,-0.36571,-4.896,-4.7694,29.258,-8.8752,-2.8786,5.2392,34.588,27.471,5.7784,-0.78008,-12.451,-11.046,-25.056,-8.3008,-14.004,8.4681,5.5622,-6.723,3.1967,-5.6846,-0.84725,4.4509,-14.984,-4.1151,14.402,16.39,-8.8605,3.6849,8.2076
57.302,-20.427,23.696,6.4561,8.5208,26.478,-2.2973,-15.791,-2.3655,20.412,-20.594,-8.4306,-2.1968,30.83,27.7,-6.3447,-4.1944,-29.669,-10.61,14.255,31.198,-19.061,-7.5242,8.6062,-8.9233,-5.0862,-10.495,-4.4423,7.9591,-4.8435,-2.9443,20.154,13.534,3.6207,10.306,5.9607
56.094,-17.339,26.24,3.1215,8.6463,16.769,-7.7441,-6.5923,1.9705,25.003,-6.9926,-3.2909,-14.503,17.9,5.6614,-4.5725,16.956,-31.514,-23.683,28.181,25.552,-14.036,10.846,30.055,-6.267,-9.0358,-8.2308,-2.556,7.809,14.744,5.4072,8.845,0.45496,10.783,6.8876,-0.7352
55.552,-17.484,24.75,-2.2048,5.522,12.71,-1.3411,4.4818,3.7348,19.855,-14.523,-0.52684,-19.289,8.2479,0.80124,-7.9667,28.33,5.357,-17.981,30.848,16.258,12.261,29.5,9.0541,-2.0814,-7.8709,-6.2971,4.2533,4.5268,21.167,12.397,-5.1345,-8.2433,12.146,7.9702,-5.4778
51.846,-18.384,19.902,1.8986,16.242,16.899,-12.685,-0.94196,4.9563,22.518,-6.4876,8.197,-17.55,0.69946,-0.23315,-6.1905,22.003,43.754,19.676,10.873,1.4443,24.251,24.394,1.6623,4.3938,-6.7683,-1.2461,6.7413,-5.4818,13.444,16.653,-10.123,-7.4548,4.9315,-3.4982,-9.563
49.781,-15.78,27.265,3.0843,18.888,29.092,-8.817,-3.1921,4.2705,27.785,-6.0967,-9.6475,-11.08,0.075233,-0.83785,15.731,15.917,38.532,29.694,-2.7633,2.0356,22.525,25.553,-4.5864,8.035,-8.6323,-4.4577,6.5917,-7.5872,-0.68857,10.243,-12.119,-5.6455,-5.2235,-14.845,-4.4543
50.204,-17.841,24.865,-2.6183,12.965,30.455,5.8318,2.681,2.4248,33.163,0.99132,2.1006,3.3617,-11.855,0.25071,17.285,-4.2463,19.12,35.743,-5.6295,-4.6113,5.4899,-4.671,-10.94,7.7048,-6.8762,-5.322,3.1032,-3.323,-10.015,-5.9849,-9.5661,-0.90807,-5.4532,-19.223,-8.8554
50.833,-17.718,21.849,7.9192,15.119,25.198,4.247,1.2886,6.0183,25.795,-5.4859,0.22814,10.43,-28.636,-21.729,13.254,3.5186,14.231,25.202,-21.498,-8.9419,-4.4754,-30.193,-6.9163,5.881,-3.7528,-1.5773,-8.961,-2.2039,-8.3516,-13.725,-3.6758,-0.76246,3.0518,-13.77,-5.421
53.001,-23.343,22.736,8.1238,16.004,28.406,-1.346,-5.9971,1.7768,26.258,-9.1285,-2.2107,10.219,-19.326,-16.398,10.564,11.586,5.8271,-8.0026,-27.591,2.3927,10.485,-43.847,-41.45,1.1135,3.9377,-2.0961,-15.173,-4.6769,-6.4592,-13.307,5.1834,3.5706,3.0978,0.29474,0.24239
53.598,-27.347,17.466,4.3403,19.128,37.232,7.3727,-9.6019,0.1236,29,-16.133,-10.95,14.896,-14.954,-0.40012,-25.713,-3.0192,3.4203,-17.057,-10.162,-5.2787,35.286,-23.709,-16.437,-1.6595,7.9976,-0.63704,-17.003,-12.891,-7.1204,-7.9384,12.53,9.0614,-3.5069,10.678,4.9289
53.931,-22.689,18.858,4.453,16.754,27.351,0.26766,-5.6691,6.5686,36.803,-15.608,-13.035,6.696,0.99195,-20.894,-39.097,-24.362,-7.7707,-9.6637,14.62,11.41,1.0981,-6.4392,-4.9678,-2.9382,3.4639,-3.9882,-10.957,-16.277,-8.9496,0.83572,10.358,1.8793,-16.671,12.003,7.6218
57.816,-25.522,23.588,-3.102,13.234,27.435,-5.0885,-3.9563,0.98308,38.165,-14.1,-2.5778,3.8941,1.1932,-22.666,-46.929,-42.963,-14.572,-13.66,20.048,31.856,-17.316,4.4923,-0.51277,-3.7467,1.8701,-0.018744,8.4819,-10.48,-10.936,3.2198,2.0694,-3.3049,-23.958,4.2866,1.0868
54.24,-23.76,9.2271,-7.7037,6.7693,29.419,0.052756,-1.5101,7.0521,22.225,-13.364,-8.8807,1.0289,-10.08,-25.206,-33.615,-49.825,-29.925,-5.5229,9.0922,-6.7783,-46.57,2.0668,-11.303,-0.75037,-0.35649,14.878,21.557,0.81208,-6.2602,0.052649,-6.8945,-18.183,-10.198,0.8029,4.556
55.39,-26.216,10.948,-13.046,2.6383,28.912,0.65037,-1.6573,15.81,27.631,-15.009,-13.284,-1.0038,-0.06713,1.662,13.955,-42.687,-40.181,-3.0286,2.9491,-12.709,-60.669,-6.5291,-7.8351,-1.2503,3.199,15.145,26.752,16.275,3.3234,3.2125,-8.4179,-21.77,5.0961,6.286,9.2695
55.658,-27.382,12.575,-7.3827,-2.8606,11.651,-5.3633,-2.2725,-4.2341,18.786,-14.121,-13.334,5.3931,-0.1603,41.329,38.246,-20.439,-26.267,-14.716,-11.303,-57.222,-28.218,3.086,21.473,0.1088,4.7533,5.8353,15.709,30.672,14.728,4.8968,-0.53685,-3.9713,17.895,6.0887,8.2061
56.605,-23.744,22.745,3.7152,-3.2939,16.229,-3.8948,-2.1005,0.2717,9.55,-16.987,-4.2687,-4.5397,12.228,19.793,50.9,23.721,0.21615,6.9995,-11.844,-51.773,-1.0117,35.413,29.447,0.59378,1.9252,-10.145,-4.0962,27.592,7.4474,3.612,7.1596,10.641,20.287,1.0163,-1.6726
56.329,-25.076,23.993,3.0386,-0.48425,22.627,-5.0326,-6.9401,-13.79,17.156,-10.833,-2.6515,3.3408,7.5385,-5.0953,26.457,70.33,23.515,13.947,13.804,-7.1029,13.077,11.54,11.087,-0.42517,1.2278,-12.542,-15.52,9.5813,-5.2648,0.0768,14.279,27.941,10.138,-7.0347,-11.432
52.785,-21.255,15.136,7.1934,13.31,23.532,3.9848,-5.2452,-5.2986,27.94,1.0532,-3.9015,2.9913,5.7092,-25.848,-0.63143,49.891,-27.835,0.6997,26.193,15.438,20.118,-5.6745,-11.005,0.7152,-1.982,1.8734,-16.859,-11.876,-8.6135,-8.5965,11.396,24.579,2.442,-11.932,-9.564
59.239,-24.858,13.832,4.1067,24.002,19.757,-2.3294,6.202,-5.0004,16.129,-17.371,-7.9741,-0.49822,9.238,1.4376,-13.588,14.382,-38.566,-11.182,41.071,48.88,11.906,-11.544,-15.46,-1.6727,-2.9196,10.012,-6.0057,-20.291,5.3716,-4.2326,-2.9512,11.676,0.77389,-0.65789,-0.42195
56.646,-20.998,14.901,2.8655,9.4083,3.7465,-4.8966,4.425,3.596,20.123,-16.555,-7.11,0.95582,1.4684,25.894,-13.374,-7.6856,-11.811,-23.418,31.506,43.132,11.784,-12.706,-5.1002,0.056099,-5.1531,8.0789,1.0032,-9.0247,27.327,5.8408,-6.6062,-1.1165,-1.8636,6.8572,8.3521
54.15,-20.585,24.829,-1.5915,8.6579,13.237,-6.183,8.7602,6.2031,27.018,-7.8005,-8.7771,-4.0047,-4.9393,19.092,2.7995,-2.3363,42.361,4.8433,-3.6081,37.431,21.114,11.766,6.0246,1.6089,-5.9667,-5.1664,7.6208,3.7806,24.655,11.048,-8.1029,-12.263,-4.1171,4.9061,8.4145
55.807,-22.657,22.584,3.3555,17.14,20.887,-5.7977,9.2285,10.666,28.387,-10.085,-6.0502,5.025,-12.967,5.7189,-3.8091,13.127,68.337,21.891,15.502,15.58,6.1964,16.956,20.013,-0.70419,-1.1204,-10.699,8.7172,3.7212,5.4041,7.9807,-9.1888,-12.186,-8.6234,-0.18036,0.70525
57.655,-26.498,19.537,5.2614,18.968,32.367,0.54279,1.9962,10.18,22.554,-14.723,-5.4918,5.5116,-13.378,-14.307,19.734,22.879,44.637,21.402,8.5586,1.3424,-5.8858,-1.8445,14.056,-2.2465,1.5478,-7.6406,2.9387,-1.5692,-13.998,-1.9339,-8.0534,-9.2382,-11.193,-6.2555,-3.0933
57.405,-24.525,20.407,-2.4655,10.817,28.35,2.6861,15.558,9.3973,25.453,-4.6154,1.2541,-7.3233,0.085777,-10.902,21.745,-1.6873,14.072,8.2056,-20.522,0.24811,-17.834,-6.8026,-5.5897,-3.6003,2.5062,-0.93511,-1.6407,-2.5009,-15.828,-7.399,-17.693,-11.046,-8.6684,-5.3313,-2.0896
56.107,-26.34,18.764,11.186,23.259,31.824,0.27627,9.8748,7.5084,25.542,-11.457,-5.4012,-9.0632,-3.727,-10.8,4.7161,-2.7755,-0.49444,2.0165,-25.863,-1.0937,-22.835,-7.6321,3.3595,-1.4585,2.1505,6.9617,-8.4555,-1.2208,-14.533,-10.967,-14.692,-14.418,-0.90284,1.6795,3.8506
52.92,-22.693,17.519,11.266,14.151,28.195,-1.5616,-4.9717,12.126,17.976,-15.119,-8.8903,-5.689,-5.2617,-0.70995,-4.5038,13.45,11.764,-5.4112,-55.753,-38.432,-28.671,-6.8063,14.914,0.90095,-1.2495,5.7818,-7.9077,2.1547,-12.414,-8.3489,-0.1302,-14.261,9.8309,4.0248,5.1261
55.367,-29.277,15.581,0.75373,15.913,32.198,3.6749,-0.67058,8.2694,14.875,-13.287,1.2602,-2.5979,0.048637,15.405,-9.4195,9.2066,-26.874,-26.622,-47.286,-51.406,-4.9812,6.5548,23.058,-0.3329,-0.87526,0.76163,-2.9234,-4.2179,-16.862,-5.2249,9.5761,-8.9586,10.43,-0.78287,-2.4875
54.931,-25.687,21.644,0.49867,21.214,34.045,-1.7188,-7.046,-10.199,16.451,-7.1038,5.3802,-6.0511,-8.0497,4.9036,-10.725,3.0952,-34.811,-19.22,-10.462,-45.903,22.394,6.2279,10.192,-0.37888,-1.7714,-6.9319,-1.7246,-12.237,-16.012,6.768,22.927,10.824,6.719,-6.2448,-8.5801
53.802,-24.818,24.404,11.86,24.331,15.462,-12.956,-12.731,-7.0318,23.814,-12.188,-1.0076,-10.547,-6.7093,-9.7991,-6.7899,-18.688,-61.515,-17.204,-0.6283,-42.152,3.7821,-18.064,-6.7172,1.6543,-1.0628,-9.4722,-3.668,-12.554,4.0345,18.124,21.457,17.025,-1.6721,-3.7626,-4.0855
50.677,-28.948,15.559,0.35018,11.49,19.157,-2.8559,-4.1724,-3.175,24.704,-12.555,-2.6606,-3.609,-10.74,-22.767,-14.441,-33.79,-50.975,23.72,35.555,11.06,0.54216,-25.721,-13.1,3.9139,3.8269,-0.46108,2.1007,-3.8698,19.306,14.494,8.5461,13.863,-9.8772,0.62249,5.0467
52.22,-31.002,13.724,-2.567,11.432,8.8836,-4.3585,-2.4215,-16.319,12.639,-19.593,1.922,4.4528,-3.9205,-18.121,-25.902,-35.119,1.3809,42.526,36.989,5.2377,-2.4154,3.7163,14.276,3.8186,9.6225,6.8726,8.2203,6.2952,30.713,4.4593,-5.5699,11.217,-7.3043,7.189,5.2509
53.917,-27.965,15.601,0.49131,10.769,11.847,5.8423,5.5768,-0.025866,22.31,-16.261,-2.6344,6.0184,9.6906,6.759,9.3338,-8.038,30.272,23.385,13.46,-0.28313,-23.893,-1.5496,24.929,1.8804,10.608,8.0764,11.973,10.559,16.331,-17.729,-16.668,-0.30013,-9.4727,8.7376,-0.29159
54.408,-27.27,15.323,-1.1616,7.1314,19.808,3.9577,0.88903,-5.9875,23.804,-8.4763,6.1172,3.7327,31.188,9.8007,22.424,-0.087642,51.427,5.2602,-17.43,19.604,-20.522,5.7957,0.52302,0.58749,7.1217,3.3266,8.8744,4.5697,-8.9029,-22.458,-14.516,1.9424,-6.01,4.3693,-9.7509
52.592,-25.969,18.139,4.3144,9.6209,28.831,4.6785,0.90245,-8.4822,7.1752,-18.888,7.7063,6.153,24.745,3.654,21.262,1.4898,5.6576,-46.294,-20.574,2.3762,-37.768,16.927,-7.6812,0.66393,-0.48708,0.93031,-5.2932,-3.327,-20.114,-14.904,-6.7543,0.81761,12.895,8.9682,-11.973
54.75,-16.406,17.355,6.7334,11.962,26.105,-1.1464,-8.7996,-2.2884,9.9455,-15.382,-2.9868,7.323,24.161,0.064928,12.506,-17.035,-30.827,-34.924,-18.573,13.62,-25.528,16.324,-18.174,-2.9698,-8.1692,6.2873,-7.6592,-1.804,-10.836,5.6356,5.0196,-2.7194,21.529,1.2104,-6.2397
56.823,-21.024,16.412,7.175,9.0983,11.527,-14.753,0.13416,-0.68733,10.355,-4.3449,-1.923,7.543,10.769,16.278,-12.173,-16.2,-29.174,-31.043,-19.74,6.7972,43.087,38.027,-25.589,-8.1809,-6.5129,6.7049,-3.3939,6.0016,14.132,30.255,7.6663,-0.12036,23.776,-4.8089,1.3072
55.954,-17.661,16.219,3.661,-1.1247,13.047,-3.7889,-8.0134,-3.075,9.4497,-7.5858,1.8451,-11.811,-2.6697,34.925,0.84579,-0.26298,14.662,25.813,7.2505,3.7967,46.696,1.2974,-21.722,-7.8434,-6.3908,2.3523,4.6931,17.83,20.441,24.991,10.58,-1.4763,11.326,-6.3502,7.861
55.761,-19.957,26.846,-0.23607,8.0644,20.773,-9.5218,-9.3605,-4.6902,28.966,-3.7728,-7.5041,-25.184,5.5961,19.748,10.123,23.112,53.574,74.614,4.8458,6.686,45.001,0.39592,0.62866,-1.4589,-5.5904,-9.4677,12.244,14.24,4.3417,9.2598,7.6923,-2.1669,-12.306,-5.7974,10.496
49.375,-18.275,29.6,10.862,12.347,28.813,9.1446,-0.427,1.6115,23.988,-15.02,-11.057,-15.531,-5.2067,10.092,24.823,52.46,30.004,37.203,22.033,6.2942,30.146,3.389,8.0227,8.4155,-6.9824,-16.708,5.0244,1.9379,-16.833,-16.092,2.4669,-3.5679,-18.691,0.40343,4.8081
47.521,-17.919,19.595,8.636,13.918,30.431,16.088,-1.2361,0.31241,25.586,-0.43006,4.8424,2.1085,-15.915,-18.643,37.06,28.641,-15.136,9.5607,11.331,-5.286,-10.166,7.9943,12.017,11.705,-6.3004,-11.375,-3.3261,-10.986,-23.349,-24.637,4.8309,0.66483,-18.083,-8.0399,-7.6992
52.309,-21.283,24.89,11.637,22.178,23.22,2.0076,-1.0591,-2.4293,26.213,-7.5627,-0.31685,16.62,-26.826,-29.42,12.499,6.6621,-35.147,-22.118,16.343,-8.0567,-19.175,-0.48465,-3.3755,6.3084,0.073876,-7.0545,-12.716,-19.408,-4.116,-3.2584,1.9379,5.6849,-10.759,-8.8704,-5.9372
55.348,-26.41,19.879,17.906,17.469,16.002,-1.173,-3.3792,-5.3129,22.771,-3.5041,-6.8656,17.263,-15.096,-17.372,-0.34547,-8.9173,-30.594,-18.91,31.845,17.186,-20.754,-37.867,-32.168,-0.23643,3.9377,0.68816,-16.04,-13.788,14.219,9.2217,-4.957,5.4638,-0.66973,-4.6597,1.8694
53.771,-27.443,14.748,12.476,13.903,18.453,6.7159,8.8159,0.39578,15.808,-13.725,-6.8908,8.4339,-5.2466,-25.817,-20.053,-25.8,17.153,35.146,21.465,23.483,-18.356,-18.032,0.4295,-5.4676,3.4159,2.5467,-6.5539,-7.2597,15.948,7.6874,-20.974,-0.75432,2.37,4.4451,7.2691
55.421,-22.388,15.98,8.0435,13.597,17.517,4.2786,9.749,7.4926,20.412,-16.282,-7.9548,5.0194,-7.016,-17.004,-26.865,-24.066,29.808,27.037,-16.016,6.263,-13.924,-6.5305,19.462,-7.2024,-3.3298,-2.4985,-1.2818,-4.2407,2.4372,-2.9807,-21.167,-6.0173,0.59108,10.853,4.811
56.49,-25.918,13.932,6.5416,11.214,31.039,16.855,3.1095,2.9095,18.214,-10.19,0.4425,-4.596,-13.787,-16.87,-7.0105,-22.062,14.389,-6.6547,-64.597,-6.367,-10.74,6.0727,7.1552,-3.5322,-3.1451,0.56792,2.789,-2.0634,-19.268,-13.001,-0.40742,-0.208,-0.59452,-1.9262,-8.4931
56.499,-30.681,11.786,7.4412,6.7806,24.613,7.2759,-8.5339,-3.4383,14.605,-8.5369,-0.80136,-12.234,-27.475,-34.338,-13.276,-31.99,-17.027,-12.913,-30.96,2.0239,-21.607,4.3463,-11.476,-0.93068,3.7897,5.2916,2.9529,1.8012,-17.748,-1.549,20.561,5.7922,2.4645,-9.9756,-10.219
50.935,-30.19,8.4104,9.2721,6.2802,22.1,1.8899,-14.341,2.6777,13.341,-14.561,-6.8899,-0.60064,-10.743,-14.31,-12.903,-32.155,-55.771,-9.8849,26.9,24.563,-17.487,-33.101,-26.567,3.8759,9.9786,14.094,2.6485,11.877,-0.96958,10.512,25.683,-1.5631,8.1737,-10.097,0.50862
52.082,-33.989,1.5717,0.040476,0.069764,13.473,5.3045,2.9942,8.6205,12.045,-11.923,-10.027,-1.6316,10.41,8.1737,-9.1543,-10.014,-23.854,20.907,41.04,19.759,1.7718,-36.821,-14.774,4.2496,13.287,19.599,11.588,22.286,16.933,6.8631,-2.2442,-15.983,11.688,-5.0477,6.7476
58.398,-29.635,11.883,3.7905,-1.5075,8.7231,12.898,10.796,9.1614,10.751,-25.047,-8.2284,9.4826,17.163,32.345,4.1711,26.336,12.955,28.996,27.82,-23.05,18.439,-23.826,11.347,1.2758,7.2577,8.4605,11.546,19.928,20.836,-4.8533,-26.846,-23.214,9.1534,8.6311,6.2173
51.952,-25.753,14.136,5.6048,5.6677,19.375,12.225,-0.58202,3.1994,16.786,-21.705,-7.5189,3.9731,25.005,40.332,36.128,50.194,33.275,1.9621,-42.641,-54.084,18.87,-25.53,3.3048,2.0116,-0.081536,-4.4456,4.0988,6.4438,4.9061,-13.207,-23.147,-10.525,4.1393,12.561,0.1075
55.741,-25.726,18.301,8.5755,16.649,25.626,12.927,1.3572,-6.1368,20.19,-21.584,-2.4703,2.9758,18.249,11.913,22.188,37.383,19.843,-24.679,-65.49,-54.584,19.731,4.4086,-4.5201,0.9798,-3.4629,-12.766,-7.1549,-9.8914,-8.0988,-10.559,-5.9961,10.373,1.9101,14,-4.4937
55.397,-23.44,18.529,15.712,16.088,21.659,6.271,-13.607,-10.772,16.761,-26.42,-11.253,11.68,9.4601,-3.8383,2.3314,16.682,-2.7671,-18.292,-28.038,-17.1,21.822,11.866,-6.3026,1.3514,-5.7533,-10.185,-15.347,-15.766,-6.8278,3.0742,16.354,19.835,2.7968,14.162,2.3494
58.163,-21.667,15.644,9.831,11.974,17.503,3.5357,-15.437,-11.145,20.629,-20.485,-8.6212,10.528,7.6211,-9.3983,-14.705,-6.3653,-9.5179,-13.674,-9.4619,10.324,26.513,27.475,-6.3181,-2.1663,-3.0646,2.4619,-7.9851,-7.3854,5.2356,12.824,16.421,9.4905,-0.45112,6.5406,7.0881
56.58,-23.053,13.546,6.1428,16.347,22.053,7.775,-6.2041,-2.8465,27.478,-16.321,-7.5947,6.9539,1.5522,0.062264,-22.162,-6.7614,13.816,11.831,11.116,12.635,29.463,33.745,15.951,-5.2029,-1.3104,7.5104,1.4414,2.5512,11.501,12.574,6.6327,-9.5922,-7.4615,-1.6339,4.3233
60.414,-22.11,16.093,6.0076,13.337,20.67,5.3383,-7.0752,-4.9378,28.088,-12.896,-7.4587,-5.4928,6.8796,22.272,-5.4905,12.178,37.729,24.38,-2.9641,-21.999,13.655,26.172,19.794,-5.7742,-3.1241,2.4577,5.9942,6.7159,6.0106,6.3438,4.5267,-14.197,-12.679,-5.4186,2.4314
57.749,-22.443,18.335,6.5424,12.026,26.983,11.285,-12.23,-7.5583,27.763,-13.342,-3.8591,-6.3243,3.2789,17.878,4.9314,20.167,31.113,25.553,1.8764,-48.899,-9.0562,4.3483,2.2582,-2.8088,-2.9142,-2.3198,6.9842,0.80116,-10.693,-8.96,3.3502,-3.1233,-12.131,-2.34,0.61069
54.832,-18.532,24.385,6.8859,20.223,33.902,13.97,-13.906,-19.788,27.314,-8.8884,-0.59225,-11.704,-8.8627,-6.0179,1.7191,13.75,11.887,11.184,17.791,-29.895,-17.624,15.081,12.685,0.26234,-4.7938,-5.9324,2.6685,-8.4006,-18.409,-13.317,9.6957,22.238,-3.7424,0.083575,-1.1681
56.209,-23.202,18.339,8.1694,22.987,30.993,16.235,-1.8506,-19.871,23.337,-16.15,-9.8988,-3.9848,-5.1478,2.6083,9.1537,-3.5418,-26.727,-26.372,17.49,0.96668,-15.551,27.591,22.559,1.2218,-3.5203,-1.9448,-0.60959,-12.91,-12.438,-11.928,8.2362,32.453,5.5995,-1.5246,-6.783
55.332,-26.161,13.083,6.0537,14.732,24.608,8.455,-3.369,-13.729,21.489,-3.9514,1.9037,-5.3509,-12.876,0.2453,5.7406,-17.971,-25.396,-16.242,37.708,64.26,-1.8091,14.969,3.8027,2.3612,-1.6746,-1.5472,-4.2071,-11.213,2.14,0.84237,2.8542,22.812,8.6064,-15.577,-16.716
55.507,-21.202,25.29,11.535,13,18.267,0.85692,-8.7532,-10.105,22.9,-2.0152,6.1722,-3.3916,-12.316,5.0225,-0.12734,-28.524,-12.435,-20.374,33.099,66.291,11.034,-3.2187,-27.216,2.204,-3.911,-12.374,-12.328,-11.084,9.6956,10.264,-3.8797,1.5318,-0.14163,-16.96,-10.185
52.508,-25.97,21.032,8.0732,16.231,27.568,13.538,8.3993,7.4588,26.628,-8.4716,-6.7264,-0.19447,-13.652,-14.961,-14.676,-29.822,15.441,12.397,24.258,51.505,12.115,-47.4,-46.009,3.9612,-1.157,-12.141,-13.501,-10.854,1.7435,6.2082,-11.584,-17.828,-9.8952,-5.6981,7.6717
55.925,-29.456,16.875,7.0959,7.9758,23.296,3.5065,8.8149,2.6807,26.284,-15.5,-19.192,4.4569,-24.315,-51.656,-42.278,-53.035,1.3329,10.629,4.8164,15.003,-23.222,-26.023,-3.4608,2.14,4.5846,-4.8598,-8.2788,-1.6794,-3.4168,4.4479,-10.723,-19.54,-14.735,9.1742,19.267
55.025,-28.86,9.8095,0.93559,2.3333,29.814,13.329,-0.024288,5.6308,25.855,-20.909,-8.4187,10.531,-12.662,-32.12,-40.688,-59.987,-23.562,-0.70301,-6.0694,0.76242,-34.158,-2.1196,30.284,0.13388,8.9096,12.956,6.4487,13.666,-5.5745,-8.3954,-6.7609,-17.556,-4.7346,20.818,10.231
56.476,-31.914,5.0734,-6.035,-6.5686,17.81,6.2762,-2.1332,-1.689,11.676,-8.8079,5.2879,1.9459,10.112,-10.697,-28.515,-21.838,-10.018,8.4151,-5.3547,-6.0403,-39.504,20.012,30.973,-1.9611,10.629,25.956,20.254,30.946,9.122,-8.5044,-5.884,-11.491,13.002,6.792,-11.543
57.498,-31.072,10.873,-5.7053,-6.4907,18.53,11.802,10.839,10.025,16.853,-12.877,-3.8242,1.7304,13.683,29.337,10.686,22.908,-6.7567,-28.473,-4.4614,-25.752,-3.4164,33.674,-12.069,-3.9795,6.5695,16.764,23.433,30.51,15.132,-6.7191,-12.564,-9.4984,12.821,-5.0016,-15.084
55.661,-23.294,10.995,-3.8412,1.4688,23.929,8.4774,0.70602,-2.5365,11.032,-9.5094,-6.0022,-0.94816,15.659,47.398,33.302,60.246,38.54,-18.008,-25.408,-29.195,26.416,-9.9599,-40,-2.5126,1.8096,4.1564,17.109,12.336,3.8867,-5.8225,-7.4669,1.8101,8.1995,-10.157,-7.2952
56.298,-26.329,21.517,5.1817,9.7687,23.376,-2.0082,-3.6746,-6.8217,24.468,-3.7213,-8.8082,-7.9195,17.413,22.655,45.567,51.52,27.818,-21.087,-58.865,-35.152,-3.012,-12.142,-9.6489,-2.3832,3.4626,-11.364,2.7471,-7.5553,-9.2805,2.448,2.6614,15.74,-1.9426,-4.9384,7.1771
56.602,-26.456,23.45,5.1727,15.425,34.657,4.1772,-7.5805,-7.8631,21.076,-18.366,-12.22,-5.7922,17.295,13.426,39.59,25.538,-7.8714,-24.39,-15.487,7.7101,1.2918,-7.8659,-6.7131,0.032619,2.3518,-15.563,-9.4199,-19.305,-19.409,2.9874,17.174,21.567,0.27653,12.114,15.595
53.068,-20.784,15.973,12.571,12.291,27.075,3.4087,-14.451,-4.888,10.326,-14.52,-5.5397,-7.7637,30.178,-10.496,21.278,2.4857,-29.953,-13.042,3.8854,34.497,-0.56727,7.935,7.1731,2.0182,-0.90641,-9.9306,-15.668,-14.156,-6.7532,10.316,23.128,17.553,10.449,13.671,11.667
54.381,-17.419,20.48,12.259,12.977,18.144,-6.4263,-1.6497,0.35171,18.75,-8.0431,-10.993,-0.86299,21.035,-13.842,-1.6526,-11.764,-29.621,-7.0936,29.085,43.816,26.576,40.57,29.566,1.9421,-6.4521,-5.5272,-9.8128,-3.4043,11.928,14.354,5.9579,1.6829,7.7266,4.4989,7.2878
53.527,-15.759,17.754,12.277,12.236,16.656,-3.2273,-4.6973,6.3195,25.348,-4.9151,-5.8351,-0.29322,11.011,-13.363,-12.15,-0.60788,4.9269,21.843,34.488,34.558,36.592,31.995,30.545,1.4884,-13.014,0.97114,2.8854,5.6057,17.011,11.02,-1.8124,-10.099,-1.8033,-11.47,-7.25
55.941,-18.451,15.639,4.4934,9.5707,25.056,3.9484,2.0856,8.4412,26.853,-2.8831,2.7108,0.18306,-5.3818,-12.777,7.2395,10.064,34.326,29.939,-0.99968,16.094,21.345,2.5988,18.04,-1.804,-12.845,2.8732,13.119,8.0735,7.113,3.954,-8.0907,-16.35,-16.3,-22.052,-17.204
52.141,-14.762,11.712,10.379,13.69,26.082,9.143,0.92601,8.3465,24.57,-1.1025,2.881,-0.84484,-21.684,-6.1734,31.259,19.6,23.125,23.539,9.8658,-2.1345,-6.9682,-30.432,-23.314,-1.4804,-9.668,5.4369,8.722,2.49,-3.7646,-3.5516,-5.6641,-18.954,-20.125,-11.841,-13.43
55.165,-20.608,17.113,16.828,17.281,30.594,2.3582,-4.9612,7.3853,29.811,-8.65,-6.331,-9.6071,-26.842,-3.0713,42.24,18.499,-3.1558,11.828,0.94348,-19.587,-33.145,-38.475,-29.523,0.26471,-2.0817,7.3189,-2.2572,-1.8022,-8.144,-6.9902,-2.967,-21.203,-11.903,8.4028,-2.6339
53.493,-25.523,13.931,21.739,18.181,25.449,9.3376,3.759,5.7802,20.385,-17.248,-12.971,-2.8004,-26.599,8.9685,13.96,7.6245,4.8451,13.141,5.1965,-42.37,-36.787,-6.6709,-12.822,2.5428,3.8556,5.8996,-13.426,-5.8961,-6.9467,-16.411,-13.477,-19.129,3.4296,23.005,8.6887
50.462,-26.492,12.994,19.933,16.575,23.795,9.7652,1.1408,-0.069263,12.373,-14.048,-4.1249,2.4844,-13.333,16.247,4.6028,7.0407,2.7465,0.18777,-13.5,-69.804,-23.26,32.733,-0.37535,3.3591,4.2471,1.0723,-17.65,-10.423,-9.3746,-20.301,-12.745,-4.7259,14.009,14.882,3.7515
53.092,-25.12,18.256,15.806,17.856,31.905,12.01,0.47325,-9.111,14.895,-1.7389,-4.6331,5.8232,-9.1602,13.665,-17.053,-4.1508,-14.559,-52.696,-50.297,-72.669,5.2374,48.988,5.5553,-0.97191,-0.16751,-7.9151,-14.323,-14.012,-13.325,-14.829,-5.9468,17.161,13.45,-8.5376,-5.08
56.607,-27.476,23.073,22.096,20.964,28.739,1.1159,-10.068,-20.071,20.926,-0.038023,-10.688,2.8765,-14.326,-0.058176,-30.504,-27.727,-40.327,-56.76,-35.033,-28.067,15.886,8.1054,-19.954,-3.733,-2.7531,-11.082,-11.914,-12.924,-1.9036,6.3451,12.22,32.256,3.7991,-19.02,-3.2015
53.331,-29.611,15.723,12.131,13.911,15.697,-12.686,-15.785,-20.553,18.727,0.24121,-6.9121,-7.856,-26.94,-22.454,-40.102,-45.052,-40.241,-32.529,-13.771,22.566,10.889,-37.045,-28.432,-1.7762,0.87785,-6.1559,-1.7075,-0.24292,14.288,23.881,25.546,25.505,-6.2134,-8.4053,9.4917
51.78,-31.41,14.231,6.5185,4.684,11.735,-6.267,-8.2464,-8.3818,18.4,-10.985,-12.963,-9.3412,-18.208,-21.101,-43.443,-37.13,6.0692,21.83,29.339,43.86,-7.0902,-19.351,0.61089,3.3961,9.6896,2.5315,8.712,15.849,18.586,15.608,19.985,8.5576,-2.2013,13.98,19.012
51.578,-36.623,11.45,3.5441,3.4697,20.287,-0.56318,-7.3234,-3.6728,21.602,-14.788,-17.712,3.0512,-2.8299,-6.5926,-19.121,-0.66419,33.681,27.414,45.245,18.893,-14.342,20.689,42.731,7.0836,16.371,9.6965,15.598,21.552,4.3209,-3.2478,2.0006,-9.1937,3.9311,21.836,14.317
52.814,-33.074,14.66,4.6678,7.6198,29.479,5.9695,0.37054,-6.5814,15.943,-2.1991,-4.9824,14.403,22.067,4.6683,2.5657,29.326,15.642,-8.6901,35.386,16.557,17.495,49.14,39.522,5.8654,12.428,8.6755,16.656,12.871,-14.984,-15.888,-19.633,-16.034,5.7294,0.94525,-4.7817
54.34,-30.194,12.213,3.4961,12.111,23.665,-5.097,2.5293,-12.007,12.785,6.1928,10.464,15.689,34.776,13.144,14.886,29.481,-23.422,-33.508,-6.7915,-9.7515,18.252,37.89,23.696,0.84019,2.8738,3.597,8.8647,-3.771,-18.802,-3.4514,-20.372,-9.12,3.5487,-22.015,-20.994
57.601,-23.591,16.184,7.8254,15.026,17.867,-8.3451,4.52,4.0638,31.556,3.0941,-7.2891,13.667,25.127,12.409,22.834,12.153,-40.3,-27.15,-42.807,-21.989,5.26,-23.225,-13.78,-3.5907,-6.6512,-1.0801,-1.4873,-12.154,-9.782,9.6912,-4.2866,-6.0011,-5.2616,-26.853,-14.703
57.029,-23.976,17.26,9.4083,14.507,14.382,-10.16,-12.794,-13.871,22.922,1.5105,-4.7104,7.6205,10.009,7.5222,15.068,-10.933,-32.359,19.387,-17.52,-7.4335,9.519,-53.203,-35.586,-5.452,-7.416,-2.8848,-8.3788,-9.2655,3.7045,13.673,17.346,8.8664,-0.54889,-12.028,-2.6295
58.302,-23.619,18.34,13.129,12.498,13.971,-5.074,-13.372,-16.644,13.505,-11.471,-4.2855,0.48438,1.1947,2.0785,-4.9617,-11.238,-28.8,13.318,19.317,-14.607,-4.4469,-39.581,-4.3529,-4.4546,-3.0827,-2.1728,-8.5363,0.69264,12.317,4.471,15.577,16.856,10.734,11.407,6.7472
57.8,-25.175,14.896,8.3784,7.9085,9.4335,2.961,2.7152,-5.3697,26.57,-13.126,-8.8315,-4.9793,9.663,3.8846,-13.11,-5.1507,-10.65,14.622,48.876,30.889,20.361,-14.073,5.8353,-1.5122,-1.2283,1.0245,-3.2141,8.2533,15.518,-9.1585,-3.2201,9.7598,12.202,20.788,7.3378
57.458,-22.394,18.405,5.8595,12.707,5.9408,-8.2465,6.4237,-7.4906,27.509,-9.378,-7.405,-2.3067,9.8868,3.3631,-5.7585,12.725,10.429,-2.4124,1.881,43.127,53.509,14.242,-0.75481,0.45142,-3.0093,1.4051,1.4533,3.2972,14.549,-3.4695,-14.361,0.98089,2.3846,10.325,0.42742
54.962,-19.757,19.17,6.4879,11.827,13.072,-1.263,1.7465,-3.0031,26.1,-6.5724,-0.23305,1.4549,-0.47873,12.002,-0.60397,18.352,25.615,-18.54,-24.902,12.498,41.551,23.826,-0.69657,1.6486,-8.4607,-3.3529,0.37369,1.0045,10.569,4.6372,-7.2803,-12.968,-17.86,-8.2028,-0.33245
58.568,-21.385,17.885,11.195,16.902,17.366,-4.1683,-11.947,3.7363,40.494,-7.6265,-8.9622,-0.47563,-8.7809,5.0453,-3.9485,-6.503,25.814,12.551,-15.6,-0.50735,-3.1187,-6.9048,1.0501,-0.41681,-9.0015,-6.0218,-1.6884,-1.0041,6.863,10.916,10.078,-14.904,-30.682,-17.54,6.9676
57.972,-25.919,21.157,5.4088,14.987,16.528,-8.3482,-0.55063,-4.734,40.853,-2.0893,-8.4012,2.3482,-23.307,-13.721,-12.147,9.4859,34.503,30.325,21.215,-12.132,-40.626,-44.513,3.2706,-2.2965,-2.9406,-8.5935,3.0343,-0.19581,0.18149,5.9131,5.8188,0.02195,-20.491,-13.257,3.6006
55.715,-23.703,19.934,4.4248,7.8755,17.12,1.5719,-0.22779,-6.8789,18.573,-15.072,-2.7959,-4.8374,-23.707,-13.884,-8.4293,12.138,40.3,27.735,29.213,-19.079,-58.812,-39.286,32.099,-2.5202,1.5123,-4.823,3.7477,1.0668,-10.1,-12.024,-7.4424,3.7107,3.8302,9.6691,-5.5467
57.562,-30.251,11.285,3.7996,21.083,30.447,11.03,6.4946,-3.7616,16.748,-25.106,-1.6809,-7.847,-7.7189,-21.501,16.808,8.0523,19.28,3.4337,-18.215,21.894,-33.058,-26.268,1.7817,-3.0045,4.9158,3.0735,-0.4497,-9.8734,-21.713,-19.885,-16.811,0.40841,10.475,26.043,-8.5279
56.354,-31.072,15.879,7.7848,19.922,30.557,0.010105,-0.86262,-6.2893,23.141,-15.761,3.7274,-7.979,-9.0135,-15.18,0.31268,-0.45237,-17.075,-34.124,-33.097,1.0332,12.248,32.318,-25.939,-0.44464,4.5799,5.112,-5.7307,-13.924,-20.187,-9.7938,-6.6447,-3.4974,1.6496,22.231,-5.0858
53.729,-26.094,12.434,12.133,12.99,19.45,-5.8505,-9.3407,5.9181,22.04,-14.879,-10.772,-11.103,-6.0746,2.2942,-18.766,-33.586,-45.375,-38.17,-31.684,-20.146,-23.781,49.9,-10.35,3.7675,2.6279,8.5675,-10.693,-11.623,-2.6758,6.9515,15.497,-8.9246,-6.9861,6.7363,6.2218
53.642,-30.288,11.77,0.41456,11.696,14.08,-7.05,-8.8587,-11.202,22.051,-4.0267,-11.22,-5.4325,-1.6293,-0.22149,-19.296,-36.664,-28.308,-0.43272,2.724,-15.546,-55.203,33.785,12.736,6.346,5.3701,6.1983,-0.65227,-1.9199,12.445,14.642,20.564,4.535,-1.9724,-12.773,10.166
53.367,-33.68,14.486,-1.8984,8.4036,15.998,-4.5252,-5.3492,-11.378,5.402,-6.0234,0.61763,9.7173,1.7287,13.858,-26.852,-31.959,11.517,21.346,41.358,-14.44,-34.263,6.68,13.553,6.2662,9.0715,0.88688,9.6969,12.565,12.167,5.892,11.287,13.328,18.904,-18.322,-2.8833
53.819,-28.094,14.742,5.1525,3.8836,18.129,-0.8689,-1.4964,-5.414,3.858,-3.2961,4.4009,13.341,13.936,10.03,1.0945,-10.865,16.702,9.3303,33.203,20.855,7.6273,-9.9386,12.938,2.5036,7.6407,0.70194,8.4636,16.124,-0.69803,-7.6576,-6.8487,4.8186,23.585,-15.425,-9.9655
58.499,-26.327,17.877,-3.6624,0.9164,23.184,1.7318,7.6572,-4.1959,14.005,-11.904,-11.806,10.841,31.501,1.6027,19.523,16.341,-7.045,-13.591,9.513,28.293,39.324,-19.849,-24.868,-3.7831,3.7559,-0.71121,6.7683,11.215,-9.4157,-7.4708,-17.209,-5.4275,6.1195,-4.8342,-6.5538
57.746,-26.997,15.09,1.8438,10.007,18.838,-5.5133,1.2394,-4.3659,21.563,-6.0557,1.4611,6.5238,21.689,9.4157,-0.16566,19.807,-22.517,-21.252,-15.597,-12.819,25.929,-30.076,-17.881,-7.3079,-3.6567,0.36363,-1.4191,2.9308,0.88078,5.6546,-9.4467,-12.829,-10.438,5.1593,-4.2704
56.824,-18.479,15.114,9.5175,13.512,12.12,-8.9987,-1.9606,2.2443,16.211,-14.568,-10.346,-5.7898,16.632,10.609,7.6191,8.7782,-15.951,-0.71713,-20.287,-24.74,-12.817,-7.422,-3.8066,-8.577,-9.8065,0.35967,-4.0148,0.46728,17.397,17.347,4.9238,-5.9016,-14.345,9.1466,4.6638
57.919,-21.174,20.831,-1.5203,7.4891,12.402,-6.1297,-4.4861,-15.044,15.719,-17.002,-5.2692,-14.883,3.0867,7.3453,-0.04887,7.5703,25.559,31.166,0.86896,-16.771,-18.492,9.6445,-18.944,-5.7375,-7.7137,-3.0878,2.2034,5.2536,20.007,15.363,13.769,12.538,-0.68899,7.8722,3.4694
55.518,-20.923,20.31,1.8292,6.5645,18.426,1.6814,0.37641,-11.227,10.519,-10.142,-10.344,-21.34,-8.231,4.4362,-0.60917,24.795,55.9,46.936,25.899,0.76124,-10.191,6.0235,-1.0167,2.3671,-5.5598,-3.2824,-0.76202,6.3619,8.8029,0.36435,12.142,17.361,13.605,-0.66102,3.9579
50.957,-24.232,16.164,5.6635,17.266,28.465,4.7297,0.50538,-6.0159,15.163,-3.4465,-8.0121,-14.388,-4.4483,-2.9369,14.966,38.066,41.592,31.737,30.154,37.12,21.171,2.562,-1.9285,6.551,0.083328,-5.1892,-0.069577,-0.0085712,-9.8383,-12.555,3.1862,14.997,12.85,-1.3096,4.556
49.634,-21.065,19.666,5.621,21.021,32.039,9.0398,8.4932,-1.889,11.394,-18.334,-9.4832,5.7981,-7.3999,-0.66201,-3.6983,25.34,20.047,0.81895,25.782,35.118,35.377,-7.1859,7.4753,8.915,-0.27248,-8.344,-5.0758,-10.153,-19.119,-15.439,-2.2071,2.3066,8.0272,8.5224,2.4986
53.666,-23.327,19.685,4.0666,19.294,26.392,6.0599,6.5328,-1.1526,25.868,-11.625,-6.6638,4.3023,3.0877,-16.052,1.1478,7.2552,-5.7054,-8.5501,16.858,41.037,22.974,9.7015,-0.41016,6.2265,-1.343,-8.7427,-9.3027,-14.283,-11.407,-7.5205,-4.6724,-11.999,-6.1956,8.7492,7.2611
57.063,-25.075,18.219,0.77852,18.22,29.486,1.4258,10.254,3.9003,22.855,-9.6455,-7.2804,13.889,-13.361,-30.726,-19.079,-10.562,-16.044,-10.117,21.511,10.336,29.044,45.066,10.717,0.95517,-0.090006,-2.0904,1.7915,-9.3339,-6.0905,-3.2175,-15.389,-19.352,-14.682,1.3543,9.6774
49.394,-20.683,8.8616,8.6586,22.294,26.889,4.2616,8.0542,11.608,20.92,-2.9401,-9.3185,12.699,-8.1824,-31.618,-23.857,-15.398,2.6036,-0.39702,8.9279,-10.486,-6.6402,20.182,32.756,0.39771,-1.0129,9.7543,7.4948,-4.2425,-5.6882,-9.6631,-24.161,-19.815,-15.623,-11.721,8.0898
58.715,-29.068,9.7144,-6.2148,14.24,23.768,4.8805,18.488,-3.1012,28.39,-0.14367,-2.7973,6.3756,-2.2148,-3.3309,17.762,-10.003,-14.56,-19.345,-47.198,-35.879,-23.226,-5.6547,39.279,-3.7768,2.3528,11.659,13.117,1.7845,-7.2181,-12.098,-25.264,-4.2994,-15.5,-21.244,-9.5279
59.19,-25.422,8.1283,-4.3655,13.585,30.552,4.134,6.8796,-2.8947,19.78,-6.285,7.4729,10.048,-7.5501,19.022,20.201,-14.237,-34.889,-52.251,-69.594,-34.929,-29.004,-23.541,25.758,-4.6844,-2.4357,4.3423,3.8359,0.61726,-9.2938,-4.6625,-3.0465,8.6852,-2.3478,-15.725,-24.691
55.353,-23.813,16.92,16.171,17.573,20.374,-8.183,-12.758,-6.7878,11.812,-10.8,3.9633,-3.6692,-1.9138,2.2506,24.478,-2.2208,-33.389,-44.677,-65.549,1.0601,-37.274,-39.291,-33.423,-3.462,-5.078,-6.3157,-13.345,-3.3575,4.1307,18.087,30.017,17.545,8.43,-7.6345,-19.945
56.099,-27.085,14.77,7.5661,13.509,11.142,-15.332,-11.12,-4.0132,14.706,-9.3822,0.17996,-5.7008,-20.511,-12.698,-8.0359,-16.203,-34.451,-11.044,2.8706,14.471,-11.355,-41.624,-54.346,-3.3224,-0.15941,-9.1536,-11.771,-6.2724,11.692,31.197,35.114,13.213,12.628,6.2723,1.1337
58.425,-29.193,7.5189,0.058463,13.168,16.779,-7.7248,-5.2864,-2.012,12.289,-18.241,-15.862,-3.0603,-21.124,-19.05,-34.845,-25.807,5.8743,50.488,66.653,27.146,10.1,-34.786,-20.393,0.49712,7.4939,2.9299,-1.1999,-5.2101,11.023,23.069,13.754,-2.7607,12.715,20.057,22.616
54.803,-32.987,6.48,-0.32692,7.6863,15.124,-1.617,4.5792,1.9528,13.864,-23.377,-9.7871,-6.869,1.2581,-16.096,-8.9936,-33.805,3.9391,56.15,39.875,18.091,10.448,5.5678,24.911,2.9357,15.487,9.9543,12.953,5.6032,7.2424,-2.794,-23.389,-12.372,6.5816,23.513,14.877
54.471,-31.424,11.54,2.6953,7.5808,21.32,10.203,12.719,3.8023,17.283,-21.196,-1.2499,-0.59954,24.671,18.599,18.958,-19.47,2.531,37.07,-15.278,-14.553,15.4,37.396,40.029,4.1972,11.148,9.9987,14.193,13.529,3.3502,-25.791,-41.491,-12.776,-0.93188,10.106,-6.2761
54.642,-25.341,4.7115,1.7509,-0.60025,10.841,3.7786,-0.18517,2.1253,17.433,-5.1208,5.3292,7.7475,34.025,18.25,29.826,8.6442,3.4326,-18.305,-73.11,-26.541,18.903,39.852,-10.171,3.0117,-0.79742,6.9108,2.1973,18.345,11.001,-25.688,-19.337,-4.3225,-6.5848,-8.7517,-13.647
58.206,-20.681,17.703,8.4983,7.5758,20.187,8.1124,-10.543,-9.3749,18.205,-8.6711,-3.4061,10.618,18.234,13.771,16.709,20.613,22.878,-41.239,-84.308,-14.418,1.2129,-1.3985,-34.233,-3.0569,-9.3125,-0.68538,-6.2921,12.643,13.44,-12.705,10.532,11.055,-10.333,-15.766,-1.8104
56.809,-21.347,12.523,11.685,12.011,17.407,-9.7239,-20.345,-4.7289,22.855,-9.7134,-13.795,2.5808,0.4897,20.872,3.1175,37.88,48.771,-33.136,-22.294,-3.5891,-15.382,-18.794,-6.1923,-5.9648,-9.4557,0.61668,-6.171,2.7781,13.457,11.9,24.157,9.0633,-9.3103,-8.5631,18.92
58.696,-24.305,14.52,6.0827,11.582,29.476,-3.6648,-19.355,0.02026,15.179,-19.599,-8.8043,-13.301,-5.1243,13.861,0.85168,29.129,47.064,-19.038,11.974,29.246,-19.123,-12.11,28.987,-3.5541,-4.0013,0.5278,-0.27805,-4.7085,2.3612,19.162,17.923,-1.9341,0.43034,7.2278,17.253
55.688,-23.284,16.739,4.5175,16.337,30.582,-6.9007,-6.9264,-4.3669,11.255,-9.0537,4.9321,-10.118,-1.575,21.288,6.9001,18.277,58.623,30.096,-0.46374,-3.0561,-17.48,2.392,52.82,2.8498,-1.812,-3.173,-0.13471,-9.6462,-11.591,14.156,7.4488,-3.1945,7.7508,5.696,-3.269
52.117,-22.275,22.526,12.508,19.977,37.131,-2.818,-11.265,5.0672,14.443,-15.056,1.7242,-0.80375,-0.74058,16.203,13.427,6.8725,29.758,22.954,-5.6092,-24.355,4.4136,24.148,22.525,6.3793,-4.9489,-8.8698,-6.0332,-8.5336,-16.795,6.8083,11.953,-2.3927,7.9443,-0.29586,-16.825
55.04,-23.149,19.165,11.922,16.952,42.891,4.9006,-24.621,-8.7804,14.483,-10.789,7.3511,10.582,-10.762,3.8368,-3.8438,0.77703,-0.53209,16.648,23.741,7.2391,11.603,-8.4426,-19.306,2.0981,-6.0052,-12.665,-7.7734,-1.3679,-17.573,-3.4833,19.829,10.337,4.9399,-3.4845,-18.059
58.618,-24.742,21.408,9.0938,14.711,38.2,1.9116,-13.312,-9.9506,15.772,-6.6574,1.2486,8.2465,-25.275,-21.762,-23.943,-4.7892,-7.3328,21.728,59.634,12.135,6.0567,-8.172,-19.073,-3.4285,-0.53811,-8.4495,-3.0303,1.1666,-10.299,-3.9277,6.8049,7.9612,-2.0843,-1.0762,-5.4087
57.728,-27.432,19.216,4.3026,19.358,29.781,-0.94149,5.9677,6.7616,16.392,-17.474,-4.4832,-4.1524,-19.334,-23.053,-13.282,17.268,-10.695,13.292,66.059,30.385,6.3972,1.1297,-16.679,-4.8955,6.8674,-0.85157,4.2615,-5.6042,-9.5906,-8.0737,-16.376,-7.7014,-6.8059,5.6373,5.3546
54.896,-32.771,11.619,4.3464,16.379,40.02,10.967,3.2572,3.3639,16.516,-15.799,-1.8953,-10.579,0.85462,-12.6,2.9947,4.4599,-16.658,4.9935,7.2567,3.8777,-3.4048,13.981,-5.8326,-1.4898,9.5493,8.083,4.7982,-13.082,-14.648,-12.414,-24.855,-13.374,-6.6357,-2.8769,2.1468
54.825,-28.802,12.533,7.6549,24.752,36.634,7.0191,0.12318,-0.24519,17.309,-5.6531,0.58376,-4.4828,10.51,-5.0023,3.9952,-31.868,-43.822,-15.353,-31.951,-27.139,-17.696,8.6674,0.84652,1.1372,2.7909,7.4201,-1.4531,-19.398,-15.501,-11.382,-17.618,-10.973,-4.5083,-12.593,-0.92922
54.78,-23.63,18.45,8.915,14.244,26.445,0.42808,-6.7618,-4.5084,13.611,-5.5775,-4.2012,0.96296,7.5495,9.627,-8.59,-45.629,-64.009,-26.02,-15.638,-25.975,-15.075,-26.325,-17.102,1.4157,-2.9021,3.833,-4.0384,-6.7109,-5.0739,-5.209,1.3844,0.65756,0.94899,-13.709,-1.204
55.544,-26.747,13.299,4.0159,4.4918,14.657,-3.3486,-4.9981,-2.8718,8.9973,-18.251,-2.907,-4.2373,-8.7269,2.9338,-14.755,-54.678,-64.525,-28.112,-10.586,-9.5561,-10.309,-41.683,-15.69,1.1914,-2.2513,1.0279,-1.2113,9.184,10.682,1.4605,5.4941,7.9719,8.8088,-1.8604,6.011
55.017,-30.024,16.049,1.8709,3.6947,19.004,3.141,-2.0013,-8.3103,13.135,-22.663,-8.7009,-3.6237,-4.0377,2.5971,-7.8223,-17.69,-31.676,-14.672,3.4964,-1.6259,-2.3531,-29.388,-3.5844,2.5389,4.2148,-0.79978,4.3034,15.927,21.322,4.1696,-2.7205,11.088,11.1,11.226,13.521
52.587,-29.968,15.2,3.7993,2.6873,8.0922,-8.3935,-7.55,-3.1223,12.393,-17.952,-5.0114,3.7676,5.0467,3.6523,-2.445,0.082421,-6.5768,-13.725,-14.047,0.54612,19.987,0.89672,24.143,4.5116,8.3184,-0.11513,5.6806,16.311,26.938,8.3453,-4.6206,9.0273,7.9895,7.5438,1.2307
54.446,-24.038,18.798,5.1121,6.3012,13.889,-4.3856,-3.7376,-5.1961,10.737,-20.421,-4.9412,9.6552,21.737,5.2689,6.772,6.6238,13.629,-12.366,-27.51,24.415,25.277,8.5127,30.585,3.7445,3.7365,-4.5205,4.4954,5.0877,18.584,8.6077,-7.8174,7.5014,0.54906,-1.5841,-13.947
57.714,-27.216,13.751,1.1728,3.2298,13.926,-6.4476,-11.154,-4.1558,20.19,-18.924,7.2844,11.681,19.978,1.0223,6.3504,14.721,47.514,12.461,-18.186,22.56,15.824,-22.914,-26.621,1.134,-1.8157,-4.5878,3.1907,-1.3155,9.5973,9.8246,-1.9272,-1.2493,-9.8963,-3.2392,-19.011
57.282,-20.531,19.408,6.5702,6.7353,22.902,-4.0149,-13.955,4.414,21.874,-17.92,0.44373,11.142,7.1792,-18.69,10.257,0.42914,34.198,15.274,-33.521,24.874,2.4741,-25.403,-47.937,-0.10218,-7.7961,-4.735,-0.14402,-3.5664,-2.8946,6.1542,7.6068,-13.752,-14.206,5.2125,-3.6576
57.01,-21.733,15.406,6.2455,9.8308,27.343,-2.3483,-11.535,3.3527,14.736,-30.66,-21.014,8.6943,3.247,-7.3069,11.766,-3.3977,31.125,21.579,-20.678,-5.93,-18.093,1.6585,-31.654,-1.3714,-5.3877,0.034037,-3.1481,1.9251,-10.415,-1.0455,14.314,-10.471,-4.0632,20.289,20.901
60.369,-23.19,8.6251,7.7041,3.2153,24.28,1.2016,-20.308,3.4868,14.701,-27.255,-14.76,10.638,-8.8784,-14.241,3.344,-2.1486,7.3501,13.846,11.77,-30.102,-28.797,22.289,14.813,-2.8135,0.22453,6.8618,-5.6559,9.9184,-6.5463,-1.7678,21.381,-4.0857,3.4984,17.883,21.63
60.517,-24.263,15.489,6.4889,3.291,28.8,1.7335,-18.316,-6.6573,14.73,-13.427,-0.94037,5.0762,1.0682,-1.0319,-5.9336,25.636,8.8639,7.9469,30.739,-2.3062,11.143,54.683,46.51,-2.2638,0.68418,2.5533,-2.8657,6.2253,-2.9395,-0.17522,9.1581,7.4568,8.0682,-0.14124,7.7032
60.847,-23.705,12.246,8.1205,8.9309,25.848,0.86745,-4.6789,-5.6322,7.4788,-15.392,-2.1865,-1.1164,9.3913,12.481,-9.1728,35.505,12.597,13.251,47.674,2.634,5.3481,37.498,21.129,-1.9805,-0.74438,0.94086,3.5253,-7.0992,-2.4988,-1.3547,-7.4999,16.096,6.7772,-13.773,-4.0813
59.309,-20.942,13.08,3.0705,19.791,30.991,1.7923,-3.9796,6.7591,23.918,-9.2493,-4.0462,3.2524,-2.4669,-7.902,3.696,8.9024,13.804,21,7.1607,14.986,5.1754,-6.6521,3.7042,-0.72889,-6.4529,-4.3394,7.4834,-17.402,-5.7123,-4.7958,-13.622,9.5976,-3.796,-19.307,-4.219
60.415,-20.155,16.07,4.8269,12.718,29.483,7.7976,-3.6388,-1.9044,12.781,-10.595,-2.6429,1.6471,-10.833,-6.1021,16.156,-29.278,-7.6141,0.54609,-13.94,41.731,8.0729,-15.906,15.81,-1.9033,-3.3256,-6.1667,8.0685,-10.229,-9.8076,-8.9846,-8.738,6.3924,-3.2466,-7.272,0.52674
62.359,-27.272,9.6258,9.9837,5.8488,33.885,8.7687,-15.256,-1.0282,14.667,-19.152,1.1399,0.050054,-21.085,-13.437,18.819,-28.981,-9.5918,-9.6796,-6.5637,26.133,-9.1998,-15.152,28.075,-4.323,4.3373,-2.2669,5.2572,7.1319,-12.931,-11.373,7.6599,4.7276,-2.2339,5.8442,-3.0091
60.145,-25.956,10.922,12.742,1.2629,20.594,-2.3477,-6.0111,19.127,16.141,-18.394,3.1254,-9.0316,2.072,-15.585,23.608,3.3012,-24.743,-16.332,10.847,29.022,-3.6974,5.3878,11.578,-3.1293,3.9649,-8.4208,0.27309,15.126,-8.4395,-8.2533,4.8242,-2.0924,-3.8143,2.4095,-9.8992
59.469,-28.583,8.9354,8.5227,11.028,30.639,2.0251,-6.0753,9.31,17.638,-12.926,7.1071,-13.023,12.767,-14.495,26.256,28.272,-42.286,-27.425,33.067,44.978,-0.10904,11.922,-9.2251,0.72595,-1.09,-10.417,-2.7768,2.9066,-4.0785,-3.8774,-5.1832,-2.4622,-0.39788,-4.4989,-13.33
57.344,-18.464,8.6232,17.361,11.779,18.734,3.0032,-2.8057,7.4377,9.4465,-11.014,0.16225,-7.4627,-7.9342,-47.677,13.803,17.726,-33.465,-31.848,-9.6347,21.847,-15.544,-17.396,-15.036,4.8929,-10.393,-5.0221,-7.2503,-10.323,13.24,10.663,-12.633,-14.094,3.6322,-5.0757,-7.5815
57.248,-24.635,3.5276,20.802,14.727,13.672,-7.6193,-0.32486,27.306,17.959,-16.881,-1.991,2.8954,-21.531,-49.477,9.8375,-21.66,-25.623,-21.309,-22.239,17.41,-5.2659,-26.255,-25.27,5.4034,-6.3349,8.6917,-7.3285,-14.989,21.124,20.936,-11.009,-27.132,5.544,5.3525,1.4985
57.525,-31.898,-10.213,13.504,8.2765,12.346,-13.449,-13.704,21.053,8.2085,-25.114,0.15655,7.4734,-32.745,-23.204,-4.4342,-23.347,33.126,33.925,-24.663,-27.664,17.042,-0.90235,-18.308,2.5928,6.8172,26.218,-0.56892,-5.0694,12.187,16.54,1.0173,-20.128,11.912,17.996,9.3634
60.827,-32.632,-6.3854,15.37,1.9487,21.022,-0.40302,-11.746,11.207,15.624,-19.003,-5.5248,6.5259,-6.502,16.727,-1.2682,-26.135,30.038,44.371,-14.466,-65.925,11.318,30.438,-0.09668,0.18924,15.295,26.094,0.78901,4.9921,-6.5845,-1.0293,2.9018,-6.2263,3.2939,10.789,16.149
59.292,-30.837,1.9775,17.86,6.4946,31.622,16.357,-9.4269,1.6549,19.135,-10.404,-7.2248,3.6861,18.637,50.309,16.511,-5.3834,-0.35946,18.015,-8.4349,-37.124,35.722,44.236,19.195,-0.12242,15.361,12.496,-2.3194,-0.9933,-24.762,-15.454,4.6496,14.013,-7.7334,-8.8379,8.9639
59.628,-28.416,5.796,17.989,2.5502,19.052,-0.33738,-9.696,4.042,18.155,-9.0172,1.6513,5.7352,29.251,44.236,3.3098,-5.6815,-41.803,-18.5,-15.844,-8.9919,1.8633,5.1231,36.723,-0.45319,3.6901,-2.2601,-6.4516,-1.5814,-11.938,-2.7521,8.2209,19.009,-13.971,-22.358,-6.3931
59.967,-24.688,8.8514,20.45,5.284,13.151,-4.4747,-18.946,6.0735,24.804,-7.9894,6.1659,7.2567,26.185,25.52,-18.32,-38.54,-54.764,-11.912,-0.72603,13.936,-16.898,-32.435,8.1018,-3.1151,-7.382,-11.013,-6.3201,3.6586,13.936,14.628,13.438,8.0687,-15.994,-16.048,-14.29
63.357,-21.081,12.296,15.73,-0.28675,9.3559,0.76282,-14.908,4.5022,13.721,-17.649,6.1413,2.4747,8.1745,17.821,-16.11,-17.464,-2.4507,45.573,22.784,3.5876,-32.228,-43.017,-26.516,-7.2803,-11.615,-8.3316,6.5811,15.886,28.788,15.588,10.62,-2.434,-2.9809,8.7427,-8.0608
61.056,-21.412,11.488,9.8295,-11.357,9.0884,9.8514,-7.1837,8.3929,12.903,-22.305,-5.4189,-10.259,-7.7346,8.4529,-5.3792,18.8,49.645,59.12,39.438,-3.07,-27.204,-11.936,-20.635,-5.62,-6.2043,-5.1047,12.126,21.76,20.473,-1.435,-0.50012,-9.716,4.5714,29.012,10.71
60.321,-25.966,13.388,15.244,2.1388,19.858,15.286,-4.185,4.6761,7.9919,-23.368,-5.8142,-21.908,-11.862,11.112,29.745,45.08,49.935,23.923,17.172,-12.659,-7.8883,38.587,10.787,0.041703,2.5996,-3.1686,5.2856,6.757,-4.5236,-18.23,-7.0331,-9.4349,10.986,29.736,17.36
56.356,-26.112,12.532,18.003,13.471,32.722,17.824,-4.5886,4.4516,14.067,-11.098,1.826,-8.652,5.1816,3.3512,19.38,38.985,21.411,-8.2612,-0.42043,-26.521,-6.2105,71.82,43.002,4.9698,5.0491,-3.4603,-3.276,-6.9572,-17.923,-18.026,-9.7634,-5.4911,8.9481,8.5651,3.032
54.752,-24.662,17.33,26.516,9.8393,22.506,8.7381,-7.62,0.14352,9.1951,-3.9591,7.9125,1.8797,14.715,4.5289,-2.0621,6.2288,-10.952,-11.885,7.5485,-31.861,12.208,63.783,28.466,5.1359,1.6515,-9.7435,-11.955,-10.408,-11.236,-8.7584,-9.1192,4.0668,4.5481,-15.42,-10.455
59.514,-19.473,11.193,13.884,4.2855,18.47,8.9949,-5.6764,-2.6012,9.1962,3.9004,9.2186,2.6959,4.2226,-5.5571,-5.8557,3.4401,-9.5271,-13.106,-4.5669,-20.924,7.4893,18.292,-14.315,0.8086,-4.6296,-7.5604,-4.8014,-3.9337,-0.068559,-3.9348,-4.872,12.081,1.1665,-28.319,-13.987
59.681,-21.928,16.322,16.273,9.8462,21.508,13.758,0.13318,-7.7283,16.531,1.0246,4.7227,-1.9028,-3.1253,-33.152,-17.412,10.815,9.2224,-17.447,-26.351,4.8769,8.0025,-11.748,-12.829,-1.1318,-3.0099,-4.0614,-0.9692,0.073804,7.076,0.42478,-0.005245,11.985,-9.1186,-25.384,-7.6687
55.239,-25.368,10.257,20.197,15.188,28.457,8.7609,-10.749,-2.0746,14.144,-4.4441,-3.7366,-2.7177,-9.0465,-15.61,3.0479,17.023,10.981,-25.154,-7.8307,15.517,1.7243,-32.011,-6.2846,0.32546,-0.12358,2.651,-2.2332,-4.2104,0.25613,4.2882,5.6451,1.8332,-9.5747,-11.623,3.9487
55.938,-23.278,1.2218,14.653,9.7956,22.124,0.13152,-18.259,2.3187,10.723,-5.6611,7.9754,-1.0725,6.2996,-10.752,-11.36,-0.1939,14.174,-3.7373,9.1542,9.8408,-30.503,-37.983,-13.892,-0.70473,-2.5447,8.4806,-1.9541,-7.4291,-3.7345,5.4584,-1.6394,-12.321,-8.1925,-0.34665,1.301
60.027,-23.322,10.938,16.218,12.822,23.652,3.231,-0.39547,0.13402,12.963,-8.7621,4.45,3.9081,-1.1078,-3.5021,-20.048,-12.107,-10.722,1.4804,5.9061,-14.24,-21.132,-26.705,5.9597,-3.7856,-5.9356,1.9881,-2.6645,-3.9933,-3.1426,-2.6222,-21.245,-15.313,1.3932,11.99,2.1929
56.751,-19.802,10.606,12.583,10.932,30.998,14.654,-0.46629,-3.9122,1.8703,-15.808,-6.3167,-8.7393,-19.818,3.1971,-15.635,-11.765,1.4015,-3.4721,-41.416,-41.852,-21.532,-16.134,-12.446,-4.4715,-7.2113,2.9497,5.6655,4.8151,-5.4764,-16.411,-20.768,-5.7877,15.392,21.739,5.4321
56.787,-27.66,3.8135,11.208,8.5663,18.659,2.2397,-16.692,-6.0792,8.0041,-12.723,6.3893,-17.812,-25.666,-12.644,-8.1375,2.8427,1.6544,-38.398,-88.769,-35.201,4.2051,17.014,3.9569,-1.1531,1.5432,7.0658,9.4296,6.5559,-6.6677,-15.62,4.7407,9.1737,16.309,18.925,-2.1738
53.189,-31.018,6.3825,9.3407,6.0412,25.321,-1.1089,-30.819,-15.501,2.4358,-11.748,0.78252,-12.57,-17.478,8.568,11.012,16.406,-19.396,-65.853,-47.349,-8.6168,33.791,48.854,14.27,7.2363,12.311,7.8516,6.3112,3.7839,-12.531,-4.4675,37.095,22.246,15.89,7.7989,-8.118
52.902,-30.547,6.7274,13.77,16.689,27.318,-8.0864,-29.603,-11.672,14.782,-2.2853,2.8788,0.057644,5.4381,29.141,13.777,6.5867,-33.662,-45.43,32.576,15.011,32.751,35.425,-18.267,11.027,13.745,3.0395,-1.6271,-6.0193,-9.2652,15.023,44.09,16.864,6.8286,-6.6121,-22.149
52.409,-27.097,13.433,16.808,15.074,16.971,-13.109,-17.685,-5.424,15.377,3.4003,2.5734,18.507,26.185,21.562,4.9644,5.2824,-43.593,-22.294,83.386,44.272,43.647,13.655,-41.924,8.2715,6.3339,-7.7812,-7.9784,-11.151,3.6968,25.962,19.16,3.1113,-1.6141,-15.491,-21.033
57.205,-26.901,14.859,14.363,7.3433,6.0033,-14.475,-6.9709,-3.612,17.909,-2.5849,-3.6397,21.785,21.226,-3.9438,-13.249,-21.692,-32.573,14.938,66.312,22.674,33.42,1.5529,-78.69,-0.44453,-3.279,-10.147,-4.8572,-6.1106,16.969,25.909,-7.5805,-7.4136,-10.622,-9.2014,3.0413
60.291,-19.748,13.098,11.526,13.355,14.182,-9.0614,-0.4422,2.6052,22.696,-4.7703,-16.92,17.924,6.2974,-13.795,-15.367,-25.208,-1.4564,33.772,31.583,3.1079,25.386,-11.663,-60.683,-9.7877,-7.3212,-3.0452,3.3214,2.6115,20.28,20.751,-17.248,-10.573,-18.922,-3.1715,27.605
59.854,-23.608,4.923,9.7862,6.7027,12.426,-2.6412,-5.0687,-4.3498,27.833,2.5764,-26.719,-1.8732,-1.0132,-3.9154,-0.34363,-8.7214,30.117,56.083,20.575,-1.4751,-11.226,2.0768,6.3183,-11.883,-1.1525,3.8913,6.0343,11.333,12.934,8.2532,-8.9611,3.7916,-16.245,-0.3259,43.545
60.047,-25.595,11.503,11.413,2.7903,13.031,-2.1404,-2.8447,-3.5011,23.108,-5.0119,-16.228,-18.602,0.69842,6.3221,15.119,11.855,26.46,60.89,20.014,3.4841,-28.641,-2.4645,53.598,-5.334,0.66814,3.696,3.2757,7.5577,-0.90662,-8.0981,-5.645,3.6703,-6.0339,1.6573,19.694
56.391,-24.484,13.699,14.248,8.2651,21.637,10.106,4.5179,-1.2964,12.09,-1.4257,-0.82667,-19.365,18.263,5.4542,1.6799,16.44,18.138,42.645,27.291,41.444,-20.794,-4.6758,81.897,2.2348,0.13279,0.15086,-1.4432,0.5588,-8.6694,-17.306,-6.1164,-0.053398,5.1093,-0.16891,-6.6234
52.721,-18.961,11.871,16.855,18.502,22.806,15.01,4.7716,2.8205,16.247,-4.0015,-3.0679,0,0,0,0,0,0,0,0,0,0,0,0,0,0,0,0,0,0,0,0,0,0,0,0
53.834,-17.794,7.4661,7.9052,7.0671,16.607,10.106,4.7689,13.212,20.866,-0.2667,7.6489,0,0,0,0,0,0,0,0,0,0,0,0,0,0,0,0,0,0,0,0,0,0,0,0
