22.19,-6.2594,3.377,-2.4036,6.9872,7.8145,8.5976,6.9993,-2.7402,-6.0101,-6.0087,-0.66457,0,0,0,0,0,0,0,0,0,0,0,0,0,0,0,0,0,0,0,0,0,0,0,0
24.364,-1.6246,10.439,0.36936,13.071,10.25,8.7899,12.636,-7.1194,-9.0805,-0.33433,-3.0656,0,0,0,0,0,0,0,0,0,0,0,0,0,0,0,0,0,0,0,0,0,0,0,0
22.867,0.060877,18.455,0.77525,12.324,4.6835,6.2222,17.196,-11.494,-15.928,3.5743,-9.4967,1.121,-1.3707,20.495,-2.9408,23.435,-5.8044,-31.38,-2.0891,-25.717,-16.17,44.27,0.97258,-3.4002,-9.8659,-0.091925,-9.8576,-9.8714,-14.657,-9.1115,-12.186,7.2713,6.4961,8.8042,1.5495
23.512,-3.5348,13.229,2.1396,18.722,12.962,6.4735,10.389,-11.175,-12.644,4.1486,1.3031,-9.0695,-29.995,2.7568,-20.169,-13.449,-43.556,-53.068,-35.629,-2.2229,2.9812,29.679,-4.6642,-4.7242,-8.092,2.1555,-12.388,-16.797,-14.766,4.2669,-7.9992,16.832,10.435,1.4382,0.78699
23.176,-5.9896,12.23,-4.7591,15.879,3.5563,-5.9341,7.0781,-13.571,-12.313,13.885,-2.3626,-12.466,-34.332,-1.838,-39.204,-42.633,-51.505,-19.023,-43.113,37.468,30.99,29.182,10.079,-5.4208,-2.6264,6.9613,-6.8388,-8.9589,-3.9903,21.299,0.60387,27.568,7.0562,-14.511,1.5796
19.675,-13.597,14.93,-6.9481,4.5687,-10.964,-11.666,-0.11959,-7.1921,-9.3974,9.3498,-8.9647,-16.828,-23.98,21.944,-43.807,-50.952,-50.981,15.156,-19.484,52.565,28.596,14.736,-0.61847,-1.31,5.0343,15.579,2.6479,15.468,12.1,25.744,9.1856,16.564,-8.6704,-14.761,2.4082
18.553,-12.074,16.685,-14.283,-1.916,-9.1058,5.7801,0.89419,5.249,-2.0568,15.564,0.67694,-22.104,-17.511,45.708,-25.316,-2.6081,-22.043,41.004,-7.1424,84.729,6.3034,-20.811,6.8475,3.6966,3.4871,15.553,9.9371,28.276,13.728,11.911,0.20522,-9.9844,-23.195,-8.0983,-4.2674
17.41,-12.483,21.974,-15.002,2.1437,-6.1974,8.1946,3.7394,5.6979,-3.4745,10.677,-0.52596,-10.8,-13.234,56.88,-13.873,43.877,2.211,45.639,-7.6865,56.967,-28.028,-19.132,8.993,10.54,0.26518,3.125,11.125,26.189,10.308,2.1166,-12.557,-27.121,-18.157,3.2797,-5.3995
13.256,-15.302,31.562,-13.39,15.788,-9.8488,4.6379,1.5774,22.348,-12.123,2.8162,-3.1582,3.003,-22.269,58.457,-4.4849,51.332,-9.4603,25.289,-47.986,-14.654,-56.675,5.6239,-16.063,15.914,2.3715,-12.441,8.1817,12.828,5.8117,-0.28714,-10.042,-32.015,-1.8804,11.63,-8.8471
16.923,-18.6,35.932,-14.331,17.656,-9.4872,11.725,-4.3045,12.742,-18.378,6.1581,-2.5506,23.317,-20.275,31.195,1.4044,53.023,-5.7319,33.597,-61.848,-33.346,-30.699,17.917,-16.161,10.82,6.5547,-24.112,5.1129,1.5755,4.6499,-1.2525,5.1429,-9.5212,9.8068,4.6996,-11.509
20.298,-20.15,38.935,-16.861,15.994,-12.191,16.66,-19.077,-5.6,-22.943,20.636,-6.3423,40.409,-2.1332,-3.6544,7.9534,56.959,10.987,45.59,-30.271,-30.192,-1.763,18.813,-24.811,-0.79872,11.263,-27.549,1.2815,-8.2083,9.8843,-5.3967,29.995,18.948,19.116,-6.9691,-1.7808
25.547,-20.196,33.885,-12.565,28.552,-7.8922,18.982,-16.858,2.999,-13.414,10.725,-7.0144,24.596,9.4714,-32.626,5.4722,48.942,15.237,29.227,9.1704,17.129,-6.45,-2.2281,-44.176,-12.962,12.327,-17.311,-3.3516,-25.578,8.6116,-14.426,36.893,19.521,16.238,-6.6796,9.2288
29.148,-15.571,30.758,-10.297,38.819,-5.153,23.804,-7.2814,12.123,-15.486,9.939,-13.332,-1.6301,19.172,-47.378,-0.11143,12.332,29.477,0.491,66.482,54.848,26.779,-19.149,-10.96,-17.606,8.8062,-4.178,-4.6113,-39.217,2.4637,-23.794,19.149,-0.74773,12.358,-3.2103,22.197
24.795,-16.154,23.707,-14.877,30.714,-5.3877,22.766,-5.6169,12.445,-25.331,10.392,-21.144,-20.472,30.707,-33.501,-11.321,-52.551,28.081,-15.983,74.24,21.739,36.219,3.4996,23.057,-10.436,4.2412,8.0431,4.4417,-28.726,-0.37272,-22.935,-3.3226,-23.735,5.5288,-0.47381,26.341
19.859,-12.585,20.335,-15.76,21.079,1.2952,15.013,8.5441,17.101,-3.5947,11.228,-4.7576,-25.088,31.28,-24.107,-6.7067,-88.381,16.883,-50.774,32.937,-36.236,38.691,-0.10259,52.556,-0.0078364,-4.196,16.277,13.717,-2.494,-6.3347,-11.843,-24.944,-29.844,-11.512,-1.9269,11.201
19.956,-6.3357,22.346,-15.493,11.146,2.9242,15.386,12.349,11.379,-1.2506,11.831,0.2272,-15.853,24.623,-4.0461,30.978,-44.334,19.67,-59.818,9.3298,-56.002,15.238,-14.12,55.772,4.2336,-14.872,18.405,19.968,28.657,-3.6567,2.6096,-27.686,-13.441,-20.021,-11.372,-6.6822
19.024,-4.8397,19.385,-13.342,4.4122,-0.86725,2.1073,0.20415,-5.4619,-8.1811,9.1686,2.2608,-3.9787,1.234,19.281,47.323,-4.2469,2.0088,-36.806,-25.781,-55.503,-20.288,-19.973,28.685,4.3083,-20.067,16.977,13.487,36.457,2.2727,22.7,-15.956,7.2021,-12.716,-8.3689,-17.428
17.287,-7.7146,22.159,-0.59681,16.88,5.5286,-0.69001,3.2179,-4.2748,-15.419,4.3617,3.2333,-9.8586,-28.631,36.833,61.504,48.666,17.235,-9.9195,-34.831,-35.832,-34.398,-43.425,1.582,3.6021,-15.773,4.2087,-6.1347,12.938,-0.12665,21.558,-9.8014,15.008,3.6656,6.7513,-15.249
19.205,-11.278,30.069,0.45276,16.088,0.99738,4.6482,0.21951,-2.8231,-6.6546,4.9755,8.082,-6.544,-42.428,40.339,45.465,47.404,29.464,37.778,-24.762,-10.31,-0.0721,-27.295,-7.4897,3.808,-3.5777,-15.801,-21.294,-10.48,-2.098,8.6205,5.4015,16.674,11.763,18.074,-3.3403
14.937,-17.432,35.421,8.3612,29.641,10.609,9.1557,-5.0739,-7.8559,-19.213,-7.7854,-1.8924,3.4406,-32.412,6.4681,1.2335,-5.4689,5.3091,10.68,-40.187,-3.5601,23.457,23.297,-2.3858,6.3254,11.463,-25.825,-26.734,-30.192,-9.5226,0.084914,20.334,14.955,12.348,23.165,7.5741
16.927,-21.195,32.924,4.9117,21.734,11.325,16.073,-8.031,-8.8266,-6.3203,1.5948,1.0788,8.4119,-14.764,-44.542,-29.015,-29.579,-2.5187,-4.0036,3.9048,11.73,9.6004,37.038,13.967,4.4896,21.065,-20.769,-12.31,-21.706,-7.615,-7.2105,25.249,8.1237,-0.75878,8.5222,4.4322
20.146,-18.962,23.965,-2.2095,11.323,3.0195,-1.0624,-12.75,-3.0531,-3.8578,17.7,5.542,14.291,14.852,-49.852,-34.924,-63.801,-14.387,11.396,52.506,27.923,22.505,40.232,28.724,0.69436,19.084,-4.9068,7.0391,-4.9795,-0.68708,-3.5651,17.006,-0.19539,-9.007,-14.019,-7.3626
20.806,-17.895,13.526,-8.7693,10.458,3.5329,7.7555,6.01,0.64065,-9.532,10.751,11.348,10.479,39.267,-35.344,1.9915,-31.959,1.2372,1.3676,55.139,14.567,-3.3897,6.8487,-0.88328,-1.7457,11.875,10.548,11.5,5.6097,3.2103,-7.5331,-7.6742,-5.0054,-3.1672,-18.976,-20.415
20.143,-11.655,20.194,-2.2603,3.3787,7.3117,19.012,14.159,1.3718,-6.3548,7.7525,7.3346,5.8788,35.991,-22.665,20.926,-29.177,-0.0042019,-9.8306,19.224,-5.9553,-15.083,-31.705,-31.773,-2.4059,2.4977,11.861,1.4457,16.538,4.0592,-8.1771,-24.542,-8.5644,-2.989,-13.382,-21.482
22.168,-5.2147,17.138,5.9329,9.7266,9.7972,6.7196,6.0841,-3.7556,-6.7666,9.9931,-0.25913,3.8892,34.042,-5.3975,0.56183,-18.843,6.3417,-31.056,-17.825,3.6422,12.558,-21.872,-57.859,-2.3115,-6.5499,12.573,-10.239,11.661,-5.4805,3.7594,-19.215,-1.5079,1.7597,1.5135,-2.2231
22.404,-7.3069,10.827,0.90236,-2.8997,-0.11475,-5.4598,-3.1752,-3.8326,-12.782,2.227,-4.5409,5.5559,29.953,-5.5179,-26.981,12.332,3.3572,-13.278,-33.723,-9.4372,-0.41437,-12.32,-50.197,-1.9577,-10.525,13.769,-3.9352,11.848,-11.679,10.942,-8.142,2.6035,1.9879,12.047,19.256
21.62,-3.0484,15.511,-10.07,4.1756,10.417,4.4637,5.7643,5.064,-0.039533,2.5783,-11.643,-0.91722,9.5365,18.949,-25.251,5.5912,-27.846,21.888,-14.462,8.7681,-1.9254,4.7234,-2.7873,-1.6943,-15.37,11.644,10.224,3.0886,-15.007,3.8411,-0.93557,2.0816,-1.4665,10.602,31.929
23.195,2.2381,18.248,-7.7493,12.32,8.6804,13.501,-2.5431,-7.7565,-9.9255,5.3001,-12.072,-1.5064,-4.3804,34.009,14.156,17.849,-41.307,18.405,-23.168,4.4991,2.0987,15.235,36.973,-2.8943,-18.038,8.6691,14.484,-5.6482,-5.6178,-11.452,9.8076,12.158,8.4651,6.3334,22.651
21.314,-5.219,22.901,-2.3669,4.9123,-8.5234,8.1832,-1.4631,2.5904,-9.1575,10.818,2.1126,-1.0512,-25.642,33.06,31.112,-6.1582,-46.362,-27.692,-27.781,7.0821,3.9689,17.36,58.2,-1.3664,-12.326,-1.7642,5.8888,-1.7548,15.347,-14.493,17.556,9.6754,9.6524,-0.3509,-2.5831
21.804,-8.4118,24.136,4.1292,5.6562,-11.298,1.883,-11.145,-0.34632,-7.1735,5.7243,7.0678,-8.8484,-42.648,30.772,17.257,-10.035,-15.474,-45.746,21.974,52.193,38.964,13.029,32.564,0.072459,-4.1744,-12.206,-9.3345,-4.0283,22.638,-0.58173,20.574,0.91923,-1.5254,-4.3641,-18.986
21.789,-10.544,29.097,-0.45306,4.4284,-2.7749,-3.5731,-3.8251,4.8999,0.56889,11.046,7.8869,-4.0785,-32.957,11.746,2.6426,10.759,35.974,-18.502,50.745,33.298,27.904,4.0717,-13.498,3.4224,7.0835,-19.208,-13.588,-0.21447,17.52,12.283,7.8699,-14.54,-17.767,-12.021,-22.217
18.533,-16.423,30.537,-0.077806,7.5447,-1.9307,-3.4933,9.6247,17.185,4.6933,11.701,1.3231,0.36953,-21.595,-16.362,-18.281,-10.751,30.714,10.902,40.437,-4.0127,-17.496,0.058349,-22.11,5.1857,16.141,-17.85,-10.069,0.71481,0.69672,8.7959,-14.676,-26.645,-25.239,-15.921,-12.882
20.91,-17.692,25.574,1.0579,9.3475,4.7798,1.6202,13.524,10.474,-1.1389,9.866,-1.7641,11.452,-0.75147,-39.412,-19.059,-6.8722,18.146,5.3982,2.3369,-37.516,-56.635,-36.261,-25.55,0.3693,14.898,-7.2553,-6.0719,-0.77679,-15.104,-0.80898,-22.473,-15.363,-10.779,-8.1727,1.835
22.428,-15.635,17.716,-5.767,-2.1789,0.28179,4.7371,0.39834,-5.1395,-15.068,6.3436,0.83844,9.3149,21.953,-32.898,-22.237,2.355,-3.0759,-13.717,-27.204,-45.627,-44.963,-46.411,-25.822,-3.8789,9.1419,7.5351,2.1165,9.5362,-9.3011,-2.6649,-9.5257,2.6077,10.706,2.3574,9.609
25.568,-11.314,15.801,-7.138,5.8542,5.1918,-4.9892,1.9566,-2.6958,-17.868,-4.4056,-4.6455,-6.7046,19.759,-16.263,-25.739,0.32176,-22.651,-10.238,-27.802,-22.712,-12.257,-13.557,-2.467,-5.0631,0.96465,17.785,6.0575,8.1622,-1.3052,3.9198,4.4263,10.124,18.034,10.356,14.686
20.862,-8.6358,18.975,-7.0986,10.469,-3.6746,-7.0469,1.8068,0.9567,-9.4234,-4.3691,-10.147,-9.9468,13.86,9.7384,-4.3591,33.333,4.6074,5.3953,7.878,1.6236,13.846,0.49322,14.394,-1.1255,-6.584,14.328,11.39,3.3657,2.7591,4.0073,5.2785,3.0298,5.5415,3.4693,12.876
18.341,-11.312,16.813,-11.146,3.1844,-4.5677,2.3931,-1.0807,-3.9305,-10.089,8.4439,2.4953,-4.2329,8.1184,28.197,2.2894,18.45,7.778,15.441,6.9277,-10.52,4.1298,-7.9313,27.771,3.006,-6.9721,5.21,15.451,2.1438,0.29918,-1.5215,-4.4503,-6.1537,-2.8655,-8.2794,-1.4175
21.068,-8.7065,22.079,-5.9427,15.822,7.4652,3.7436,5.856,-3.7103,-12.034,0.16549,4.465,2.4515,-5.1471,16.51,20.698,10.119,-4.4951,-6.5198,-18.176,-36.573,-25.449,-31.878,23.437,4.2227,-3.2747,-6.1601,7.2235,-7.4162,-8.9623,-3.627,-16.841,-6.3199,0.60283,0.9934,-11.693
23.348,-7.2195,28.347,-6.5712,12.402,3.5109,-2.6638,3.3958,-5.6223,-14.498,-10.639,1.9339,2.1261,-5.5981,6.4011,38.985,22.648,-16.604,-11.888,-37.026,-34.382,-6.9375,-38.769,-14.076,3.3358,-0.96969,-12.722,-1.9403,-7.6085,-4.1343,0.60261,-7.068,7.4933,8.6786,20.906,-10.788
19.584,-13.256,21.463,0.96328,10.919,-9.9614,-7.7784,-9.5195,-16.484,-19.944,-10.767,1.8519,7.9871,4.3445,-10.164,13.41,-5.8473,-28.013,0.92502,-54.351,-18.045,22.393,20.879,-23.146,4.2427,4.2568,-8.0795,-15.225,-13.078,3.9611,6.3375,13.788,23.612,14.709,26.648,-6.9324
20.146,-11.837,20.322,4.8941,16.96,-4.1565,2.2101,-11.906,-14.735,-9.6035,-5.4744,-3.2363,9.6783,-1.4758,-22.076,-3.7681,-11.609,-1.1346,14.732,-10.325,17.682,23.602,70.219,-2.879,4.5112,7.5944,-0.98785,-20.822,-17.206,5.4845,1.2126,26.965,20.06,3.587,16.201,5.2603
26.662,-4.2256,21.01,-4.9703,10.62,-2.7076,1.7692,-13.669,-8.1765,-3.2846,8.0229,-4.5227,19.889,14.076,-9.6482,-34.049,-38.14,7.5756,11.858,37.414,55.452,32.829,46.871,-16.823,0.27523,7.7854,5.88,-7.8516,-1.1783,8.7407,-2.4837,24.855,6.7101,-9.1073,-10.27,9.2485
24.648,-12.472,17.535,-5.4884,6.7476,-0.68335,-0.071547,0.30796,-0.93508,-11.027,15.076,3.6817,18.731,27.508,1.2038,-41.397,-47.234,-6.976,-11.292,51.917,29.168,5.7797,29.24,9.0641,-5.0766,4.1851,10.522,7.3326,12.59,3.2757,-6.6439,3.0359,-11.575,-12.923,-23.501,5.4922
27.278,-5.8998,18.032,-10.87,-3.0445,-7.9102,-0.70874,3.0804,4.3421,-2.8174,2.3934,-10.019,4.8367,28.78,7.5956,-7.0338,6.0738,18.611,1.5184,38.803,9.7625,-14.232,-9.9808,17.126,-13.208,-12.028,3.6626,18.247,24.073,1.8248,-7.9502,-13.599,-19.198,-9.1064,-11.067,6.7001
29.204,2.7544,22.413,-12.854,0.17473,-5.0432,-2.1967,5.6778,-6.4098,-6.9472,11.96,4.0438,-8.1785,12.098,21.912,19.387,29.235,9.726,-13.318,4.1604,-17.35,-17.485,-18.863,7.6073,-16.487,-23.739,-5.9087,14.307,21.995,3.255,-0.04347,-10.712,-2.6361,9.9985,0.2272,0.37482
26.803,2.5509,22.369,-4.8042,16.943,8.7779,3.591,3.0479,-0.5579,-12.44,4.5904,3.8591,-32.698,-38.358,-1.6896,26.794,43.99,8.3487,-26.88,-6.7052,-17.277,-1.0707,15.588,17.405,-11.146,-20.948,-9.019,0.17404,1.6978,-2.6058,2.128,-3.0713,9.3753,24.218,9.1055,1.2749
20.796,-10.649,26.323,1.1722,11.371,-4.1644,-8.8803,2.4044,-7.1601,-14.958,4.5463,0.54642,-44.934,-57.616,-23.697,13.224,43.784,14.43,2.6903,21.11,29.507,49.191,17.591,10.798,0.11979,-3.616,-7.2589,-10.284,-10.324,0.27635,6.1559,1.1624,15.467,17.622,-0.61809,0.09375
15.132,-18.377,15.232,-4.4863,13.353,-4.1753,-10.807,1.3645,-3.9212,0.65247,13.894,0.43262,-32.515,-41.102,-14.695,-3.0822,7.2882,3.2298,4.1544,14.971,33.21,73.521,17.32,21.905,11.428,13.997,1.6343,-13.659,-23.15,-7.4083,3.1407,-1.5853,5.0484,-8.5698,-16.919,-10.835
12.572,-15.59,14.133,-6.401,23.862,8.6484,6.3474,17.075,10.026,11.102,16.104,11.156,-7.671,-4.6104,-7.8795,-17.092,-4.0328,13.667,1.9445,-0.86569,34.742,33.33,-22.819,5.8264,15.08,17.657,3.0299,-10.348,-28.954,-22.028,-10.255,-12.61,-13.225,-34.505,-18.686,-22.101
14.657,-15.53,21.117,-2.5587,14.342,3.9864,-1.9457,3.1984,7.4544,11.29,7.4715,9.5066,5.8102,5.1222,-1.4267,-26.343,-47.848,-28.312,-10.804,-3.6439,5.3478,-35.989,-48.8,-34.282,11.893,13.907,-1.8824,-1.0327,-11.518,-20.454,-7.4842,-11.922,-21.14,-37.85,-6.1914,-20.976
17.199,-14.378,19.441,-8.3378,8.86,-1.4117,-12.339,1.0546,4.5232,-3.6114,-3.6517,-1.0774,11.301,7.5576,-15.182,-26.887,-73.419,-79.939,-41.104,-32.632,-22.688,-68.58,-42.779,-71.614,7.2786,8.0602,-2.9731,7.45,9.4802,-6.7129,3.2971,-4.3183,-17.486,-16.023,12.888,-1.2701
15.724,-16.422,11.864,-16.69,-3.0705,-13.301,-6.8657,7.5525,1.5039,-9.9854,-0.62789,-10.592,17.462,22.347,-20.456,-3.3486,-15.607,-52.236,-11.742,-28.758,-43.774,-64.775,-3.657,-44.257,4.7374,4.8419,0.74924,10.033,28.367,17.574,16,4.6592,-1.728,12.136,20.076,22.734
17.689,-11.365,11.168,-12.779,-4.141,-22.678,-11.744,-1.4184,1.6568,-12.55,-1.2362,-14.602,22.896,27.078,-13.231,8.6603,27.247,-7.9347,18.899,-9.9002,-28.125,-32.394,19.049,4.4633,1.856,-0.96871,8.2683,6.9987,27.845,32.859,22.976,15.285,8.5232,23.329,17.013,29.054
23.143,-5.8628,15.025,-2.0125,13.039,-11.499,-8.114,-9.944,-12.999,-16.628,4.4352,-5.8597,23.7,19.571,1.3439,6.0472,43.654,23.559,39.196,8.2862,-0.57358,6.595,20.665,41.351,-5.8097,-10.198,15.029,0.10399,6.1297,18.45,8.3144,11.692,14.868,18.355,10.982,14.899
24.938,-6.1182,11.245,-11.346,14.429,-6.2801,-2.2651,4.8527,-2.2877,-16.487,3.3414,-1.2117,17.462,4.1019,15.26,3.4089,36.175,46.457,48.309,25.269,-1.6721,12.381,30.124,30.852,-11.157,-13.541,17.944,0.47953,-6.4304,1.1257,-6.2864,-2.6078,9.158,1.9809,4.4758,0.79711
23.95,-9.2595,12.498,-14.382,9.4714,-9.7205,7.9925,8.56,3.1894,-4.7195,7.4159,3.3889,-8.8698,-17.156,40.445,-0.20295,10.578,12.817,15.125,12.118,17.338,4.6121,45.717,17.045,-10.519,-6.3786,11.527,3.7754,-8.2052,-5.3853,-14.279,-12.101,1.7395,-11.529,-8.8405,-12.16
26.017,-7.6153,20.062,-4.8896,15.73,-0.33844,4.3571,1.9641,-7.2737,-12.314,12.336,-3.7999,-16.603,-22.264,56.939,14.183,11.634,3.0648,-0.49766,-24.855,8.7092,-21.498,28.902,20.602,-6.5918,2.982,-3.8558,0.53303,-7.3819,-6.1306,-10.4,-12.067,0.12198,-5.906,-22.216,-11.039
18.168,-13.692,30.84,-5.3423,17.677,-8.0614,-3.8627,-2.4406,-1.8376,-16.408,22.797,3.9568,-11.862,0.86181,38.138,19.537,14.898,18.328,-7.7952,-27.159,2.9331,-34.112,-22.926,-14.323,1.7805,9.6807,-17.375,0.23119,-2.2662,8.2023,5.1903,-2.2622,-6.3799,4.2098,-25.774,-11.138
19.527,-15.034,30.544,-8.7747,16.143,-5.5773,3.4137,-2.0745,4.5803,-21.391,10.102,8.8053,-14.001,10.003,-2.8658,-3.796,-2.8955,13.048,7.7672,-15.427,6.1401,2.213,-46.636,-8.6586,4.4841,4.5938,-18.826,0.68502,-0.62083,7.7479,6.6843,6.878,-5.2616,14.358,-6.7439,-11.196
21.264,-5.1191,26.326,-2.6712,16.714,2.063,4.5666,-3.0001,-1.2711,-17.237,-2.9306,-10.075,-1.2686,15.114,-16.528,9.9425,6.5109,48.836,36.944,-3.9075,-13.277,13.805,-45.382,-24.017,5.4491,-6.2346,-8.5962,0.95624,-1.7986,-5.3179,-1.8646,3.6902,-1.5855,13.044,17.228,0.098718
17.468,-6.9002,20.886,-8.1231,14.764,1.1233,4.026,-5.4695,-4.4869,-10.793,1.8811,-1.1132,0.52072,-6.4216,-9.8558,22.406,12.723,26.55,10.554,-2.091,-9.4937,26.332,6.4107,-30.53,8.1931,-7.7913,1.7995,2.1152,-2.9839,-14.204,-14.308,-2.992,-1.6173,2.6961,22.061,-2.2489
18.563,-10.202,27.405,-0.69682,21.622,13.006,14.303,-2.6969,-3.9425,-14.805,4.2161,-3.0923,8.123,-22.099,-1.3474,11.218,-1.9041,-15.012,-18.512,-15.375,2.8227,19.046,36.691,-2.8935,5.357,-2.6519,-0.63098,-7.9694,-9.458,-20.627,-24.375,-8.4034,1.634,-2.2299,7.3812,-3.4263
21.138,-15.703,25.076,1.4409,20.051,2.226,3.8227,-3.2716,1.1692,-9.4415,9.7341,-9.9514,22.269,-10.347,-1.4586,6.1427,-13.607,-26.048,-36.046,-24.653,-9.9963,13.073,22.632,-30.465,-0.43981,6.5798,-6.6365,-13.336,-9.3799,-5.178,-7.7248,-3.1044,-0.89105,-6.1745,-11.135,1.452
23.491,-11.767,23.557,-1.8443,13.119,-5.9945,-4.5876,-11.787,-2.6878,-8.3894,11.489,-7.1029,14.642,3.8173,-23.882,-21.773,-27.614,-28.001,-61.631,-34.644,-4.8559,9.2853,-16.586,-41.181,-8.1299,6.709,-6.8369,-10.873,-3.8591,9.6319,10.037,13.006,5.9641,-3.0021,-10.096,7.6881
26.139,-11.291,22.08,-4.478,12.212,-2.4003,-4.5517,-13.251,-10.112,-7.4644,9.5607,-14.34,-4.9378,13.519,-31.771,-27.781,-21.321,7.1543,-6.5099,-7.979,-10.11,0.33964,-22.627,-4.1266,-13.285,-2.2764,-3.5334,-6.2855,-0.64935,6.5697,14.425,23.977,20.072,3.3256,5.9574,20.181
23.384,-10.5,16.962,-8.624,11.735,1.319,-12.326,-15.029,-0.72969,-11.151,-3.9904,-21.488,-18.923,-0.48693,-20.376,-26.187,-17.342,16.546,16.904,41.32,32.7,10.403,8.8423,22.378,-8.2323,-6.3797,7.1342,4.737,4.7515,3.8528,12.583,22.201,18.346,3.6315,17.602,19.147
18.723,-9.5774,12.488,-9.0597,10.082,2.1464,4.4367,-5.6399,-4.8647,-7.8909,6.1602,-4.8219,-27.373,-19.577,-20.879,-23.078,-21.99,-15.473,-3.1902,57.252,71.585,29.143,39.704,38.661,0.55114,-4.1383,13.084,12.801,9.9848,2.1732,-1.0904,2.9039,4.9027,-3.984,7.5396,4.6092
17.738,-12.867,18.165,-12.647,5.5124,0.0050911,-0.62967,5.0678,11.038,-2.9746,17.61,-0.67313,-15.302,-11.533,6.3434,-0.43933,-3.5219,2.5765,-0.37429,43.746,46.025,13.041,40.26,33.161,4.6976,0.9556,11.877,14.623,14.502,5.1715,-2.3885,-15.794,-21.967,-20.248,-12.379,-1.1555
15.276,-19.896,11.039,-14.006,4.328,-9.4799,-11.995,5.3268,19.796,3.0189,18.613,-5.4176,-3.9925,-1.649,20.288,23.35,21.692,25.005,-3.3224,5.3273,7.7413,-20.9,-0.63728,13.528,6.0991,3.2665,10.142,11.664,15.728,7.0841,-1.4432,-17.745,-30.309,-24.483,-19.341,0.040221
17.456,-11.107,20.858,-6.3706,12.851,8.4204,-4.297,1.3605,9.9521,-10.085,9.9132,-4.6099,-7.1248,-4.6729,18.424,23.713,33.327,22.164,5.0279,-11.688,-45.214,-65.814,-32.884,29.166,4.7077,0.13082,-0.51171,1.1904,6.6507,-7.5665,-4.8509,-9.6988,-12.832,-4.8914,-7.687,-0.64117
16.867,-11.282,21.286,-0.52285,17.259,10.441,4.6092,-1.1226,-0.45098,-14.786,9.69,3.9105,-0.96612,-6.6747,23.789,23.166,38.224,10.153,-13.107,-3.7544,-34.339,-53.843,-20.427,40.859,6.1635,2.2497,-3.0206,-5.1149,-1.3215,-13.544,-0.32485,3.1372,5.1723,18.519,6.1319,-9.3887
13.38,-19.511,22.254,-7.532,15.711,1.1267,-6.4177,2.4487,-1.4449,-26.98,5.6295,9.246,6.7235,-8.3661,2.0345,5.6045,21.466,-27.83,-19.736,-0.20694,2.9025,5.056,11.719,16.29,9.0363,9.1971,-1.5823,-1.4686,-6.6334,-7.807,14.98,8.666,11.127,29.13,7.1416,-23.168
16.831,-19.031,22.236,-1.8419,22.01,-0.75639,-17.488,2.9055,8.3252,-15.455,10.541,8.0839,19.901,11.446,13.38,6.8292,21.015,-17.719,7.4355,15.273,9.5448,36.259,7.7209,-26.977,5.556,10.112,-0.75153,-0.50671,-9.7798,-0.82264,25.065,3.7285,2.7348,16.62,-1.6923,-20.869
20.836,-11.415,21.4,-2.9088,21.208,0.10407,-3.1164,-0.757,7.0153,-7.2222,15.347,1.4482,27.623,32.252,15.717,24.538,8.7642,-2.9345,69.655,22.129,-11.521,34.784,-11.249,-52.755,-1.2042,4.1252,-0.7794,-5.5812,-5.6837,3.2383,15.756,-5.1921,-3.3415,-2.0318,-6.2453,-2.9401
23.089,-9.6067,28.403,0.58018,25.018,2.093,6.6763,8.1168,0.091316,-6.5348,8.6915,-5.6792,16.364,23.574,13.19,11.166,-4.3244,-6.4077,67.52,3.7202,-13.454,14.393,-17.404,-28.965,-7.3228,-5.51,-6.6909,-18.142,-4.0979,-6.4761,-7.0034,-14.033,6.7234,-10.392,4.5878,14.8
24.062,-8.0969,27.029,3.5261,18.589,-1.7653,16.328,10.907,-3.0883,-14.048,0.92961,-10.25,2.4713,6.1961,-1.7677,-24.47,5.7171,-17.294,29.002,-20.391,-2.3059,5.83,-6.945,2.5832,-9.3582,-7.9418,-1.8546,-23.815,0.91818,-6.2158,-26.682,-10.877,11.456,-10.849,14.139,16.718
23.4,-8.9037,26.017,0.5235,21.157,-3.0256,6.5498,-1.0666,6.6502,-4.8458,9.0482,-0.54956,-4.1372,-3.0759,-11.332,-59.379,2.0492,-42.919,-7.2549,-33.63,38.555,-1.2246,28.508,19.352,-6.6761,-1.974,4.0659,-9.324,-0.32066,3.756,-18.005,4.0946,-0.82779,-10.764,8.5016,1.4367
21.917,-8.6687,21.709,-15.115,25.997,-5.9839,11.448,-6.3609,2.5829,-5.1516,11.696,0.17501,-8.9172,5.8677,18.705,-59.266,10.168,-15.758,-26.367,-13.583,19.754,-11.653,36.49,6.6743,-3.137,4.2989,3.8014,12.958,-7.1685,15.067,-5.1681,14.225,-12.858,-2.2629,-0.826,-5.9529
22.094,-10.859,25.396,-19.789,22.338,-17.257,5.4888,-0.063883,16.533,-11.595,17.562,-1.2157,-11.323,13.868,23.283,-18.056,-8.1533,11.604,5.181,20.789,-28.622,-30.686,3.3867,-23.827,-0.63193,3.6147,-2.6794,26.681,-8.6908,21.135,1.7731,8.7769,-27.558,6.1975,-12.116,-4.9007
20.256,-4.1855,36.692,-15.951,23.083,-2.5283,3.6746,3.6145,1.8472,-16.5,14.918,-6.5797,-9.621,19.219,-0.068223,19.661,-25.024,30.779,-3.0565,23.525,-33.009,9.2462,1.4855,-5.592,3.0049,-5.2095,-10.514,23.482,-8.3457,8.9124,1.2548,-3.4904,-11.1,8.4858,-10.407,3.0551
18.568,-4.2114,30.167,-8.0869,18.538,1.0487,13.027,4.3404,-7.2931,-14.515,9.1308,-9.0858,-6.9449,8.3221,-15.342,34.563,-23.809,39.488,-10.045,-8.2992,-72.856,19.313,-14.571,0.98119,5.1629,-10.745,-7.0068,6.8384,-1.4513,-4.6731,-8.6136,-10.636,12.056,1.8571,-3.4996,4.7635
18.869,-2.3831,19.29,-11.136,15.385,0.25256,6.1505,3.1992,-2.0085,0.93124,16.655,1.3141,3.9182,-17.407,-14.552,31.833,-23.733,14.862,-12.48,-16.491,-13.632,5.7765,-6.564,9.5457,3.8756,-10.659,0.2252,-8.0761,4.5486,-13.513,-4.9907,-8.853,23.762,-11.415,-1.4074,-6.3223
19.315,-7.5989,26.426,-4.9143,14.283,1.0963,-0.77155,-4.0058,-17.967,-10.654,9.4081,-4.672,7.7223,-21.546,-4.5088,10.05,-16.056,-3.8032,-33.175,-12.384,21.967,-19.666,-10.087,-7.5785,1.4257,-0.4413,-0.19233,-13.688,11.871,-10.529,6.8811,-1.0018,35.168,-1.6991,8.7193,-6.9286
21.842,-11.195,31.286,-1.6207,13.344,4.8789,4.3336,-0.45762,0.36829,-15.542,11.497,-4.0137,2.4234,-19.144,-4.3591,-8.463,-6.1579,-15.14,-16.445,-18.698,38.391,-28.341,-7.7937,-32.924,-0.24026,11.864,-2.2355,-7.5208,15.098,-3.1204,12.699,7.4693,17.946,12.628,8.4,-2.2763
20.943,-10.578,21.914,-7.8196,11.531,-3.1661,-2.6521,-0.023058,2.502,-16.111,6.6662,-10.211,0.93093,6.9841,-21.4,-13.731,26.757,1.8421,26.343,-12.204,76.972,27.876,29.64,-12.427,0.060373,13.461,0.24456,4.5904,7.8532,3.4538,13.201,17.482,-0.47814,15.821,1.7329,6.7795
19.266,-10.465,19.366,-13.915,13.682,-5.1862,-1.1316,-8.1413,6.9524,-10.511,14.129,-12.378,6.1126,27.647,-17.283,6.1193,30.353,-3.5627,21.258,20.766,48.594,45.147,15.572,0.58853,-0.42866,4.5559,4.1403,11.723,-5.3053,2.8117,-4.855,20.16,-24.571,4.2273,-8.6612,9.6033
21.068,-4.4719,21.686,-5.6329,27.492,7.0499,15.133,-6.266,17.227,0.76845,22.913,-6.7033,6.1795,22.365,3.1761,25.711,4.9547,7.6772,13.98,55.296,14.475,22.695,-13.105,9.5632,-2.521,-8.698,5.9054,5.24,-19.589,-4.5187,-18.136,9.6936,-41.152,-8.8885,-15.993,3.2888
24.836,-0.4246,22.759,0.34563,20.539,-2.0104,6.0702,13.047,17.303,-1.408,11.16,-5.4734,-2.3442,-4.0544,4.0539,30.432,-21.783,-3.999,-34.538,48.353,-53.215,-4.6143,-29.727,4.0979,-4.7171,-12.267,3.289,-6.2547,-12.438,-0.56133,-7.0175,-8.8323,-26.159,-2.8465,-6.9332,1.8848
21.248,-4.4165,21.806,-2.0943,10.579,-0.91536,0.73684,17.031,4.5644,-9.3149,1.5979,-8.8819,-7.4459,-20.655,-2.5422,0.31254,-45.121,-20.533,-36.439,22.47,-77.885,8.3148,-27.675,2.2621,-3.5319,-5.1094,0.083253,-9.2403,2.0721,2.9426,7.3466,-20.921,6.2845,12.388,3.0329,2.3764
18.005,-12.52,21.333,-0.46802,11.247,-3.2031,-11.203,4.3864,-13.324,-7.7764,9.9227,-9.2399,-10.66,-12.18,2.0206,-12.455,-6.7986,7.7357,11.38,-6.9823,-36.019,38.105,-11.809,13.663,-2.1324,1.5876,0.60627,-4.7618,7.013,8.7076,18.537,-19.491,32.913,10.737,4.9348,-0.77776
20.761,-8.7516,21.128,-5.0698,9.5779,-2.6203,5.5494,9.2995,-6.4023,8.11,9.6938,-3.689,-7.3216,0.88009,4.609,0.95274,7.8231,16.523,27.754,-21.639,37.299,63.276,-6.8994,16.663,-2.3886,1.4009,2.2239,5.0924,2.7126,8.8215,7.1355,-15.953,23.768,-11.19,6.1283,-6.3158
19.749,-4.347,24.108,-4.3941,17.641,2.7099,9.3539,13.422,4.7766,8.932,1.208,-1.2382,-13.068,-6.8837,3.5097,6.303,-13.19,21.011,26.052,-27.046,53.756,21.591,-15.441,-6.9911,1.229,0.28931,-0.56231,7.826,-5.0773,1.4109,-7.185,-9.6591,-1.7066,-27.87,10.179,-7.6409
16.715,-8.063,22.723,0.34512,11.294,4.3895,4.3354,1.6938,14.164,13.969,2.5056,-4.5515,-18.185,-16.298,7.833,16.395,-28.363,16.937,-8.0975,-47.265,-3.932,-39.377,4.7825,-18.99,6.8213,3.8996,-3.0502,2.2309,-2.0921,-4.7574,-6.0155,-0.8817,-17.85,-30.059,9.6653,1.8061
13.493,-16.306,22.29,-0.023993,3.794,3.7977,2.4302,-5.3339,3.2712,0.089651,5.7966,-12.304,0.91608,-2.1441,-2.4029,18.953,-14.092,14.583,-6.6194,-42.465,-23.936,-49.919,33.245,-6.7152,11.653,9.3618,-4.4797,-5.2638,4.4473,-9.3296,-4.1221,3.0326,-10.362,-11.484,3.3933,15.761
14.796,-10.921,25.953,0.94276,2.3199,5.3041,4.9625,-4.9552,-7.6156,-7.1574,9.7908,-7.651,19.793,18.008,-7.6856,5.782,-2.1864,-4.05,14.012,-18.339,-13.103,-51.262,17.084,25.555,9.3159,6.7424,-4.0681,-13.804,5.2101,-8.1006,-0.89344,5.742,3.4187,12.032,-11.027,18.05
21.166,-3.9899,21.292,4.7838,15.082,9.5442,5.7307,-4.4865,3.6982,-5.4644,14.188,-3.0461,26.209,22.772,-11.13,-14.71,-4.0419,-15.144,-5.6132,-26.347,6.5339,-29.886,-4.6251,49.54,-1.3211,-2.719,2.6844,-14.821,-2.0633,-4.573,-7.7187,5.7739,-1.6316,20.127,-17.174,8.5843
22.775,-5.217,19.379,0.83224,4.5569,-0.50872,9.6911,-7.8992,7.3988,-8.8849,6.8521,3.5969,15.748,4.9555,-8.1444,-35.792,-7.3371,-8.7029,-13.068,-26.614,-2.0736,10.764,-31.418,43.134,-7.1091,-7.5427,6.7854,-4.1485,2.5495,6.2732,-4.2738,11.863,-9.6382,21.121,-6.1598,-10.741
22.609,-7.7722,20.013,-7.3235,0.65458,-0.86761,-2.7407,-17.035,-0.96903,-13.989,4.9534,6.842,-3.6674,-9.213,11.249,-34.364,-21.833,-5.9552,-31.673,-9.4579,-37.609,19.703,-28.374,27.417,-6.8108,-4.1585,4.1391,6.3505,9.3986,8.898,10.981,22.93,-5.8705,10.845,6.3653,-23.947
21.949,-6.5522,22.521,-10.9,5.865,6.1586,2.6642,-11.988,-6.3188,2.4874,-1.301,8.972,-0.81425,-3.7129,15.052,-5.1332,19.457,22.722,5.6726,32.533,-39.223,29.548,-1.8399,-17.087,-2.4887,2.098,-1.9087,10.122,10.817,3.8175,17.242,15.54,2.8655,-9.9764,10.053,-25.966
19.745,-7.9288,25.345,-6.532,3.5112,3.2329,-6.5924,-7.1711,-8.2475,-1.2993,4.0773,7.9747,0.43622,6.3137,-2.0322,1.7135,29.554,13.634,39.92,58.728,-4.2439,14.947,12.412,-40.084,2.1392,4.2411,-7.1083,8.0942,9.3783,-0.44007,13.694,-2.6229,9.8967,-17.05,6.7352,-14.875
23.799,-6.9952,24.239,-2.1301,12.857,8.8019,14.453,3.4351,-8.5732,-0.45625,6.3701,-5.5131,1.2531,7.6824,-11.047,-3.2191,21.055,0.58984,37.345,16.991,-4.4284,-36.74,-1.5462,-52.946,0.1157,-0.84558,-5.3827,1.1977,-1.2896,-7.8816,-8.7638,-17.876,13.199,-14.114,6.6251,6.84
21.902,-4.3939,18.137,-10.852,11.936,4.6278,11.325,4.6171,-1.9637,-5.0439,7.324,-5.9577,5.9948,6.295,-11.243,5.1503,24.259,2.9103,20.961,-14.801,-5.5226,-32.403,5.155,-29.03,-1.6342,-5.6135,0.40387,2.4384,-3.2326,-7.9615,-18.114,-20.433,11.52,3.3381,11.997,18.341
21.498,-4.4785,20.601,-10.35,12.18,5.7561,12.378,-9.3867,-11.675,-14.01,-3.6975,-10.535,-3.015,-7.9314,-7.2557,-0.86299,15.656,-11.324,-28.667,-20.082,27.41,-17.347,34.914,11.585,-2.1838,-4.7194,1.563,5.368,-3.5328,-2.7889,-12.15,-5.679,14.303,21.828,15.57,19.899
23.894,-6.0396,21.543,0.15283,15.979,6.211,4.9259,-8.1608,-9.458,-10.724,11.689,-4.0295,-5.6009,-13.947,-1.9088,12.728,16.091,-20.216,-17.645,-24.902,37.436,21.942,54.167,19.352,-2.5923,-0.25436,-1.796,4.0789,-4.4514,5.3321,1.0043,7.5433,5.7364,16.768,-1.2984,8.1702
21.296,-10.138,18.909,-8.0638,18.663,2.348,3.3195,-0.21674,8.8788,-6.2898,21.645,-0.68447,-3.8681,-5.7938,-7.8997,19.833,7.4752,-1.7914,-4.1029,-6.3539,45.606,45.229,51.8,22.356,0.3373,7.2098,-3.8254,1.8364,-5.493,13.035,8.3754,10.521,-12.678,-0.054617,-24.345,-4.3931
19.202,-8.5377,18.029,-5.6307,16.74,-3.7764,7.0316,-12.419,6.4773,2.0666,21.736,-1.2067,-6.5403,3.9543,-19.901,15.197,6.0928,24.804,13.701,16.051,14.062,20.15,-9.7798,6.4353,-0.80379,5.0207,0.073907,-7.4904,-8.3469,7.3048,-7.7222,7.3964,-24.427,-23.207,-25.985,-4.2496
21.909,-6.1264,18.408,2.4585,15.538,9.8541,9.2735,-10.435,3.1603,2.2088,17.178,-0.76817,-0.85884,19.167,-17.386,7.0842,-6.8103,31.34,-2.4626,12.048,-24.293,-16.725,-54.835,-3.9215,-2.9245,-3.0846,7.0292,-15.487,-9.5237,-8.9156,-19.408,-2.292,-24.973,-30.004,-11.692,-6.2414
20.317,-6.0683,11.842,2.4901,20.588,14.86,8.7994,4.9738,0.43215,-4.8982,9.0319,-0.76997,-11.125,-1.3239,3.2041,-18.35,-18.501,-0.25797,-57.076,2.8792,-49.752,-63.116,-22.439,11.243,-0.77052,-8.8392,12.191,-14.333,-9.1393,-19.11,-20.726,-10.168,-12.736,-13.683,10.895,-7.0883
20.309,-1.7894,13.309,-8.5821,13.333,8.6997,1.2043,-2.8891,-0.24504,-11.17,0.57983,-2.8636,-16.198,-18.578,15.694,-40.83,-27.846,-33.838,-65.753,-11.228,-47.35,-63.16,-0.33137,-11.255,2.5331,-7.0179,9.1263,-0.96561,3.3795,-10.871,-1.9095,-6.2032,0.77825,10.419,15.896,-9.0438
14.44,-11.368,22.181,-9.2855,8.5912,-3.3282,-17.472,-14.752,-16.696,-22.802,18.816,5.4626,-2.7232,-21.37,24.515,-32.512,-29.086,-38.159,-58.283,-23.152,-38.088,-25.048,17.445,-25.339,7.747,2.8097,3.5183,15.462,12.596,3.4889,26.01,1.0537,17.753,30.379,0.35655,-10.176
16.749,-12.765,21.086,-12.069,7.6131,2.0291,-10.467,-6.1857,-11.95,-20.419,12.121,-9.5119,7.6061,-5.9,17.589,9.3371,15.379,-4.0629,-11.407,-5.9529,-26.234,16.336,4.7026,-30.849,7.0476,7.0571,6.0887,23.609,14.382,2.761,34.463,2.7678,27.019,24.53,-2.3197,1.8258
20.735,-11.265,20.211,-12.023,8.9057,-0.88396,-14.506,-4.9537,-12.759,-12.798,11.984,-10.116,15.708,6.3857,19.848,33.875,22.867,2.2986,45.8,5.5102,28.455,49.031,-23.174,-29.838,3.3612,4.3474,9.3483,16.085,8.0146,-6.1212,35.422,2.3465,32.153,1.9773,4.2833,7.1126
20.965,-4.7909,23.088,-2.545,20.866,5.4462,-5.982,-10.765,-15.33,-8.004,6.3472,-10.499,9.8237,2.8302,48.471,44.021,18.089,-40.262,54.521,-11.72,54.475,22.449,8.3796,0.12354,0.012522,-1.3841,6.8386,-3.7707,-4.3364,-13.939,21.091,-1.8293,29.165,-15.786,13.61,4.9616
20.186,-12.162,31.103,2.8903,13.398,-3.8874,3.1852,-9.7073,-0.77878,-4.4943,10.116,-8.9628,12.974,-3.9978,55.816,30.573,9.6328,-50.665,85.864,-8.5357,82.32,-18.218,37.023,-5.2629,-0.86643,0.65966,-7.8953,-15.432,0.55036,-3.4096,1.2433,-9.9109,4.3904,-23.478,9.4043,-0.69095
21.935,-10.902,39.875,2.4855,14.411,-16.6,7.9474,-9.6688,9.2967,-13.346,17.245,-10.027,9.0359,-7.6289,33.798,-7.8652,0.31406,-47.276,74.018,-8.0766,92.661,-28.969,42.654,-18.329,-2.2536,7.002,-25.882,-14.671,7.1361,17.236,-9.9562,-11.164,-17.163,-13.528,-6.8243,-4.544
26.737,-10.209,39.726,0.74844,16.949,-15.193,21.461,-9.7695,16.087,-19.236,25.047,-12.983,11.77,14.914,-12.292,-17.343,34.506,-11.243,42.268,-45.866,31.314,-42.649,6.7102,-24.067,-8.8095,11.003,-31.969,-1.8718,10.12,22.254,-24.013,-11.251,-35.277,-1.6365,-15.13,4.0145
22.207,-9.5822,35.676,-5.4067,19.247,-12.539,21.889,-14.772,22.567,-15.118,20.209,-17.653,-0.84251,28.385,-46.887,-5.3781,41.333,26.204,26.538,-48.874,-5.839,-32.978,-10.585,-13.195,-10.997,7.3833,-23.679,6.4745,0.54209,15.278,-24.907,7.0969,-34.079,12.243,-8.746,13.948
25.935,-5.3653,27.056,-1.8352,28.233,-11.539,17.349,-30.089,8.2428,-24.933,11.989,-17.183,-26.134,33.009,-63.686,19.97,39.724,23.866,-10.461,-44.393,-44.816,-24.396,-12.006,12.242,-10.645,-4.2687,-5.9691,0.34165,-15.663,1.1544,-20.171,35.975,-13.577,25.752,-2.8341,17.903
21.915,0.86914,22.766,1.0882,29.436,-5.3252,23.273,-23.946,10.299,-26.987,18.481,-14.524,-26.999,20.24,-58.898,5.8506,0.4156,11.562,-24.154,26.672,-39.669,23.122,8.2825,33.256,-4.4195,-15.061,7.6515,-9.4069,-23.521,-7.9692,-16.367,36.334,-2.9702,22.943,-7.252,8.7173
13.816,1.07,14.338,7.4861,31.717,-6.8672,15.539,-27.379,-0.18695,-25.499,19.908,-8.4266,-28.376,-2.3576,-36.132,-21.249,-23.351,1.8506,-33.242,96.237,-19.656,58.059,-16.894,42.222,3.8065,-14.877,20.382,-7.5793,-19.107,-3.6493,-2.439,16.479,5.895,5.8905,-10.887,-7.8397
14.767,-2.6799,12.586,-7.1419,17.713,-9.0939,10.716,-2.7909,6.9474,-3.2736,20.391,-5.403,-21.819,-29.24,-22.406,-31.803,-44.733,-2.6339,-43.904,62.48,-33.27,40.509,-44.401,15.402,6.2888,-4.114,24.692,10.743,-0.79271,1.7286,5.51,-19.637,8.3064,-11.664,-6.3143,-16.886
15.321,-4.7695,14.08,-8.3446,22.419,-8.7297,7.0056,7.4523,0.09103,-7.7597,2.5868,-0.63207,-9.6915,-16.635,19.979,0.90029,-33.237,12.718,-12.781,20.096,-18.541,-3.6374,-40.099,-18.029,10.21,6.3803,18.073,19.285,9.9604,6.58,7.0052,-31.775,12.917,-10.794,6.7997,-15.252
10.253,-10.831,11.692,-6.898,11.719,-5.7108,5.5872,-10.122,-6.4749,-15.602,4.9408,-10.72,-4.8975,6.8086,36.504,48.491,1.3952,14.771,-6.8347,-33.445,1.3049,-4.3495,-11.687,-21.048,11.506,11.07,6.467,10.853,15.755,9.4385,3.9849,-8.174,17.017,2.5689,11.144,-0.12622
11.228,-3.1719,24.775,7.8142,18.095,-2.2,11.713,-13.665,-2.7462,-21.154,7.5832,-14.783,14.212,11.52,24.776,35.029,3.3871,26.048,-16.751,-14.675,27.642,26.516,0.74685,-15.814,7.7763,4.9303,-8.6701,-10.211,7.8191,5.2776,-6.7913,10.293,4.86,4.6325,7.345,9.9562
14.365,-0.074458,25.491,9.024,20.572,-4.9731,4.9455,-8.9548,9.0184,1.2486,12.049,-8.8517,23.758,12.032,7.53,5.3976,15.728,37.893,-21.995,38.995,28.722,38.277,-9.1022,13.664,2.6417,-0.36862,-12.372,-21.645,-5.2077,3.4301,-2.5282,11.84,-11.982,-9.9065,2.97,6.5673
20.371,-4.3877,19.569,1.2089,19.685,3.9255,-1.0492,-0.46876,6.1651,-2.9267,-0.594,-9.4735,14.862,5.4049,-8.8843,-28.607,-1.3085,27.544,-39.158,35.339,-7.9494,-1.7879,-4.666,14.397,-4.0869,-0.45689,-6.2712,-12.426,-8.1551,-3.8491,7.4624,-4.8159,-19.24,-16.243,5.6199,0.025988
17.56,-4.2071,18.06,-0.89651,18.788,10.173,0.97088,2.7775,3.4304,-5.5769,4.4783,-6.543,7.9857,8.0231,-8.5258,-27.917,-22.295,31.174,-8.2725,0.7502,-40.811,-39.73,5.87,-3.3164,-5.5379,-1.9418,2.9004,2.8341,-3.3893,-9.6763,11.179,-18.389,-9.4094,-1.6927,5.5817,-8.4806
17.061,1.5968,24.048,-1.5289,18.333,3.9992,-5.8787,-1.8621,-3.9269,-18.635,9.0357,-8.7386,1.6634,11.24,1.4482,-10.442,-18.377,10.162,13.7,-19.632,-33.79,-15.695,21.36,-7.1942,-3.8042,-5.3272,5.6138,13.529,4.0363,-12.364,10.789,-10.693,7.241,16.758,5.3856,-3.5766
20.013,0.94481,18.989,-3.5656,10.101,10.577,3.2241,-7.883,-6.3408,-10.762,10.169,-10.877,2.6683,-0.59473,16.866,10.486,7.3157,-1.797,7.4729,-25.462,-5.4049,36.767,5.7934,-17.944,-2.8905,-7.2165,3.6025,12.351,7.6215,-16.209,-6.6194,2.388,14.154,20.233,7.6279,4.7023
19.976,-1.3437,19.828,-2.6778,14.841,8.8048,4.674,-4.9545,-5.8443,-8.1818,7.2404,-10.903,-1.4997,-16.922,6.4891,19.835,4.0674,-17.79,6.915,-5.0209,10.553,43.755,22.3,3.8273,-4.1269,-5.9735,-1.9472,0.99416,0.41952,-9.1273,-14.522,6.8059,5.4317,2.9539,9.0255,10.096
17.437,-3.0342,28.602,4.921,24.192,6.8718,-0.56904,-8.4073,1.6866,7.58,8.2727,-14.433,-4.8854,-13.978,6.966,18.7,4.5905,-35.896,-37.977,5.3846,7.7875,31.713,43.539,14.684,-6.8093,-2.2162,-3.0718,-9.242,-6.2779,1.6261,-8.4872,6.1616,-7.1014,-25.431,1.4611,6.5268
17.599,-4.8747,22.486,4.1451,13.322,-3.0432,-0.52464,-4.1104,-2.6642,-5.9288,21.134,-5.0473,-15.194,-11.936,-3.3381,-9.5787,-14.916,-18.425,-36.184,-1.026,-13.228,1.6012,47.615,26.969,-6.841,-0.61138,3.2542,-8.5276,5.8948,12.833,2.2542,5.628,-6.4257,-30.155,-18.01,-6.2161
18.758,-4.2789,21.143,2.3731,13.156,-1.4474,-13.165,-5.6128,-4.0371,3.9676,24.992,-6.4632,-24.531,-14.169,6.4203,-21.017,-14.582,6.6512,-13.413,3.3486,-29.021,-69.31,0.44179,3.1194,-3.2581,-3.927,2.338,-0.8958,15.412,13.334,18.203,8.2706,0.026284,-23.444,-30.597,-11.178
11.718,-6.6893,21.889,-6.1932,12.901,3.752,-7.1199,-6.8648,-9.5964,-5.575,22.688,-1.4034,-25.882,-19.884,23.033,-2.9445,43.128,25.102,5.9041,24.137,-3.1713,-56.508,-46.2,-21.471,6.0681,-5.7117,-4.2815,5.4131,14.169,2.257,16.656,6.7307,4.3338,-1.5611,-21.319,-10.047
8.1122,-9.2112,32.111,-0.4184,17.111,6.7997,-3.9781,-5.3558,-9.3579,-27.252,7.7167,-14.695,-15.832,-29.639,5.4703,10.904,52.627,9.0113,31.995,34.156,2.8907,-56.453,-62.537,-16.988,14.142,-2.4757,-14.086,0.46772,-1.2192,-4.6923,11.47,-6.6973,5.7897,27.148,6.1076,3.3543
9.9814,-12.35,28.518,4.0687,32.907,5.3841,-2.1661,7.8296,-1.5894,-18.573,6.6718,-11.667,10.797,-32.759,-24.271,1.5262,22.325,-8.3197,24.389,17.224,-7.515,-12.633,-27.493,-13.211,15.763,4.8019,-13.462,-9.3956,-19.249,-3.4443,8.8745,-21.27,5.8376,32.122,24.578,13.257
11.711,-16.268,20.564,2.6943,29.465,2.2422,0.35561,4.118,-6.5952,-17.76,1.7321,-9.8253,27.839,-20.11,-40.36,-20.914,-10.277,-0.099345,34.694,-26.681,2.0991,44.492,21.626,15.761,12.86,12.016,2.641,-11.519,-14.403,-2.008,3.462,-21.786,14.859,23.78,22.945,11.681
15.318,-19.54,15.527,-6.9864,17.886,1.8709,2.908,-2.9898,-14.735,-16.638,11.934,-10.444,31.098,-0.63908,-21.363,-34.013,-21.666,12.436,48.927,-51.794,26.412,53.63,34.609,28.44,6.0997,13.222,15.485,-7.8554,-1.9326,-12.156,0.22297,-11.905,15.85,-2.2543,5.213,-0.93758
19.364,-15.671,18.427,-5.3478,19.484,8.5067,10.832,-13.287,-1.7355,-5.9735,15.899,-7.4256,38.318,14.38,17.221,-28.921,2.6066,-11.406,37.037,-40.266,60.221,29.318,21.138,20.592,-0.20749,6.7179,13.267,-6.0321,0.62359,-23.247,-4.9181,3.102,0.9952,-23.942,-8.6814,-15.118
21.704,-12.968,18.905,-8.917,27.065,8.4698,17.059,-9.365,9.1868,2.3488,16.893,1.3534,36.056,16.104,24.366,-33.747,6.2205,-63.447,24.333,-35.509,42.672,-16.317,-1.1835,-20.315,-6.1784,-2.4113,0.47401,2.0277,-3.0008,-19.398,-11.466,7.385,-12.48,-24.522,-11.681,-23.125
27.677,-12.364,27.485,-10.801,26.179,-6.7605,11.798,-12.828,11.554,-12.594,9.8218,-5.4282,24.322,5.1084,3.1095,-51.207,-21.102,-78.396,22.401,-19.314,-1.0546,-40.243,-3.8847,-35.453,-12.935,-5.2106,-11.882,15.162,-3.6799,9.7602,-10.306,14.243,-12.864,-2.9931,-6.7164,-11.937
29.189,-13.142,23.181,-21.134,17.649,-22.219,14.591,-20.974,-0.04423,-21.486,14.381,-21.6,7.2035,-8.0599,-11.937,-12.732,-24.815,-51.06,-1.0864,-25.345,-5.3494,-34.198,-11.285,-59.162,-14.685,0.7753,-8.3492,30.08,2.4774,36.287,-8.8396,25.405,-1.2677,20.533,-2.0382,10.168
27.782,-13.03,17.843,-24.843,13.641,-15.347,23.266,-17.139,2.3527,-14.177,15.212,-13.675,-11.931,0.40944,-24.038,36.38,-0.27471,31.201,-1.7818,25.865,19.911,23.293,-7.393,-19.671,-11.138,8.1925,2.4558,31.407,5.9696,33.654,-13.557,27.063,3.3469,22.892,0.67748,18.019
25.253,-16.665,17.758,-8.2617,20.927,-12.767,10.782,-19.882,11.113,-13.958,8.5549,-24.104,-19.242,22.33,-3.8062,72.857,8.1938,63.189,-7.7738,68.926,25.85,54.582,-9.6201,22.637,-4.7229,9.1214,7.3841,8.3705,-4.2581,14.242,-7.8233,20.026,-8.8909,10.545,1.4411,16.286
23.68,-10.397,18.178,0.95345,24.403,4.114,12.812,-0.44133,15.931,-4.7114,9.0381,-14.012,-18.144,30.876,11.323,63.035,-7.7586,32.753,-42.039,68.865,0.079924,29.829,-1.3299,13.744,-0.18563,-1.2678,4.5031,-13.554,-10.852,-8.8534,-1.733,-6.5934,-20.051,-5.8193,-0.21012,0.63613
21.619,-3.293,21.111,2.3968,16.365,-0.355,15.932,5.14,6.0916,1.0719,12.658,-10.113,-13.304,22.314,7.3027,15.793,-42.364,19.373,-20.074,53.287,-39.888,15.26,-7.1114,5.5618,2.2226,-10.063,-5.4791,-21.051,-0.33304,-10.91,4.2121,-24.143,-18.916,-13.609,-2.5041,-3.8299
20.527,-4.2785,21.828,1.3454,12.043,-5.1764,-0.32826,4.7824,4.9033,-6.7779,12.496,-13.799,-15.828,-5.9215,-7.0772,-2.8557,-29.256,8.8419,-4.2967,0.71704,-47.475,13.857,-9.698,-7.9528,3.6256,-9.1609,-7.6054,-15.608,8.3743,-4.2749,9.1264,-22.341,-9.2979,-12.23,-1.9825,6.7702
20.177,-8.5675,19.584,-0.56112,5.925,1.5645,7.3152,4.15,-3.3174,-5.2952,3.2703,-21.43,-9.2872,-9.5881,-22.002,0.54827,17.277,20.593,-5.5844,-17.713,-44.954,-5.4748,-17.956,14.336,3.3273,-2.1978,2.0551,-5.7791,10.536,-7.0673,-5.6261,-11.648,5.9933,-13.927,5.1617,12.979
16.487,-10.721,15.403,1.0046,14.995,7.5752,14.972,0.41218,-3.1016,5.4006,8.8828,-12.33,-2.0244,1.0224,-12.052,-7.3831,4.2921,10.768,-3.6524,-7.3392,-43.877,-20.955,-5.8197,43.208,2.9713,1.842,10.344,-2.3178,0.87799,-10.773,-16.745,2.1193,17.165,-10.672,6.4943,4.9814
18.996,-4.8658,13.323,2.8414,23.527,3.5659,5.4895,-1.5315,-12.383,-7.7548,5.486,-3.6798,-3.569,7.8535,20.066,-10.839,-6.4602,-16.927,-48.526,-0.92439,-11.721,-36.971,16.758,44.877,0.027241,-2.8744,10.348,-0.53481,-8.5846,-12.534,-14.133,4.764,25.366,5.6629,6.2419,-12.372
20.105,-5.6181,18.933,-4.0474,5.3876,-0.7932,-1.2416,3.9536,-12.502,-16.025,8.4782,-1.0699,-3.8304,-5.4325,23.611,-8.7513,-12.997,-26.264,-66.553,2.9192,21.734,-23.753,5.4166,1.6836,-1.0253,-3.9685,2.3839,3.1053,-0.44981,-3.8473,2.0473,2.026,22.18,11.994,-9.5428,-20.926
16.583,-7.1922,27.852,-3.4546,7.4985,-2.7147,-8.8413,1.9171,-4.4777,-13.068,11.851,-4.6209,-8.248,-20.733,11.907,-1.4417,-17.001,-23.561,-44.801,0.97739,49.069,24.239,7.6349,-26.762,2.1422,-0.71629,-3.8312,3.2608,5.2542,7.7468,25.259,0.71215,7.6332,9.9969,-14.653,-12.042
15.778,-12.274,19.944,-0.2231,16.511,-2.4164,-11.139,0.14744,3.8128,-3.8194,8.4084,-11.017,-4.8114,-4.5272,3.9468,3.445,7.3135,-5.1515,4.721,1.8399,36.628,8.4112,-48.972,-25.602,4.9013,3.3162,-0.67814,-0.44007,5.4872,16.028,31.408,2.9243,-8.7637,2.3993,-1.3021,6.2099
17.036,-11.904,18.771,0.2084,9.4652,-7.403,-11.962,0.86024,3.9939,-1.7383,9.3384,-12.087,7.6327,3.8194,10.742,-0.63306,9.6553,11.251,42.134,3.176,18.998,-3.0686,-29.314,-1.6904,6.1856,3.3403,0.41341,-2.2523,7.0062,19.748,18.388,4.9933,-16.609,-0.21223,8.4299,9.6415
17.474,-5.5257,25.447,-4.1564,8.061,-1.0248,2.6793,5.402,1.5761,-17.485,-14.751,-10.138,12.736,-1.1277,20.803,-11.356,1.1104,36.468,47.02,16.441,-7.0488,1.897,17.381,20.197,3.4786,-1.3553,-6.1151,0.20641,3.0028,10.063,-5.5002,-0.1472,-19.313,6.6003,21.455,1.763
19.552,-8.6566,30.471,-1.8045,16.551,2.215,5.3163,0.87791,6.1395,-7.7695,8.7741,-5.9058,13.906,-5.7312,5.5462,-5.3028,21.131,54.371,25.988,18.643,-12.137,26.435,16.608,-1.4545,-0.52744,1.1998,-13.865,2.0797,-3.4753,-4.3957,-21.026,-9.5228,-20.377,1.9757,9.6392,-2.381
20.888,-14.462,24.495,-4.8946,13.523,11.009,3.7314,8.3592,-0.78439,0.14461,17.381,-4.0096,9.4449,-6.5287,-24.031,6.8119,16.589,23.605,-14.707,-6.6297,-44.37,26.661,35.34,-16.905,-3.3459,8.3261,-11.115,2.9823,-6.4015,-14.195,-21.56,-16.443,-10.555,-5.8666,-0.34171,-2.1878
22.282,-10.302,22.02,-2.0738,17.3,13.766,0.50599,8.7032,-0.89439,2.6646,1.5763,-15.879,6.641,12.519,-36.165,0.68157,-15.46,-4.2955,-32.133,-32.903,-64.226,-5.572,9.9017,4.9559,-5.7948,9.4853,1.7804,-1.9195,-10.974,-15.292,-16.62,-7.2278,0.048186,-11.82,3.0083,5.9943
20.831,-7.9674,17.657,-0.61572,15.981,5.0023,-2.2693,-1.8255,-17.092,-9.3711,6.5178,-13.604,-0.36117,31.378,-13.915,0.56346,-12.601,-5.1751,-31.719,-39.999,-33.779,-11.433,19.025,6.0529,-4.016,5.9484,13.728,-4.7907,-6.8058,-5.3536,-6.3236,16.809,21.793,-6.174,0.82862,5.4866
22.9,-5.6442,15.807,-3.6032,7.5915,3.0704,-7.7499,-10.481,-17.82,-5.7976,19.157,1.3695,-10.165,22.742,9.3903,-11.776,-19.142,-7.6986,-48.608,-0.81139,-17.192,-13.621,39.807,17.038,-1.4455,-2.4597,13.057,-2.0948,1.0792,-1.0284,5.2987,28.844,32.109,3.5048,-6.2687,-3.2687
20.398,-1.1016,20.644,-3.8483,12.077,13.769,-8.0001,-2.0479,-9.2109,-1.3407,18.103,-9.6072,-2.2322,18.102,21.834,-10.913,-15.599,-1.4614,-38.088,61.368,41.079,-0.18489,24.531,4.4865,0.63922,-11.679,2.7789,0.57634,1.0465,-3.4643,17.303,14.572,22.547,7.7583,-13.963,-0.71578
17.416,-2.3637,25.221,-6.3457,9.6814,5.5331,-20.932,8.4087,-13.431,-8.1609,15.687,-9.3582,0.34875,6.8584,11.244,-4.0542,-8.5652,-11.294,-2.4548,60.632,58.888,6.3282,-24.194,-10.604,0.16007,-13.762,-0.96761,6.8231,8.3666,-0.54563,29.898,-13.185,11.774,9.4555,-15.104,1.4811
22.457,-0.5568,23.867,-4.7009,7.1366,3.0403,-14.722,19.413,1.2529,-8.2819,20.518,-5.9972,-2.4217,-19.075,-0.94747,-0.41584,-12.657,-20.699,31.72,2.1382,40.917,17.384,-18.788,16.295,-3.9939,-13.691,1.4626,4.631,13.003,1.7874,24.394,-29.078,-3.0159,0.86632,-8.8866,4.7189
22.045,-2.4874,19.818,-5.2039,5.7789,2.7875,-5.6163,9.1044,6.3923,0.83707,5.852,-5.7377,-9.2695,-27.478,15.943,17.091,21.22,-0.80793,65.979,-37.119,41.762,24.872,-14.056,18.539,-2.8099,-7.2106,3.2426,1.3996,12.364,5.2753,4.113,-9.9483,-5.4376,-11.107,1.9833,2.3772
16.872,-10.577,22.872,-4.6271,7.6994,4.7921,0.20166,-1.3267,1.3359,2.8523,13.627,-3.2699,-17.392,-33.185,26.797,1.6695,34.521,2.2327,49.665,-35.147,34.562,-5.1254,-24.972,13.509,3.3822,4.3387,-1.7907,0.56023,3.3979,3.8082,-13.933,15.312,-7.5206,-15.322,-1.7868,-6.1239
15.574,-11.093,33.69,2.1628,20.01,4.2533,4.5952,0.21907,7.4089,-1.2919,12.105,-1.4523,-6.2154,-22.14,13.585,1.9011,29.666,3.6164,9.1374,29.534,34.878,-37.952,-11.186,2.6745,9.2853,10.419,-10.025,0.41042,-16.554,-3.5001,-20.587,21.469,-17.515,-4.3269,-0.76656,-10.831
16.997,-12.847,30.329,-7.5496,17.282,3.4237,5.0045,6.2826,18.026,-9.7801,4.906,-1.3853,12.962,-0.050734,-8.7219,9.9802,0.10941,-3.8701,-9.5256,45.372,6.756,-27.816,-29.156,-6.3919,10.459,13.409,-11.161,8.1073,-25.046,-6.5245,-12.426,6.6471,-23.537,16.104,6.7524,-12.128
18.875,-12.423,22.881,-2.7921,15.821,5.2798,-3.449,20.067,15.486,-11.823,4.6194,-5.3427,21.98,8.0498,-16.422,14.988,-44.342,-15.257,-7.3613,29.965,-31.912,14.583,-15.796,-25.665,3.2455,10.59,-7.1784,5.205,-16.103,-3.7134,-1.285,-12.572,-13.426,29.997,15.069,-4.3823
21.703,-9.9376,23.915,2.8405,9.8486,2.3437,-0.53907,11.436,0.67531,-5.7904,2.7913,-4.5206,20.806,18.763,-14.006,35.663,-53.704,-20.953,-4.218,-2.1272,-49.727,49.129,11.095,-32.96,-7.119,3.7937,-6.6807,-5.0125,2.3539,1.7871,2.1005,-6.2321,5.2937,18.514,24.105,6.1241
24.211,-8.5221,28.687,4.4616,1.5553,-2.8354,3.6863,12.625,0.12807,4.0048,5.264,-12.717,6.0905,21.401,-19.665,15.085,-23.943,-6.4088,0.058707,-9.5766,-4.0117,73.559,44.032,-5.9531,-13.363,-3.1437,-8.7722,-14.332,14.739,7.9931,1.5877,0.87627,7.3967,-9.569,13.594,16.914
24.732,-5.4153,20.424,6.6549,-2.4375,-2.9953,-0.67217,8.9398,0.84106,6.8704,10.131,-14.178,-14.688,12.243,-40.504,-15.131,1.6794,0.64092,-2.733,33.983,19.274,35.264,61.455,14.373,-10.355,-7.7042,-2.6297,-13.649,12.734,6.1727,4.7383,4.3743,4.2789,-24.785,-6.9232,16.161
20.406,-3.9838,14.795,2.8431,9.9922,4.7449,-3.3531,16.526,13.397,18.627,22.965,-3.4906,-27.09,-4.4083,-47.034,-31.276,1.6622,13.911,-0.1654,16.292,-29.429,-26.33,26.994,35.24,0.85991,-4.3071,9.4185,3.9651,5.7802,-0.51803,4.5247,-4.0254,-5.8789,-25.669,-26.444,-0.51739
16.261,-6.0854,10.609,-3.9157,6.4698,-1.126,1.6141,26.476,3.6778,4.5309,24.668,-1.9476,-14.38,-6.8533,-13.47,-9.4028,-2.8352,-0.24992,19.585,6.8103,-15.624,-24.85,-15.002,27.248,11.278,3.9841,18.308,17.985,7.2925,0.8125,0.29486,-17.059,-0.40147,-5.4409,-29.708,-10.636
14.901,-10.391,10.077,-5.8912,-2.0672,3.1855,2.4604,12.003,-16.005,-7.9903,11.492,-1.2123,10.236,9.4132,13.911,32.046,7.2148,-8.5535,11.523,-16.117,-15.957,-24.728,-49.959,-14.978,11.268,8.1388,14.901,16.159,11.617,-1.2628,-7.3525,-9.8249,15.717,13.185,-11.818,-12.177
20.294,-5.6382,16.047,6.3207,2.1747,-2.3405,6.2138,14.607,7.7302,7.7539,8.3669,-1.693,23.04,25.253,20.563,43.133,35.366,15.936,-7.1028,-35.11,10.531,7.2592,-48.61,-13.696,1.4181,3.4801,1.2361,-2.3682,8.3203,5.1003,-12.412,-5.81,5.5988,11.739,9.038,-5.3212
23.507,0.49919,19.031,13.748,15.747,1.0755,0.10854,14.402,3.3927,4.651,6.1362,-11.107,10.542,20.233,10.457,23.25,40.645,-0.49565,-23.584,-11.873,36.078,23.539,-15.294,-5.1739,-7.6737,-2.8483,-7.6321,-18.8,-1.0201,6.0058,-3.041,-2.3399,0.22937,4.8819,17.867,3.9612
23.478,1.0957,16.414,7.8311,15.245,7.8969,-0.76135,7.7216,-0.75556,1.8398,3.0411,-3.8486,-7.4423,5.1374,-5.5629,-16.846,22.051,21.223,-24.919,-24.362,-13.648,9.7124,12.856,-4.2597,-9.0899,-2.8157,-6.4006,-21.143,-8.185,-1.395,9.0498,-0.74129,-4.7141,-9.6234,11.049,0.70447
18.58,-3.6419,15.122,4.9786,11.72,-2.1811,-5.8439,9.5087,6.2771,6.7362,6.5085,-2.7215,-12.892,5.2293,-11.187,-31.964,8.7715,18.832,5.2259,-33.191,-2.7208,-1.5453,8.6411,0.10982,-1.3758,2.7951,2.0714,-10.562,-7.7271,-1.3011,17.363,-2.7215,-2.2067,-15.818,0.77001,-0.89579
19.036,-0.99899,15.22,2.2825,15.214,9.8992,-3.2694,4.8728,-0.53602,11.567,14.609,-8.0155,-10.692,18.676,-0.6186,-34.976,10.378,-0.7032,23.741,-28.157,6.3598,-28.316,-5.333,-12.816,6.1271,4.5587,8.7662,3.6415,-2.9997,-6.4428,10.754,2.6828,4.6193,-9.5138,-2.9088,4.167
19.282,4.1612,14.034,0.54021,20.149,9.4903,3.9755,-0.76856,1.9226,-0.98548,4.673,-8.9684,5.2884,27.439,18.342,-20.494,7.8461,3.9617,38.904,-23.583,15.041,-36.535,-2.3493,-5.3747,7.4682,-1.251,9.6066,10.544,-5.883,-5.2439,-8.3891,7.5208,-6.2033,5.4742,3.0541,5.7746
17.781,6.532,16.648,-7.4379,16.22,1.7096,6.1996,-1.2184,4.6016,-8.4571,1.2924,-7.1332,14.103,16.826,23.504,-4.3734,7.5156,-3.5562,12.011,-15.752,0.56741,-20.362,3.8071,19.318,3.3355,-9.1468,1.8614,13.479,-8.3125,-1.889,-19.4,13.045,-12.636,17.61,5.1562,3.7776
21.852,6.312,23.579,-0.40822,15.14,3.8945,8.8734,0.76282,11.229,-1.5189,11.992,-5.85,12.052,-0.10092,24.785,5.4547,-19.212,-5.9612,-30.854,-1.7897,-30.841,21.849,19.341,12.916,-4.8514,-11.813,-4.3767,11.365,-5.5427,-1.8628,-19.162,14.274,-12.06,14.001,-1.6355,-2.3438
24.803,6.3388,22.2,0.57005,21.476,10.919,0.28716,-3.7687,-4.9054,1.6533,12.853,0.084258,2.6037,-13.289,5.4668,19.443,-17.656,-5.1867,-38.378,26.172,-33.879,30.545,9.6027,-3.0734,-8.1598,-8.543,-3.9463,7.7864,-2.8092,-0.028564,-1.5963,10.236,3.6221,1.9224,-5.5404,-6.1458
21.797,4.2073,23.651,-0.7364,7.9144,1.905,-8.4954,-0.38824,-8.7446,4.8836,8.5634,-6.119,-13.219,-16.57,5.4765,24.423,-7.2819,-4.537,-31.71,26.826,-28.037,8.0149,-13.424,-5.8984,-4.4458,-3.9594,-3.0436,2.1931,3.8301,1.314,16.736,3.497,19.823,-14.633,-10.277,-4.1148
19.111,0.94004,19.346,2.4479,11.005,0.11105,-4.3049,12.443,-2.3514,3.614,7.808,-8.5354,-14.061,-17.654,13.427,25.074,-12.496,-4.4112,4.4574,21.122,17.276,-3.8328,-7.512,-2.004,0.89637,-2.6482,-3.7845,-5.5013,0.80786,-1.2374,19.234,-4.6392,20.773,-18.113,-8.6275,-7.5131
18.089,0.72652,27.744,10.865,16.735,7.03,-4.6855,6.0698,-4.0668,1.5082,7.8021,-4.4894,-1.845,-17.715,5.5869,13.605,-2.6417,0.22121,31.408,18.22,42.695,-34.126,-23.484,-8.1924,4.7339,-2.4351,-11.15,-9.5717,-2.6804,-3.8136,17.467,-7.9054,10.404,-9.4721,-6.0167,-9.9023
19.626,-0.74798,26.866,7.3066,10.818,6.1508,0.61089,3.5634,1.3936,1.4246,9.4774,-1.7326,1.3984,-25.957,-13.511,-2.6538,-15.936,-13.753,26.235,7.2784,34.62,-38.95,-28.505,-39.492,4.0479,1.1563,-10.602,-7.1286,-0.46318,-2.6199,6.5318,-10.766,-6.6297,5.1776,0.67357,-1.6482
20.616,-3.8061,22.684,3.6366,6.6869,-1.0043,4.7506,13.162,10.73,-11.085,-4.0134,-13.617,2.7204,-24.594,-36.807,-9.571,-18.963,-18.934,44.735,-5.7793,15.309,-21.787,-33.011,-36.666,2.2557,6.4651,-2.1402,-3.9447,-1.7112,-5.3762,-4.9439,-10.263,-20.272,21.956,17.205,18.492
18.546,-9.772,15.12,4.735,8.0606,-2.7482,4.0948,12.536,7.5602,-9.5645,-0.53669,-23.718,3.8957,-8.4332,-18.388,1.0191,-6.6507,-7.9331,30.453,-20.706,-2.1796,15.885,0.6194,3.9919,2.6318,12.187,9.4857,-4.2291,0.56487,-4.0653,-14.084,-0.11123,-21.471,16.891,22.822,28.591
19.989,-7.0583,15.214,7.3649,8.6318,2.0125,15.94,-1.3063,0.50432,-3.8907,-3.6965,-11.83,8.1848,5.8492,-2.6755,-7.9554,-15.84,-29.57,4.5793,-19.102,-40.267,48.236,47.978,62.524,-0.73959,11.668,17.653,-4.3035,5.5844,-0.011002,-29.002,12.983,-15.374,-1.9021,19.433,13.414
21.888,-3.3385,21.408,5.952,6.5205,0.67587,10.242,0.44432,5.4168,5.7702,9.6287,-0.63009,11.825,19.754,16.851,-24.607,-14.673,-28.762,-24.108,13.384,-44.949,10.494,45.109,53.866,-5.2653,5.8302,9.6769,-2.8302,11.869,7.8596,-23.031,14.978,-5.3817,-14.63,1.1834,-13.643
23.038,-4.0983,18.203,-0.94964,-0.46324,-17.501,3.9664,9.6566,-8.3317,5.3655,14.893,6.1018,-4.9422,19.652,33.836,-18.276,12.97,-8.5747,-72.994,42.089,-40.179,-28.602,41.909,5.4676,-8.6811,0.07648,-3.4234,1.1622,14.893,19.972,-3.0276,2.0984,10.749,-9.2644,-14.834,-27.424
22.934,-1.3749,22.052,-3.4114,5.2714,-7.3722,-1.972,13.747,-10.496,-8.9458,12.723,-5.7504,-15.868,13.816,11.741,-7.972,38.288,20.867,-45.916,23.589,-29.132,-18.844,9.5704,-35.693,-7.5053,-4.6553,-11.74,2.9083,4.9874,13.512,14.95,-14.794,13.226,9.6651,-16.211,-15.852
16.995,1.786,31.81,2.9089,15.741,1.7492,-14.45,13.087,-11.629,-10.834,15.711,-6.5358,-21.374,9.2005,-17.237,-10.462,32.144,45.478,0.34577,-13.713,5.5679,16.582,-8.421,-29.814,0.075682,-7.7518,-8.3049,0.055437,-11.432,1.7839,24.104,-19.359,14.162,16.187,-11.493,5.8322
16.976,0.62765,20.474,0.036769,17.562,1.4843,-3.5076,10.524,-7.501,4.4477,14.005,-12.158,-17.486,1.7037,-16.31,-13.972,0.67668,11.772,13.975,-32.683,-1.6935,36.227,-10.78,-7.754,5.8201,-8.8823,9.0696,2.3667,-18.122,-6.6159,10.305,-1.2982,13.302,1.7284,-5.4779,20.52
15.33,-0.49933,10.373,-7.9049,9.4632,0.80954,4.9071,4.4116,-7.0454,6.96,10.042,-5.6018,-3.7547,-13.05,6.3372,-14.998,-25.385,4.8923,17.582,-26.57,16.91,24.8,-5.3786,20.659,9.0087,-7.3824,16.166,7.2788,-7.36,-4.3587,0.31994,15.407,9.168,-14.181,-4.5672,16.576
15.024,0.6196,24.616,-4.9907,8.7489,-1.0163,-4.6629,1.7429,-13.635,0.2709,10.168,-10.094,4.4232,-19.469,45.302,6.1294,-23.557,8.0808,-3.0108,23.527,31.706,-14.311,-19.34,41.669,7.4534,-3.2151,2.8318,9.1665,9.2614,5.5285,7.0995,17.374,6.459,-15.029,-1.9936,5.1576
16.093,-4.7352,32.908,-2.0765,7.4554,5.4457,-5.0811,4.1922,-0.10652,3.6548,14.94,2.7622,12.715,-17.125,32.785,15.881,7.4604,25.53,10.438,35.217,34.708,-29.052,-26.977,28.355,2.8992,2.8918,-13.555,7.138,16.329,0.73719,10.524,5.39,-3.8314,-7.0979,1.2304,-11.565
18.806,-6.9891,31.857,0.18726,6.7878,3.2067,-0.018941,22.397,4.8828,-1.0553,1.8856,4.4949,11.546,-12.334,-15.375,16.421,30.561,29.096,53.044,23.292,21.703,-11.994,-9.9487,14.186,-0.90431,7.6401,-19.975,1.4457,8.8531,-8.701,6.928,-13.555,-12.945,5.3675,10.691,-16.443
19.797,-5.2575,23.144,-2.5534,14.174,11.463,7.8043,11.693,1.05,-6.9029,0.69425,1.2811,7.1798,-2.1591,-31.1,15.546,29.203,-1.9292,42.173,0.49683,2.7552,-11.848,-3.9223,-23.426,-3.4403,8.289,-6.8335,-1.7216,-6.6156,-15.965,-10.555,-12.723,-13.118,4.9765,8.5034,-9.7114
18.945,-5.2864,21.81,3.4582,20.67,10.523,15.416,9.6386,-3.3615,-0.44719,12.316,-2.2609,2.6692,11.248,-22.633,13.525,9.8375,-21.695,15.762,-26.886,-17.041,3.9242,22.589,-14.656,-3.3688,5.8102,6.5211,-9.4951,-20.561,-14.848,-27.745,-5.9881,-9.7176,-5.5408,-3.6545,-1.0669
19.613,-6.6661,22.381,4.0612,15.116,0.823,8.2875,10.82,5.3932,-2.5732,7.7633,-5.5728,-0.047695,12.529,2.2464,8.7207,-15.256,-28.9,-23.693,-3.3102,-11.508,-12.128,-0.72874,-5.7812,-3.0672,-0.19198,8.5506,-10.637,-18.178,-3.3369,-23.244,0.081138,-4.2105,-2.5088,-5.8263,5.85
20.232,-0.66063,20.922,3.6425,11.236,-2.3205,7.6206,9.3905,-5.8094,-1.2581,9.6455,0.594,-1.6839,9.3725,0.55753,-27.642,-50.013,-31.657,-52.75,-4.7449,-19.753,-39.557,-29.818,0.029118,-1.8786,-6.2161,6.0828,-2.9218,-4.0146,6.1376,-9.2546,4.9485,7.3689,3.1945,-6.3531,-0.40066
19.13,-1.306,24.711,1.7147,11.263,3.4347,-0.14444,10.162,-3.4801,-12.562,1.6654,-3.037,-5.9795,-2.1811,0.057561,-17.054,-31.764,-13.632,-39.792,-10.168,-16.941,-2.6511,-6.8505,-1.5177,-0.0099792,-5.361,0.79091,5.0114,9.9749,10.224,10.832,6.2644,10.195,13.048,5.2137,-1.734
18.345,-3.2803,20.924,-9.1895,-2.41,-6.6117,-6.7427,7.595,-8.8015,-15.232,0.45637,-3.5142,-3.7582,-12.477,8.8757,11.803,-1.9815,1.3596,-22.461,1.2855,22.52,15.158,-6.1159,-18.791,0.71714,-2.6504,3.2748,8.8638,18.192,11.919,17.454,11.238,12.416,13.391,15.556,2.772
17.567,-6.4469,22.409,1.9503,6.0566,-3.8476,-4.4269,6.6335,-1.5813,3.088,8.9325,-4.2775,0.93954,-3.3513,2.0418,14.055,10.603,5.7103,15.324,24.997,18.332,25.754,13.489,-5.0414,0.73572,-1.1976,5.5746,-0.8462,9.503,3.5976,7.1788,9.3767,4.2577,-1.0867,14.705,9.0914
19.134,-4.3288,26.511,9.4264,12.848,2.0004,-1.4688,11.798,4.5013,-1.5038,2.9539,-8.181,-1.5577,-3.2943,15.939,1.1227,19.764,18.269,6.964,33.862,24.692,13.194,37.792,15.651,-0.6387,-2.0714,3.3938,-4.0487,0.69069,-7.0043,-5.2699,-7.3963,-10.215,-7.9654,11.335,9.0395
19.205,-2.4574,22.939,-0.5658,8.9353,1.9838,4.8806,20.559,-0.96562,-6.5485,7.161,-3.2243,-3.4011,-12.761,24.399,-15.944,4.8784,-4.099,-18.611,20.427,3.2615,-7.1023,44.722,26.719,-0.66112,-2.1535,-0.33897,4.496,-3.9015,-13.484,-13.102,-26.153,-14.129,-8.031,-8.8881,-8.1372
16.747,-6.9221,28.629,-7.3701,6.0324,-0.39297,-7.9144,17.563,3.2365,-3.8166,20.238,3.7847,-4.7814,-18.13,14.666,6.5594,4.3341,-28.758,-31.843,-33.411,-21.018,-8.2404,34.941,10.527,2.0355,3.6035,-10.047,9.8634,-9.0482,-6.5477,2.4211,-25.516,-13.959,-0.67843,-26.617,-24.078
17.06,-11.531,33.55,2.3764,11.904,-4.7004,-10.51,13.964,0.68183,0.69327,22.651,3.0989,-0.75423,-6.7013,0.98353,33.816,-1.1901,-38.198,-30.783,-72.131,-29.458,-3.6837,-29.526,-43.165,3.5012,10.24,-15.98,1.1349,-12.919,9.726,18.406,-6.8065,-4.913,5.5472,-24.753,-18.973
17.816,-8.857,28.539,11.235,13.531,-9.0362,-9.6955,-1.6106,-6.8314,-9.2449,12.679,-6.0792,7.2963,11.693,-22.588,25.559,-22.443,2.5797,25.156,-47.44,-28.741,8.0921,-58.17,-69.795,3.5731,10.518,-12.175,-13.943,-11.043,18.826,17.392,18.645,6.337,7.3617,-6.0887,2.3969
18.294,-4.8406,23.476,7.0398,4.591,-12.793,-9.6206,-5.9198,-10.661,-5.6762,-3.8221,-19.875,8.066,23.526,-36.876,-19.77,-46.328,28.863,44.92,-6.5905,-17.442,12.467,-32.49,-27.984,0.62972,3.6372,-3.6947,-17.525,-1.4482,11.592,3.2546,23.751,11.852,5.0954,16.459,21.28
19.779,-4.4205,22.372,3.0778,-1.5328,4.9434,4.219,3.7851,-5.4629,3.4142,4.3902,-19.626,8.6741,19.348,-27.281,-36.36,-28.311,31.842,17.267,27.045,4.6588,20.492,5.9792,14.921,-4.2457,-5.876,3.771,-7.4633,11.927,-6.3249,-16.262,11.982,13.07,1.558,17.16,18.553
20.111,-1.9859,18.195,-3.4299,-3.7282,2.7411,4.9931,7.9713,-8.7233,0.59743,10.551,-4.12,1.7055,7.6576,-15.144,-22.848,-5.4971,5.1317,-10.566,9.3788,13.103,15.593,20.695,20.875,-6.119,-9.7537,10.731,9.9243,20.532,-6.8132,-10.418,1.408,10.475,0.91743,5.3401,0.48384
21.244,-0.6105,17.538,-1.7103,3.535,-0.88241,-8.369,4.9665,-5.4708,-2.1356,8.4822,-6.4962,-10.752,-9.7528,-14.599,-10.218,16.778,-17.179,-28.413,4.4862,21.335,14.319,1.0384,-1.4605,-5.5701,-7.5253,10.492,14.725,15.911,1.777,9.3347,-3.066,2.0282,-6.8498,-1.6473,-8.0129
18.414,-2.9169,18.321,-1.99,-0.69145,-7.3146,-8.6096,-1.8211,-4.1053,4.8954,4.4796,-16.002,-12.816,-10.692,10.44,16.781,33.788,19.307,15.669,11.729,26.594,20.141,-3.3192,-17.374,0.38394,-0.69721,7.3493,10.719,8.8359,5.9428,14.719,-4.6407,-6.3554,-12.417,-2.0542,-2.9748
15.252,-8.8314,15.01,-2.7514,5.3377,1.3816,-3.186,10.924,2.8958,8.4247,7.9449,-14.415,-11.916,-9.1038,12.389,17.451,31.6,33.639,50.823,10.54,8.0545,-16.031,9.7498,-6.0186,6.9022,5.1723,6.0672,7.2236,-3.9481,-5.7411,4.021,-12.098,-8.2006,-8.7754,0.10537,3.8122
16.7,-3.2216,24.679,5.4811,12.265,11.263,10.236,10.857,0.39021,5.3879,9.1598,-8.8479,4.2071,3.847,8.1089,16.914,31.271,9.4365,23.411,-16.851,-12.033,-31.316,6.0686,8.2801,6.7705,1.1172,-1.349,-0.89755,-14.043,-21.085,-16.877,-12.755,0.44045,3.1803,3.7615,8.2571
16.143,-5.0101,20.554,3.2795,12.857,6.6483,7.6194,3.8975,-3.6913,-10.397,11.017,-13.083,15.247,8.8388,16.903,25.833,-1.7044,-40.949,-12.179,-41.714,-0.35409,-3.829,-3.1287,4.7732,3.7124,-2.1541,-2.2625,-4.0907,-14.662,-14.329,-21.281,-3.8598,5.257,11.912,3.1836,10.427
20.071,-2.904,19.603,3.4516,11.184,-5.2297,-2.3069,-6.7334,-6.8284,-1.3517,5.9779,-12.528,7.4549,-14.078,1.4379,8.1019,-19.772,-48.822,-37.216,-25.919,33,29.942,21.927,18.515,-2.1699,-2.46,-4.5431,-9.0791,-8.433,9.1605,-4.3626,9.4668,0.84481,4.635,2.1992,5.1011
21.189,-4.5708,26,11.18,5.0255,-10.847,-3.0038,-1.1374,6.328,9.88,7.9715,-10.188,5.0222,-10.912,4.4119,1.4031,-16.19,-8.8786,-25.271,-4.2253,11.823,12.898,17.739,41.001,-3.883,3.9837,-6.8851,-11.428,3.0381,25.904,13.662,13.881,-14.571,-7.174,1.7873,-0.21812
17.904,-10.48,22.675,5.5818,6.2942,-4.4006,-3.0602,0.4148,11.881,10.22,21.646,-1.0378,-1.5301,1.4223,-8.3612,-16.266,-3.6509,39.204,8.1439,11.738,-13.898,-16.505,6.6307,15.672,-1.2956,10.285,-3.0839,-2.7686,9.239,20.848,24.586,14.244,-16.345,-10.767,-4.5055,-8.8945
19.738,-6.6782,21.224,2.9159,7.2073,1.7945,-4.6393,-1.7893,-7.1343,-9.7339,12.052,1.6724,0.32496,21.008,-12.623,-19.125,5.4254,44.558,33.449,8.8638,-49.762,-16.476,13.456,5.1042,0.043166,5.4118,-0.66203,4.5219,6.5826,-0.47155,17.156,13.86,3.3648,-4.7977,-6.5015,-9.856
20.032,-1.1391,17.811,-0.54946,8.2682,8.0517,2.5828,-0.53838,-7.0461,0.20264,7.253,-10.623,3.3256,21.39,-5.4639,4.523,15.615,28.702,56.356,38.756,-17.931,-9.2055,1.5413,-8.009,0.82302,-0.25042,6.4377,9.3579,2.1934,-20.6,-7.9738,6.3433,15.953,-4.3659,-10.07,-1.3879
20.288,1.2626,22.12,4.6828,6.7512,5.2062,10.899,3.7711,-9.0894,6.6509,21.896,-2.8434,2.8102,6.1631,-0.34686,13.618,7.0904,-5.9853,36.405,51.564,30.663,-14.74,-12.224,3.5609,-0.96836,-3.956,7.3442,6.0515,-2.3751,-23.876,-30.368,-8.9629,14.596,-5.7092,-12.439,0.81505
19.292,-3.7555,19.495,6.9599,14.33,8.2444,17.348,17.013,3.8926,-2.575,17.495,-2.7844,1.3424,7.5926,17.689,14.152,6.4835,-38.522,-33.203,22.105,25.657,-39.203,-30.877,9.504,-2.225,-1.0997,2.6123,-2.3721,-8.4578,-13.685,-32.436,-21.201,1.7187,5.6025,-0.47848,3.975
21.513,-2.2885,20.208,5.9702,7.7217,-1.2945,6.1802,15.217,2.728,-15.715,0.81912,-0.46635,-3.5252,8.126,12.521,6.3174,-1.8842,-41.208,-73.613,-27.625,1.4235,-30.023,-32.532,0.42288,-3.3348,-0.13808,-4.084,-6.9685,-7.2345,5.3376,-5.0947,-13.744,-4.1143,21.511,13.465,0.62736
20.09,4.4327,27.611,5.8828,11.025,-7.959,-11.659,4.7909,-0.1265,-8.2158,2.3532,-7.0592,-4.6316,14.91,1.1636,-3.6874,-22.187,-22.111,-50.815,-27.655,5.2823,26.449,9.3026,13.435,-2.9191,-7.7301,-14.954,-9.116,-3.3603,20.268,28.833,6.2815,1.9967,24.224,19.9,0.87268
18.126,1.2315,24.323,8.3801,7.4616,-7.296,-11.403,-3.9304,-6.3681,-5.5402,13.201,-0.49458,-10.877,1.8141,-12.504,-12.305,-14.747,12.497,19.737,7.7256,20.279,59.988,35.011,4.7322,1.3873,-8.9073,-14.553,-7.5535,5.7296,19.963,33.619,12.702,-2.6995,5.0191,8.9826,-3.5105
18.67,1.9393,18.02,3.9112,3.3663,0.18977,0.73244,12.759,11.082,5.562,15.955,3.9472,-9.5775,-27.902,-44.57,-22.117,-3.8865,35.967,64.287,35.837,26.212,36.91,34.85,11.713,4.462,-4.3958,-1.9212,-0.62086,12.408,6.5288,7.503,-6.6184,-18.774,-14.712,-6.3323,-6.8607
16.785,-0.13472,18.752,0.80351,4.1776,0.87959,9.8529,15.096,7.2634,7.39,11.524,-3.6035,5.8843,-15.005,-37.375,-22.236,17.613,29.571,36.932,4.1413,-22.539,-10.158,-0.39261,-16.268,7.2755,7.4273,12.805,6.0926,9.2667,-7.443,-18.716,-21.408,-18.88,-18.537,-12.991,-0.47271
15.972,-8.8351,8.1118,-1.3873,10.723,5.9365,9.8565,13.196,6.164,3.7743,20.617,0.3516,9.2981,1.3402,3.9929,-1.8264,23.672,1.9962,-21.898,-58.955,-67.178,-12.04,-4.6571,-10.368,4.2011,14.513,26.442,8.3246,4.3683,-12.222,-25.516,-18.253,-5.174,-6.2249,-10.71,3.6177
22.417,-0.88373,10.589,-0.088418,12.59,4.616,2.5008,-2.0782,-15.179,-9.7255,10.674,-6.831,16.063,24.33,27.242,8.0128,17.808,-7.7331,-30.749,-51.921,-27.424,-8.224,-10.19,13.409,-2.5971,3.5726,20.533,4.0191,-3.348,-7.3364,-11.913,3.8994,22.31,5.204,1.2296,6.7463
20.503,2.9839,24.097,3.444,10.996,-0.68032,-6.5406,-8.131,-11.286,8.0996,14.051,0.37699,6.3389,24.995,55.333,4.3817,17.858,-6.4934,-29.451,-27.399,2.785,4.8186,-13.801,14.963,-5.8453,-6.5909,3.3088,-3.8635,-8.4748,-4.3437,7.4469,22.717,29.001,1.9101,1.5035,-4.3028
22.551,6.1206,24.38,2.3942,12.945,0.32146,2.6769,-0.20085,2.2763,1.1153,9.7117,3.0884,-5.6216,-8.9695,39.622,-5.2441,3.7804,-2.8665,-18.856,7.8607,54.029,7.432,10.327,4.7979,-6.7017,-11.405,-8.4416,-6.5448,-9.3592,-3.8662,14.565,17.253,7.3701,0.62502,-0.58628,-17.615
19.074,0.1604,28.883,-0.43783,19.475,4.8371,-4.957,-1.442,-1.171,0.76315,14.198,2.8732,-9.0861,-14.965,14.346,-14.515,-11.689,-22.156,9.3898,24.74,37.101,-10.318,-7.3981,-27.576,-1.0387,-5.0587,-14.649,-0.58229,-6.1796,0.84771,19.172,9.627,-10.945,-2.9313,-2.4639,-17.764
20.32,-3.9567,28.007,-0.76952,10.241,0.42402,-7.719,-1.4924,6.7782,-2.3413,15.765,-5.6801,-9.7334,-12.713,5.5271,-15.263,-14.215,-19.233,22.657,8.2758,-7.732,2.4693,-16.323,-53.395,2.513,2.2053,-7.453,5.0148,3.4851,5.7584,14.251,2.367,-20.76,-4.2964,-3.4577,-3.6933
17.075,0.5401,29.457,-2.2318,6.5039,-11.809,3.3522,4.8848,5.0134,4.6689,7.326,-9.027,3.2013,1.5737,-0.8665,6.4796,-4.0424,5.9285,45.651,20.528,-21.062,-7.3564,-12.795,-44.76,3.0698,-1.6571,1.7941,8.8024,6.7188,8.9341,-3.8532,1.7081,-7.4046,-7.507,7.325,15.161
18.684,-0.42571,26.857,-4.3401,12.323,-0.97188,9.8506,0.7736,-4.6819,0.39711,4.9861,-17.659,0.79952,-6.2122,9.9637,9.3324,17.383,11.884,34.267,21.802,-20.688,-15.531,-4.2626,-5.0769,1.1117,-5.4225,6.3661,9.2281,2.3906,-2.1771,-21.424,-0.46503,7.8392,-10.805,9.3923,20.798
21.493,-0.81828,29.025,4.5873,16.412,8.4993,9.0839,7.689,-5.972,-4.2843,13.189,-13.517,0.99651,-26.501,21.098,17.199,6.1065,6.9565,-15.681,26.518,6.5561,-38.853,23.197,24.071,-1.3522,-4.4244,3.521,-0.67641,-1.0407,-10.36,-22.461,-14.301,8.0636,-1.9514,3.9202,7.748
18.511,-6.3837,33.205,0.48713,13.978,-3.7885,6.5485,8.0063,1.9267,-5.6302,10.702,-5.9734,-3.0724,-25.788,26.375,25.518,-7.3362,-30.633,-53.799,2.9559,17.655,-35.808,12.642,16.178,0.91219,2.8759,-8.3775,-6.3383,0.95613,-6.858,-6.1162,-27.528,0.299,7.6039,-5.8373,-14.403
17.66,-9.7314,36.832,3.9541,8.7297,-6.9228,-2.8373,14.527,4.9872,-11.744,16.067,-2.8344,-1.6236,-10.76,8.5328,-4.9953,3.1135,-24.612,-22.621,-41.556,0.084188,-6.9751,-1.647,-16.647,2.4332,8.605,-19.16,-11.319,5.9698,-1.8193,14.143,-26.488,-8.9777,15.654,-15.791,-20.295
19.064,-8.8633,36.141,8.7355,12.496,-8.5773,-11.088,-1.1676,-1.3339,-13.777,9.8687,-14.912,6.6706,0.29665,-25.641,-11.262,23.66,-6.6221,7.1558,-81.802,-15.957,6.5498,-21.027,-56.732,2.2632,8.3142,-20.011,-8.9994,2.0169,5.6229,18.867,-1.453,-8.3341,12.09,-12.027,-4.9708
20.405,-4.9585,31.824,-2.0346,18.71,-1.4123,6.5916,-8.5021,-4.2996,-3.6984,12.782,-17.372,8.291,3.4813,-48.692,-21.004,20.457,-14.145,24.557,-63.545,-21.526,18.238,-38.924,-40.949,-0.5808,6.1895,-9.4141,2.3246,-6.3736,6.7903,-1.2756,21.734,-3.9224,-0.40758,-9.1934,10.679
20.474,-8.6218,22.889,-2.1494,20.818,-9.8548,5.412,-21.38,-1.4087,-6.378,1.8301,-27.071,3.2862,8.6621,-45.066,-11.475,-5.9233,-7.7515,16.948,6.6852,-13.21,12.037,-28.855,3.4749,-4.119,6.2097,8.8948,5.5417,-7.0559,11.273,-13.665,32.017,2.1934,-1.6945,2.2222,22.364
21.101,-8.1115,19.112,-1.1056,14.798,-13.357,1.1914,-7.1388,-5.7384,-6.3244,0.62367,-17.23,-2.8355,16.005,-28.825,6.7341,-13.963,9.9045,-33.895,22.871,-20.901,-11.757,-43.7,6.6428,-4.8989,4.4642,20.581,5.777,-2.5497,13.924,-10.416,19.98,8.5264,-0.1737,13.008,16.567
20.36,-2.9557,19.964,2.5337,11.491,-6.4808,0.085869,1.4934,-7.2196,-6.4455,1.5204,-13.245,-8.3612,25.083,8.8994,2.5776,5.5904,37.72,-31.942,35.077,-5.3026,13.074,-7.5285,31.293,-3.668,-2.4093,16.973,-1.037,-3.5463,2.8396,-0.19585,3.1132,12.814,0.94017,14.557,10.655
19.044,0.21081,18.874,-1.0091,16.392,1.853,-7.693,-8.5032,-11.845,-9.5429,-8.913,-20.963,-10.38,17.592,27.233,0.85448,1.9517,32.739,-3.0751,22.161,17.152,16.851,15.45,27.978,-0.65616,-8.1829,8.6331,-3.6259,-12.884,-11.94,6.866,-0.2415,14.358,-0.73935,14.82,10.224
17.322,-0.24122,27.457,-0.90891,22.816,1.4003,-6.1169,-3.1591,-1.0068,1.7684,2.8342,-9.5575,-11.282,-4.1776,11.768,-13.72,-31.612,-4.971,0.55844,22.606,31.835,2.4342,14.357,46.084,2.8418,-9.6564,-4.2989,1.0629,-19.48,-18.016,-0.90115,-6.9656,0.72386,-7.6132,5.3373,0.57234
17.43,-0.67302,28.981,1.0429,10.111,-0.92748,2.7552,6.2682,-0.26879,-2.0061,7.692,-5.0844,-4.6559,-10.279,12.906,-3.2469,-59.779,-28.449,-15.816,27.899,32.319,-10.133,19.456,50.366,3.3023,-3.9531,-7.0917,10.041,-0.46244,-6.3498,-4.963,-7.887,-8.9143,0.78214,1.9062,-3.8
15.526,-4.6026,20.793,-5.3521,-1.1748,-7.5761,-4.859,5.4108,2.9099,-8.9968,0.39643,1.8574,2.9862,-9.2632,-5.4319,9.9427,-60.945,-21.768,-30.078,-2.6195,-9.2669,-11.5,17.155,22.961,2.3054,5.0401,-3.8972,14.273,22.783,10.614,8.7531,-4.157,-10.704,10.418,-0.27462,-13.146
17.614,-2.7482,28.659,-0.41088,-1.5024,-7.8834,-16.23,1.1615,2.3565,-9.227,2.0339,-1.4878,-1.0023,0.3687,0.37397,39.228,14.306,9.3887,-12.572,-4.6609,-6.8685,27.728,23.582,20.54,-0.67965,6.9562,-3.0327,5.6469,28,14.521,24.968,-0.53438,-5.8839,10.458,-8.6685,-19.195
18.723,-3.8352,24.903,4.7893,-1.8502,-6.0057,-11.663,-1.9155,-6.9529,-0.37094,14.241,0.12452,-1.5815,15.699,-1.4523,36.409,45.262,29.181,42.702,18.101,-2.092,35.595,10.921,-4.7305,-3.0735,4.3811,1.3301,-9.6819,11.453,3.9356,20.067,-0.97931,-0.47851,0.47665,-15.999,-16.978
15.33,-0.87237,27.114,15.586,17.602,2.9817,-0.12863,7.6009,1.2283,7.5451,12.561,6.0521,-5.7704,12.021,-4.2472,11.755,27.116,18.68,72.634,14.867,-0.68738,18.61,-20.77,-31.764,-0.34951,-2.1011,0.12306,-20.914,-17.567,-7.2805,-0.52446,-13.922,-10.226,-11.104,-12.583,-14.917
15.877,2.3088,20.84,4.8535,11.904,1.582,8.4415,11.242,2.428,0.41482,0.59323,-4.2778,-9.9973,6.8166,3.529,-24.73,-10.084,-6.7357,27.654,-17.28,-14.75,-4.5573,-40.664,-35.778,1.4158,-8.2982,0.00098911,-13.598,-19.769,-8.3695,-21.147,-14.456,-10.287,-8.5375,-0.8023,0.9424
16.152,0.19005,28.567,5.4343,5.1784,-2.3371,10.035,2.0163,-2.6776,-0.31476,-1.5271,-15.169,1.4581,-5.696,-1.5014,-34.771,-45.858,-9.0553,-7.6701,-56.579,-51.67,-7.7147,-13.539,-38.521,2.5166,-6.6111,-4.5295,-3.0038,-6.4574,-3.4523,-23.756,5.9105,4.1115,-0.99386,12.977,15.952
13.313,-0.95815,25.941,-2.4996,-0.68046,-6.7141,-2.9182,-7.7632,-12.375,1.2803,0.95271,-7.1542,1.8832,-16.934,-2.8202,-8.3172,-17.095,1.2013,-22.88,-18.457,-28.035,6.0704,3.2939,3.3599,1.9659,-3.4751,-7.1837,6.2437,11.464,-0.89321,-9.7642,20.58,16.804,1.9142,14.209,13.571
17.341,-2.0869,23.812,1.8776,0.96491,2.6021,1.7162,-11.186,-17.205,3.255,5.6118,-11.77,0.87219,-9.1598,-23.72,-11.471,-1.6651,-2.55,-20.879,45.008,26.513,8.327,22.137,28.426,-0.76079,0.53994,-3.5668,2.8677,20.434,-2.8485,2.075,17.983,19.537,-4.2427,0.5374,1.8548
16.224,-5.0197,21.807,2.4733,5.4634,-0.28694,1.161,8.6147,-4.3258,1.6652,-1.3293,-4.2971,0.12538,-8.8272,-21.28,-5.1613,25.14,-14.454,-14.563,34.825,30.178,-3.0072,12.542,-1.3946,2.6457,2.2914,3.4444,-1.9729,14,1.1661,13.415,-4.7356,10.572,-15.581,-5.4262,-12.29
15.132,-2.3591,18.774,-2.7876,1.2739,-6.8257,-2.4444,16.331,6.5542,3.6563,10.682,-2.3842,-1.4669,-7.0497,-10.105,-22.01,35.192,-15.47,-1.4535,6.6932,16.907,-24.389,-15.476,-26.87,7.3415,0.85486,9.2486,2.3563,5.4641,8.7873,20.741,-18.707,-1.909,-18.733,-5.0084,-4.7408
14.48,-5.2357,17.82,-2.7477,11.735,-9.2275,-8.1192,-4.1095,-9.1658,-0.42395,4.6883,-12.545,16.282,-6.5322,7.5947,-12.912,34.474,13.492,34.484,-22.977,29.629,-55.478,-5.0308,-30.442,8.3732,3.6982,5.7039,6.4891,-9.5462,8.2918,15.818,-8.0139,-1.1263,-8.2171,4.5903,16.599
17.48,-5.5037,20.753,-6.517,15.425,-0.66275,5.6296,-1.4775,-6.3315,-7.8952,-5.1349,-21.081,29.502,-6.033,8.0858,4.186,20.988,27.413,58.3,-19.626,17.242,-59.102,5.8808,19.246,3.4362,6.3784,0.74899,12.411,-17.39,-1.5931,-6.8873,-0.85248,-8.4058,9.8551,10.234,25.492
23.191,-6.7135,24.614,-2.1181,15.625,3.3775,14.366,6.0305,16.932,-20.298,4.0639,-10.169,26.507,9.1554,-1.8564,14.186,-15.49,5.5627,34.653,7.9151,24.379,-26.737,24.815,58.543,-7.7127,6.86,-0.097291,8.8162,-14.592,-8.0315,-22.875,5.9601,-20.97,29.646,4.7843,13.032
25.528,-4.6367,19.42,-1.0094,9.823,0.57848,15.463,1.448,2.1262,-15.958,13.935,6.0511,10.602,16.999,-1.6348,26.496,-26.776,-19.471,-35.975,-13.015,-22.496,10.515,20.772,56.096,-14.645,2.1386,4.6489,-0.4271,-8.7109,-4.5009,-18.688,8.904,-15.822,26.863,-2.0606,-12.329
23.71,-1.0915,17.559,1.5916,6.7909,-7.0667,4.2906,-1.6147,-1.2051,-9.7611,7.5608,3.1606,-12.832,16.252,11.969,20.014,-14.603,-3.2234,-32.753,3.5181,-55.352,57.942,11.445,16.293,-13.82,-9.1583,2.7563,-13.501,-4.4867,4.1397,-3.4253,8.8787,-3.8279,11.357,-6.7335,-21.658
22.521,0.18455,23.464,4.876,6.4542,-5.1762,-7.32,-4.1625,-8.5113,-7.9061,3.5026,0.30195,-24.052,1.1115,24.418,-0.86338,-23.009,9.3017,-1.4358,27.092,-22.002,32.873,2.2624,-21.275,-7.2957,-16.356,-5.2974,-20.061,-3.1543,7.6724,8.2138,10.097,13.236,-3.336,-7.5919,-14.101
18.278,-0.99806,28.577,4.9462,10.008,4.6431,9.3812,10.595,-5.4256,4.6471,15.003,0.85167,-25.268,-28.692,-1.1014,-39.639,-39.806,11.875,0.25687,32.255,4.9924,18.869,0.40217,-11.062,3.1248,-12.77,-9.6405,-9.7718,5.1876,2.1982,-4.9862,-2.1358,18.23,-15.04,-9.4115,-2.9294
16.217,-4.1277,26.12,-3.1184,-3.2901,-0.6256,12.2,8.8894,-6.7643,-6.7251,11.345,-3.4317,-19.659,-42.307,-21.587,-43.984,-29.945,11.342,-11.41,23.102,13.511,13.372,-11.666,-0.73077,8.9876,-1.5639,-5.1437,12.04,25.042,2.8668,-9.5756,-9.324,8.7224,-6.1304,-2.4319,3.7432
14.227,-13.282,15.68,-14.231,-8.2401,-3.4047,-5.3409,7.9866,0.4176,-0.9173,3.8406,-0.50354,0.59562,-25.89,-13.231,-7.2845,14.803,6.7473,-52.697,-5.1658,18.042,-7.5084,-28.648,-8.6262,9.8948,11.404,9.9881,26.525,32.466,1.1372,0.51826,-14.22,1.324,-4.6433,7.2506,-0.23602
14.717,-14.827,19.119,-7.5278,0.60543,4.5187,-5.6641,8.6926,-4.6772,1.5621,3.2505,0.61417,7.9542,-8.1089,4.7646,43.161,74.893,26.199,-22.837,-0.81733,15.085,15.41,4.628,-3.7764,6.2055,13.682,13.233,15.002,11.343,-7.5226,5.513,-16.066,-2.0501,-2.5916,11.177,-2.9599
19.326,-8.5934,25.461,3.5087,15.462,5.4446,-8.0352,8.1104,2.5521,-3.2507,4.7257,-5.4844,10.399,11.228,35.663,49.412,70.105,10.132,8.5615,-26.884,10.825,-5.367,28.508,-10.719,-1.0372,4.0339,2.322,-6.5287,-18.502,-12.735,9.3232,-7.7799,-5.5704,-3.6783,0.72047,-6.0508
17.645,-10.526,23.611,9.5925,22.306,8.0494,2.1284,8.4189,-0.28884,2.1463,13.217,-2.8295,6.4665,7.5438,20.131,2.678,-0.88231,-27.963,-14.475,-46.367,6.8695,-0.65706,15.64,-14.484,-3.0856,-2.7601,-9.4449,-17.037,-29.157,-10.743,3.3167,5.9543,-1.2705,-3.8064,-14.592,-9.7474
17.963,-9.8181,31.265,1.9151,15.962,-0.10424,-4.9564,-5.3186,3.636,-3.8929,13.112,-4.1413,-3.8465,-13.547,-9.3047,-19.687,-39.819,-29.844,-10.262,-21.29,-5.7015,-17.867,-30.552,-33.526,-1.3999,-2.6682,-17.724,-8.2671,-12.76,2.7071,7.0809,23.15,-2.7715,4.4263,-10.962,-1.2693
18.632,-10.443,26.282,-5.392,-0.086001,-6.6884,-14.441,-7.7766,-1.7844,1.5547,6.8775,-7.2994,-0.35124,-9.5215,-19.976,-7.474,-15.931,-7.526,3.1579,26.157,16.996,2.6274,-38.801,-41.11,1.6619,5.0778,-10.26,7.3323,11.871,15.906,15.056,19.55,-8.6394,1.3164,3.8115,9.1489
16.91,-15.409,19.474,1.1576,6.7481,-2.1087,-4.8815,5.5629,0.44911,-11.888,-7.3807,-20.013,6.8087,6.4202,-32.904,13.152,13.827,13.449,35.15,52.604,-8.0956,15.122,0.91945,-3.7527,3.1054,13.594,3.0295,11.776,17.063,15.155,7.9919,-3.944,-14.755,-3.5414,16.839,22.182
17.996,-12.492,19.519,6.2342,18.947,5.2887,3.6699,16.057,9.8028,7.4577,4.0624,-15.449,9.4482,22.949,-19.37,22.92,31.648,29.921,38.101,14.438,-35.13,-10.57,18.962,16.374,-0.47434,10.687,13.03,8.0491,2.8705,1.603,-3.0825,-16.999,-12.977,-12.369,9.869,20.559
21.685,-5.5837,18.195,2.678,13.359,0.6317,3.5633,9.0666,-6.2054,0.71673,14.979,-1.943,6.7807,38.187,5.5398,23.996,21.707,27.209,12.227,-35.151,-53.414,-28.975,24.762,48.644,-4.1092,2.6335,18.058,-0.6118,-8.7419,-8.7907,-10.047,-10.984,5.8326,-4.8165,-4.0157,3.7164
20.968,-3.881,17.236,5.3079,12.433,6.902,0.38716,-2.3096,-16.022,-10.033,5.1785,-8.1474,-2.709,28.028,25.953,27.35,-5.5187,-6.3915,-0.79278,-14.961,-25.231,-37.171,-1.3772,35.489,-5.9746,-6.1685,14.22,-11.614,-12.964,-10.096,-10.32,9.7969,19.535,10.589,-4.8514,-8.6821
18.814,-0.62026,23.385,13.619,20.859,10.689,2.8731,-2.8292,-13.346,-17.63,4.4422,0.65864,-7.6588,17.048,34.722,7.8784,-11.299,-12.348,4.3625,12.383,16.118,4.3404,-8.9898,5.2718,-7.7256,-18.22,6.4803,-19.538,-10.402,-4.1077,-8.2845,18.184,20.596,13.753,-5.4855,-16.383
18.077,-0.95963,29.901,14.439,12.438,-2.936,3.6186,14.524,0.75744,-1.9543,8.6421,0.99481,-13.205,2.6762,37.138,-27.09,-16.67,-0.78135,-9.5685,39.655,27.781,25.716,11.581,-5.3509,-7.1716,-23.557,-1.3932,-17.968,-3.1506,2.3847,-10.944,-3.8676,0.43974,-1.4011,-3.6323,-7.4245
19.301,1.4799,29.224,2.0517,7.707,-0.62346,4.1289,6.8414,-6.5364,-1.1522,8.7522,-3.8782,-26.599,-40.237,32.349,-46.473,-24.73,3.8658,-24.808,28.46,23.058,8.3458,-9.1444,-12.852,-4.2498,-21.99,-6.8719,-2.4588,-2.4054,-3.5678,-9.3456,-23.535,-13.548,-10.114,2.9357,7.2285
14.122,-3.593,32.886,-2.4537,10.674,12.168,-5.025,12.683,-5.5366,-5.4139,8.8138,-8.5545,-29.097,-61.116,20.174,-35.315,-14.556,-2.5749,-40.927,-42.337,-26.502,-46.179,-19.461,7.428,2.9951,-8.1033,-9.5319,14.898,-0.30815,-11.416,2.8101,-29.039,-6.58,3.2749,6.9025,13.017
7.4921,-19.422,38.067,-1.1717,9.3757,5.0705,-5.2092,12.322,1.3304,-11.728,-0.21583,-0.99264,-20.962,-61.007,8.8447,-0.30359,-24.383,-29.291,-26.686,-64.297,-24.483,-10.283,21.21,35.025,11.973,15.368,-8.0359,21.702,3.904,-10.813,11.873,-10.975,9.4574,19.74,16.972,9.0617
9.4335,-21.067,35.566,-1.6067,4.3257,-7.0704,-12.176,-9.3845,-16.427,-19.756,3.3954,3.266,-1.0482,-27.456,1.2306,24.315,-18.384,-41.284,5.4209,-59.163,18.651,51.404,30.916,35.798,14.799,23.424,-5.7413,14.054,10.36,-1.5274,17.797,20.192,26.284,19.101,10.613,-7.2613
11.165,-20.287,32.306,1.4764,-1.3106,-5.6497,-5.6388,-14.273,-13.333,0.87738,22.066,7.724,19.24,19.773,1.6412,32.22,-3.2963,-30.845,11.381,-18,47.768,58.252,50.526,18.272,10.814,17.254,-7.7668,-1.9767,18.719,10.57,11.301,31.762,17.541,-5.7856,-4.5128,-18.699
11.762,-16.888,36.381,8.3796,6.8246,-3.1142,-2.0997,-3.6011,11.12,13.986,13.131,4.9863,24.795,15.614,-4.9311,18.693,26.699,-9.4349,29.024,35.473,68.793,15.058,18.947,-20.502,1.7454,3.6409,-11.756,-13.871,14.788,20.045,-1.7248,22.886,-13.638,-25.818,-13.367,-16.544
15.948,-11.625,38.48,9.9453,6.4781,-12.33,-4.5569,0.43023,11.441,0.52736,20.179,7.2832,20.187,3.727,-26.908,-7.3761,46.67,7.6338,18.016,47.195,38.15,-21.038,4.6298,-30.319,-6.8469,-3.8331,-11.269,-17.81,-0.83845,21.48,-10.929,2.4587,-29.94,-13.481,-17.851,-4.4586
19.439,-17.591,30.014,3.5054,13.781,-8.4477,1.7955,1.0005,5.5828,-12.052,13.813,-6.7647,7.2056,-1.2278,-43.274,-25.241,30.573,39.701,-6.5207,22.67,-44.731,-38.041,-12.971,-22.625,-8.1971,4.8714,-2.0904,-9.6269,-17.715,14.524,-13.562,-11.387,-24.162,10.233,-11.371,9.0331
17.419,-18.072,22.036,0.2255,18.546,0.83392,1.4216,7.0234,8.5114,3.3775,24.04,-1.5599,-6.2001,9.0284,-35.534,-34.862,-9.4255,51.99,-25.491,0.69579,-45.172,17.396,-22.773,-2.9599,-4.5151,11.166,10.971,2.8953,-22.626,3.1426,-6.9756,-14.142,-7.3491,11.278,-10.013,7.8986
14.629,-14.279,22.967,0.61908,16.077,10.154,-8.3493,4.4374,-9.7806,-6.4597,4.7151,-1.9046,-2.9971,37.32,-11.07,-15.698,-33.828,41.007,-17.032,1.7858,-10.356,47.004,-24.207,10.984,-0.55048,7.9549,16.48,9.4503,-12.404,-11.032,3.0449,-6.9141,8.302,-2.6425,-2.044,5.5051
15.253,-8.7665,24.236,-6.0428,0.61726,4.3639,-12.23,-0.94034,-3.4635,6.429,13.342,3.3732,2.7126,40.282,11.845,2.3291,-34.261,22.693,-11.607,-13.071,-15.783,-7.1704,-39.816,-7.6302,0.93955,-2.1406,14.243,14.67,6.0745,-15.287,8.3262,1.4642,3.6892,-26.396,3.8729,5.2716
19.024,-3.5836,23.379,-1.2095,5.8318,10.291,0.10523,5.8753,6.3923,9.9243,7.0586,-3.7393,-0.0031623,22.92,15.436,3.4151,-19.027,-0.81185,1.7616,-5.017,-17.916,-38.97,-14.669,7.236,-0.79595,-12.897,5.3917,13.896,17.708,-10.829,7.0684,2.5777,0.49993,-22.036,9.3147,8.2113
16.578,-3.2784,27.752,2.3044,6.5385,12.112,-8.609,-0.23079,-7.4666,-8.3998,2.9604,-4.4576,-2.9994,5.5254,22.427,28.929,13.546,-3.5382,6.7425,11.418,-22.946,-71.599,-8.177,25.272,-0.45489,-12.409,-2.7922,13.96,21.794,-2.4364,11.144,6.8426,9.5839,11.367,17.341,6.1181
13.965,-5.5629,28.927,-1.8469,3.6034,5.8741,-9.2791,1.5742,-16.737,-18.53,2.5713,5.6288,-4.1209,-9.7853,10.597,40.481,30.807,-0.020135,9.1354,2.43,-4.2751,-30.96,6.5472,35.59,0.97702,-5.6182,-7.099,10.7,16.761,3.8763,9.7073,3.584,14.472,32.023,12.663,-6.0117
16.283,-5.0141,32.676,8.7406,8.5047,4.8032,-4.1668,6.9192,-3.3717,-15.143,11.497,11.325,2.497,-5.4089,0.30296,53.595,49.792,10.116,40.426,17.419,25.316,45.658,36.281,8.7836,0.15456,0.75535,-11.929,-7.5624,0.27851,-2.0688,2.0003,0.48474,6.4277,28.944,1.0931,-17.166
17.111,-7.6084,26.215,15.813,20.252,13.935,2.4518,3.5152,2.2072,-2.1839,6.064,6.1642,2.1338,0.29592,-8.9972,44.581,46.654,11.742,33.457,9.9027,30.315,62.516,26.416,-14.578,-1.3852,4.8612,-8.3575,-21.56,-12.345,-7.0831,-7.1874,1.7164,-10.537,1.1766,-8.3293,-17.27
16.254,-4.9601,29.259,20.272,23.11,13.139,5.7384,7.5083,-4.2809,6.256,19.355,-0.3335,-5.3539,4.2615,-27.423,-10.933,7.0154,-19.764,4.5833,10.105,-8.102,26.384,-12.646,-35.476,-2.6229,4.1562,-3.2408,-29.807,-18.354,-8.3207,-8.5951,2.3277,-12.301,-20.245,-13.135,-9.2283
15.046,-5.442,26.136,14.678,19.628,7.5772,2.4966,6.231,-1.1249,2.0278,11.85,4.169,-7.1214,9.6857,-17.327,-35.053,-9.5281,-20.496,-8.8805,14.669,-40.249,-15.44,-10.636,-28.632,-1.1567,2.5446,4.2496,-21.579,-15.825,-4.7678,4.3377,3.79,-4.4862,-18.092,-3.1284,-2.2327
14.638,-3.9666,19.004,3.8416,12.325,-1.8995,-1.8975,10.614,-5.7566,-4.0568,2.2806,-5.4155,-5.9897,10.677,-11.736,-55.625,-13.889,-15.369,18.619,26.674,-0.90818,-16.59,-10.868,-30.331,0.17523,-3.2421,11.585,0.82032,-6.9396,5.1888,10.935,-1.2397,10.365,-6.2315,5.7507,6.072
14.358,-3.2623,22.68,6.5012,20.881,11.207,1.8296,9.2969,-17.18,-4.7472,9.2831,-5.6109,-3.3316,9.8113,4.407,-40.969,-22.021,-14.294,48.127,20.568,4.2871,-6.4574,9.8844,-28.314,-0.00765,-8.7924,8.0996,12.929,-2.453,9.2706,6.7675,-2.0158,16.964,-0.33451,-3.328,6.76
13.603,-0.71144,25.119,-3.4521,15.539,3.6403,15.381,19.312,3.2923,1.3485,15.204,-10.609,-6.3726,-12.012,19.633,-3.8735,-21.436,3.0794,30.756,0.9576,21.454,-9.2641,5.8472,-5.2749,0.893,-10.409,2.5426,21.221,4.2324,13.183,-9.2822,-4.1204,8.4324,1.0884,-10.014,10.404
13.898,-2.1639,25.282,-2.1596,7.0102,-2.3397,17.921,12.166,-3.5058,-3.9035,10.331,-7.3914,-6.9682,-22.932,7.4866,3.7164,-18.019,16.633,18.888,17.449,33.388,-20.775,-35.633,-7.3602,1.5937,-7.1312,-4.4462,16.329,8.162,12.624,-17.615,-3.0186,4.2876,6.153,-5.9933,14.012
11.682,-10.522,27.519,6.2353,8.5418,6.4134,5.4349,9.6584,-1.8665,-9.1107,4.6804,-7.1627,0.29361,-24.997,-0.56291,28.139,5.2725,35.081,-13.173,7.6321,26.704,-3.9895,-38.177,11.213,3.7649,2.7797,-7.8153,7.7239,6.5496,1.3519,-14.708,-7.4139,-2.8971,15.066,6.2517,11.464
11.834,-9.8233,25.223,3.5157,15.369,18.137,16.247,22.848,2.0938,-9.9052,-3.2717,-11.014,1.3038,-19.352,-7.7264,24.671,5.4352,32.824,-17.983,2.138,23.1,21.67,1.9299,33.501,4.8109,7.8587,-5.8023,3.1687,2.0178,-9.4468,-10.578,-17.396,-9.5459,17.5,17.361,2.8166
14.782,-9.3801,24.867,7.7797,13.995,10.942,9.6319,17.787,13.844,2.3546,2.917,-3.1914,8.3159,0.096549,-11.838,24.269,-0.4155,1.7433,-24.349,-28.457,12.112,44.844,18.324,31.613,3.1472,8.3781,-6.0933,-7.781,-1.9524,-11.589,0.35129,-12.194,-13.895,0.27282,6.369,-11.323
13,-12.411,22.744,9.4039,7.0009,11.808,6.8306,9.1703,0.18889,1.199,12.177,7.3734,13.075,3.8145,-15.888,21.495,-5.0863,-13.932,-28.415,-51.487,-7.0458,42.308,22.923,-3.4777,2.9514,8.2243,0.031519,-12.286,-0.5511,-7.0846,3.7363,-1.0158,-6.6065,-15.487,-14.949,-22.221
15.257,-9.1797,22.84,15.425,12.518,10.45,-2.0313,2.269,5.1419,7.7591,6.1179,-0.54976,10.144,5.3106,-26.949,-9.1779,0.77119,0.51166,-6.2008,-26.523,-27.699,-12.944,-16.829,-26.913,0.20269,4.3176,7.0739,-14.637,-1.4849,-0.46616,2.5284,8.1452,-0.51865,-21.186,-14.111,-9.0747
18.135,-8.0162,18.293,10.44,13.565,11.417,7.8711,4.864,2.9221,8.5463,6.5895,-14.074,15.147,19.162,-0.013067,-20.036,2.0864,-1.9827,-8.3757,-3.908,9.9736,-26.869,-55.241,-48.341,-1.3935,2.3696,11.198,-9.7087,-2.6093,1.3464,-0.31814,9.906,1.6667,-11.601,0.073022,13.209
17.286,-8.922,13.618,2.6725,11.099,11.394,6.0113,6.6788,-1.3719,-7.791,-2.7033,-5.9242,8.2935,14.011,15.595,-28.149,-11.427,-6.5621,-21.726,-11.52,1.009,-26.5,-13.149,8.6715,-2.206,-1.9675,7.7825,3.0211,-3.2788,1.7753,0.68034,5.2671,-1.1666,10.052,22.179,21.583
19.559,-2.9583,27.348,5.7622,8.7538,10.345,-1.3785,5.0114,8.4326,-4.4603,-11.033,-14.11,7.033,11.313,18.83,-17.563,-12.034,-3.6632,-22.243,-9.4583,-13.066,-8.9201,21.449,44.777,-3.8,-7.2251,-6.2813,5.6215,-2.1005,-0.72248,5.0986,3.7018,-15.522,8.896,27.616,20.067
18.691,-4.7033,26.109,3.6902,9.2106,7.7048,-8.2696,-3.5648,2.8912,1.0123,8.3544,3.804,3.1706,-0.60191,2.5424,4.6908,-8.5624,10.228,4.1343,2.5875,-22.012,28.344,55.722,34.441,-2.0086,-3.8738,-11.629,3.6165,5.9124,-3.7309,5.4319,6.941,-10.712,-0.80294,4.3871,-0.42856
20.948,-4.4692,21.463,1.1501,8.4921,11.43,3.8903,5.2567,-5.7426,-0.31541,11.785,3.4504,-1.2917,-9.6571,-24.894,-8.3487,-9.8481,-13.99,4.1868,7.5475,-56.127,-9.8107,48.406,39.11,-0.9252,2.2858,-7.4462,1.7176,13.085,-3.9783,-2.1998,6.6572,5.1264,-5.6077,-12.029,-7.8109
18.177,-8.4675,17.833,7.324,6.9487,15.965,5.444,7.85,-5.2905,4.3086,13.749,2.5163,2.4126,5.1263,-20.69,-14.673,17.043,-20.053,-7.7814,14.682,-31.02,-30.07,-4.6919,9.3621,1.4354,9.0424,3.7732,2.5765,12.282,-3.8661,-6.2099,6.7643,22.106,-1.6847,-20.768,-10.471
19.17,-5.9048,19.04,-0.229,4.9607,-0.78079,-6.1419,3.0778,-15.54,-11.014,10.473,6.0889,2.786,19.878,-6.7851,0.70727,40.59,-8.4138,-27.284,17.78,17.069,-7.7515,-8.4882,18.262,3.2711,10.244,13.62,12.57,2.8471,4.6145,-0.14437,6.4651,31.126,13.696,-14.901,-15.021
20.787,-1.4224,16.975,-2.9569,19.498,3.7837,-7.1442,4.8657,-7.7199,-8.6732,6.6644,7.1658,8.3088,29.843,12.354,13.045,27.626,-11.89,-11.18,31.292,51.917,18.891,-19.671,-7.4886,1.5767,4.0531,14.182,13.65,-12.721,5.514,10.155,3.9976,15.014,9.4781,-2.821,-12.378
21.036,1.947,18.499,6.6441,22.513,13.314,-3.4576,15.639,4.0067,2.2998,11.083,10.257,12.116,29.204,26.684,40.642,-0.90421,5.0006,5.1641,31.568,58.034,34.191,-18.61,-27.569,-1.6842,-4.845,5.9602,2.1496,-17.38,1.626,10.705,-5.0904,-9.6581,-9.2907,-0.50734,-11.397
21.398,2.5281,24.28,10.41,11.986,2.9726,-1.488,17.215,10.895,7.0973,3.6082,-3.3118,5.631,20.729,33.487,33.61,-25.817,0.80955,26.77,27.776,23.569,-3.6499,-13.736,-29.61,-7.0088,-12.735,-7.9829,-11.571,-7.9728,1.8134,0.47045,-13.809,-25.527,-21.305,4.7255,-2.0769
24.923,6.7217,28.73,13.409,8.2646,2.125,-6.388,12.687,4.1695,-1.8038,2.6961,-2.4566,-4.296,0.20974,12.45,1.173,-19.591,-6.6337,7.264,-5.9134,-17.047,-42.935,-13.993,-27.662,-8.9451,-13.585,-14.162,-17.907,-1.4378,-4.8304,-6.1503,-13.366,-17.657,-9.8989,6.6863,4.5162
21.659,6.5547,28.603,10.466,13.713,9.7829,7.706,20.23,3.9832,-8.4464,3.99,-1.2827,-18.529,-19.334,-20.443,-25.077,-2.8948,2.9936,-9.8774,-19.011,-38.178,-49.073,1.6477,-17.827,-4.6449,-7.8862,-9.8258,-13.601,-3.7035,-6.9309,-10.401,-12.667,-1.6519,11.192,4.691,5.7801
18.758,0.038577,22.562,7.2028,11.854,6.5919,-4.4226,11.175,-1.0612,-11.396,3.8959,-4.5888,-20.53,-18.688,-17.161,-19.55,-19.554,-20.243,-7.2638,-11.867,0.62176,7.4074,7.1299,-10.88,1.4493,0.9917,0.91331,-5.2032,-7.7624,-0.55988,-1.2387,-8.3909,4.0002,20.327,2.0995,7.3473
15.216,-3.7975,17.143,0.97457,8.7437,2.236,-7.4093,8.4658,-5.5791,-12.643,3.8322,-11.159,-9.4766,-9.2534,-0.83666,-24.034,-44.353,-27.04,-17.972,-32.58,6.4751,27.138,-0.84206,-9.1008,6.9459,7.2282,8.1599,2.1823,-0.2241,9.5366,4.4729,-7.716,-2.2979,15.922,5.4219,9.5232
17.879,2.554,25.879,8.3794,0.97208,-4.2231,-2.4622,12.635,9.2616,3.9984,6.34,-2.9582,-1.5756,0.12781,7.2129,-25.364,-37.674,5.5839,5.1175,-41.083,-19.373,20.596,-2.25,4.7117,7.3552,5.7198,2.3244,2.0772,13.843,18.564,5.0792,-5.4716,-17.15,-0.42146,11.629,9.5624
17.36,0.67029,26.526,-2.1397,-3.0227,1.6703,-2.26,3.2098,2.0594,-2.5745,2.347,-6.6484,6.7231,7.3991,8.1689,-11.258,5.0444,37.763,6.2965,-42.983,-39.671,23.941,33.447,21.994,4.7157,2.7708,-2.1705,8.3654,18.746,12.213,6.2817,7.0555,-12.479,-5.9186,9.6574,9.1634
16.898,-2.1314,21.477,-3.9222,-1.1,9.6667,-4.4385,-6.7387,-14.567,-6.132,3.5135,-4.4882,8.1461,1.585,-10.042,-15.552,24.96,40.176,5.9981,-34.023,-62.054,6.8984,48.132,21.385,1.5633,0.68964,-3.2752,11.146,9.6622,-2.9449,-0.079931,16.683,11.375,-6.3639,-2.2489,0.075954
19.068,2.2448,23.428,1.4962,12.302,14.173,-3.273,-3.3387,-13.5,4.3926,21.969,0.60279,9.241,3.8719,-3.0614,12.887,18.062,16.729,12.996,-0.83277,-34.58,4.394,22.254,28.379,-2.4407,-1.9876,-5.4306,6.2543,-7.6791,-14.255,-7.413,20.695,26.971,-11.342,-14.562,-9.8991
21.098,2.5593,22.407,-1.2143,5.7898,9.6138,1.0433,-1.1019,-13.985,3.964,20.595,4.1088,4.9819,5.3396,-3.5482,18.293,4.1285,1.3767,1.3679,21.256,34.958,-1.4496,-7.8978,1.8987,-5.4252,-3.9715,-8.1666,3.0005,-12.351,-16.048,-11.565,15.032,26.485,-9.565,-11.033,-13.015
19.88,0.2609,24.53,2.9497,2.5634,10.061,1.4972,-0.024915,-15.521,-5.4255,4.9333,3.2427,-3.8982,-4.4161,-22.231,3.0909,-22.935,-14.113,-28.454,32.853,46.681,-28.596,-11.346,-17.759,-5.8945,-7.699,-5.1606,-0.049015,-3.9143,-8.4449,-3.3537,5.7379,11.116,-3.5639,-2.6829,-13.495
18.983,1.5303,19.152,4.4975,5.8335,12.411,-6.1396,2.2323,3.9223,-1.9478,8.0825,-4.8588,-12.41,-14.128,-41.29,4.3488,-16.295,-24.643,-31.103,24.295,29.74,-24.432,9.7677,-20.619,-4.2924,-7.8423,11.446,2.0136,6.0171,-2.7742,15.196,-1.9339,-9.5315,2.4758,-6.4069,-6.1241
18.177,0.55119,13.941,0.18578,0.81248,5.7178,-13.908,11.421,0.88646,-6.9496,22.552,-3.7927,-11.536,-24.889,-9.9931,19.614,8.7024,-12.486,12.463,26.337,23.608,-1.9344,0.0069885,-27.836,-1.3378,-1.2343,27.895,4.087,14.837,2.9653,27.806,-7.6602,-12.998,9.7808,-13.608,-1.0317
15.745,-4.65,7.0566,2.342,-1.4821,-0.53611,-6.8055,5.323,-7.3195,-7.4897,16.669,-2.6832,-12.662,-23.635,47.561,20.1,18.395,-13.308,56.889,14.844,-1.1637,-2.4013,-45.609,-23.683,1.1457,5.9749,26.799,-3.1109,10.233,2.3729,15.404,-8.3247,-7.5039,7.831,-4.4592,6.6441
15.731,-9.0935,25.581,13.834,10.572,10.292,8.0619,11.598,1.904,-3.6218,0.64348,-11.763,-10.461,-5.8343,72.816,15.651,33.905,-4.954,66.579,-0.72287,-2.8584,9.2928,-51.7,-21.385,1.0397,7.0631,5.2086,-10.821,-1.5333,-3.9242,-12.631,-11.576,-4.9163,-1.368,14.416,13.662
13.875,-5.4648,37.112,7.7231,10.151,3.4699,11.32,9.5655,2.8317,-4.8123,-3.7676,-12.715,-7.2187,6.2186,51.301,-9.2244,22.266,-16.545,18.857,-3.7985,5.4536,9.1099,13.325,9.3756,1.7698,-0.074517,-16.298,-10.128,-11.527,-4.8128,-28.572,-10.912,0.12984,-3.8949,22.584,14.924
13.881,-1.9586,35.321,5.3205,11.949,1.2378,10.318,8.9378,-5.6184,-3.6419,6.9203,-9.4694,-9.0586,-4.5008,14.18,-19.83,-0.89951,-30.488,-31.677,-22.222,-4.2816,-14.53,42.621,23.947,2.4518,-7.4016,-19.489,-1.8327,-13.817,0.75056,-18.662,-9.9927,-0.47075,-7.973,4.5336,10.201
13.061,-5.1082,27.837,1.9867,8.9629,-4.2814,1.4951,4.7539,-0.8315,-2.9247,20.193,0.85775,-4.514,-24.674,-4.6113,-12.8,-21.836,-24.605,-36.843,-28.968,0.19714,-9.9646,20.15,28.273,5.1102,-4.2708,-11.531,5.8576,-3.3998,11.577,6.8244,-5.075,-4.0782,-5.28,-13.755,-2.1335
11.609,-11.522,37.309,6.7875,10.717,-1.0768,-2.8644,2.8929,1.5948,-11.83,9.9736,-6.5764,0.44532,-27.396,3.3291,8.2749,-13.13,2.829,1.1186,-38.102,-2.5839,-21.035,-32.445,20.169,7.7677,5.1508,-9.3375,4.9078,8.7057,17.062,20.423,5.3618,0.51985,2.7821,-6.2432,-8.1525
12.754,-13.02,33.812,0.58954,-0.15078,-7.6753,-0.51026,-1.8958,-0.67627,-5.7004,4.781,-0.025163,13.58,-3.6876,-0.92894,6.0115,11.382,24.68,36.582,-21.234,-15.786,-14.037,-17.918,0.59685,6.074,13.894,-8.0518,1.7096,16.255,15.473,11.983,12.362,0.66961,4.8403,9.0429,-11.478
14.257,-11.701,33.998,10.156,9.9402,4.3492,11.88,-6.7883,-6.9879,-12.772,-1.5959,1.0567,20.733,10.76,-34.348,-4.6968,26.02,30.181,33.724,0.71976,6.3094,1.4169,30.44,-2.9781,0.37567,13.594,-6.2256,-3.2164,6.457,0.013472,-10.124,11.82,0.38852,10.783,12.964,-5.7192
18.527,-6.8629,29.028,3.3079,15.042,5.3458,12.414,-1.0223,-4.4333,-9.4728,17.019,-2.6604,15.712,25.719,-26.031,2.2335,39.866,39.085,6.7698,13.433,-0.90146,3.0107,33.923,-17.545,-6.4726,4.3799,0.7799,1.5699,-7.0176,-12.294,-21.106,5.8855,0.92688,11.885,-4.6559,2.4138
19.089,-9.2211,22.527,3.0799,16.13,7.5029,7.5358,2.816,6.628,-9.2358,19.075,-6.7479,1.2577,25.872,-15.248,-5.918,4.9132,-4.3058,-34.596,3.6672,-8.0838,24.358,6.4548,0.64421,-8.4273,-2.9494,8.0888,5.5272,-10.383,-16.885,-12.719,3.865,0.44989,11.713,-15.097,7.6402
18.194,-1.4003,26.532,5.2446,16.687,10.29,5.0468,0.018323,-7.935,-5.9629,11.407,-4.8953,-9.045,10.656,-6.5798,14.472,-13.152,-19.548,-34.789,6.7203,-3.9554,33.919,-29.205,10.854,-5.2435,-11.358,5.6692,2.6696,-7.8451,-13.083,10.31,11.55,10.092,5.7695,-8.016,6.7612
15.053,-1.4958,27.622,6.2292,11.574,-0.2759,-1.7346,-5.475,-9.279,-2.3476,4.4374,2.4962,-9.0248,3.5446,-3.6302,16.82,0.61229,-24.929,-9.0938,23.401,10.086,44.53,-13.482,21.023,0.44849,-14.216,4.7312,-4.3762,-2.3473,-0.48722,31.067,18.309,10.545,-7.1668,8.6457,-0.61481
16.022,-5.3977,23.19,8.9691,10.744,-0.53898,-0.34562,6.4834,1.5425,4.0428,9.7347,-1.8552,-5.3639,-19.905,-3.4943,4.2124,2.7907,-16.017,45.567,61.318,40.471,21.772,3.8108,6.0714,4.0093,-10.468,3.4508,-15.858,-4.2771,-0.13783,23.357,4.8976,3.1195,-18.456,14.193,-6.1549
15.663,-5.4501,22.382,9.6276,19.408,0.45314,5.6851,11.284,6.9322,8.0262,13.17,2.2438,1.6596,-29.929,6.8654,-22.669,-14.795,-8.5078,80.561,67.913,22.427,-5.4026,33.175,-0.038314,5.877,-2.0096,3.1168,-17.517,-11.189,-2.7279,-3.5286,-15.039,-4.839,-24.712,0.96034,-12.3
15.207,-9.3755,27.405,5.6516,14.166,1.9172,24.12,22.298,4.1951,-0.26369,8.9463,-1.7334,5.6594,-24.946,5.4266,-45.076,-26.834,-28.448,37.169,8.9521,5.4713,-33.394,18.433,-9.3893,4.1297,10.038,-0.35871,-8.0155,-7.1742,-1.1843,-32.618,-33.598,-12.667,-12.597,-4.3547,-6.4646
16.29,-14.472,28.947,-3.4468,2.4663,-5.7579,26.313,20.574,0.60813,-2.8957,21.419,2.4162,14.849,-3.9828,7.4933,-46.12,-40.519,-32.353,-22.538,-25.613,3.3906,-51.449,-15.991,-32.746,0.065045,14.95,-7.9457,6.1126,1.0277,3.326,-41.54,-28.652,-12.847,-0.69784,-12.495,-0.63311
18.538,-13.36,22.621,-7.0315,5.7978,-11.658,7.9251,6.3142,7.4401,-7.1933,14.827,-6.636,8.6903,17.312,-5.6018,-24.14,-20.218,-10.016,-65.972,-59.909,-13.347,-18.189,6.6205,-9.8977,-4.9153,9.459,-12.151,14.599,1.9486,7.4716,-20.07,-4.0475,-13.597,10.832,-6.6628,6.8933
21.421,-5.4492,28.521,-7.0907,3.3322,-8.9359,2.5139,6.4692,7.005,-14.234,2.2341,-11.678,0.46936,23.694,-27.349,-2.5742,-12.964,-1.0941,-75.57,-40.914,-32.401,-16.495,-23.393,-2.9497,-6.9018,1.3053,-8.9336,16.442,8.121,12.582,6.7101,14.046,-8.2993,11.355,-0.28023,14.423
16.987,-5.2305,24.817,-4.5965,3.6238,-1.5016,3.034,-0.60379,-5.677,-3.6892,21.849,0.36495,-11.727,8.511,-37.907,6.1465,-30.868,-6.7193,-36.666,-3.6347,-44.62,3.2866,-11.18,10.179,-1.5146,-1.9835,3.6539,11.313,9.8973,13.287,20.282,26.084,9.4411,4.7254,-2.5476,7.5998
17.301,-6.6893,14.175,-5.9514,-2.9289,-11.383,-9.0271,3.5761,-9.0336,-12.895,6.2116,-2.5591,-9.4518,6.9441,-21.022,20.947,5.4113,28.909,-3.6401,16.48,-22.47,-5.4124,-8.4923,29.331,4.3353,2.1793,18.167,7.7986,16.252,15.444,20.974,15.05,20.892,11.676,10.401,-0.18954
14.735,-8.4843,10.841,-4.528,-6.5058,-13.794,-4.6376,5.9434,-6.8507,-6.2193,7.2483,-6.1061,6.078,15.77,9.5042,20.664,20.08,41.417,-0.5279,41.815,28.893,-0.10259,-13.568,11.961,6.7172,4.7625,18.527,4.3199,18.666,11.391,9.0224,0.76695,15.344,10.742,12.252,-7.8521
17.821,-0.35031,24.998,3.3487,11.103,11.664,4.5296,11.435,-3.643,-15.675,5.2883,6.2228,13.243,30.961,39.783,29.16,42.82,52.058,11.229,11.611,35.301,43.579,29.807,-4.7885,0.36665,-3.5312,1.5859,-2.0916,4.0991,-5.4014,2.8339,-13.4,-7.7055,6.2493,5.0441,-11.315
19.765,-0.51513,24.158,1.0852,6.6483,7.6831,-4.0083,16.374,6.0741,-2.3506,15.527,1.9546,10.511,20.315,24.326,23.64,43.755,38.662,1.0114,2.6344,3.2141,32.501,30.929,-12.022,-6.1576,-11.769,-9.2263,-7.4988,-7.8181,-11.322,-0.14238,-21.903,-23.476,-13.132,-10.053,-4.3718
21.407,4.8066,27.408,5.8221,11.904,3.9078,-3.7272,4.1663,2.1546,6.9602,16.976,-8.9837,-9.8351,-12.985,-20.503,9.0013,14.07,3.2792,9.7599,-30.93,-48.158,9.5321,-5.5204,-15.254,-7.8684,-15.521,-7.9063,-11.827,-17.835,-10.475,-3.3241,-10.538,-11.564,-25.225,-13.657,3.8323
18.198,-0.9054,21.799,6.0553,14.971,9.4155,-0.0034642,10.895,-8.1424,-1.286,16.869,-4.5139,-13.171,-21.103,-6.4844,-6.7509,-4.6351,9.1985,-0.50529,-46.429,-46.759,-48.739,-46.169,-4.6648,-2.2583,-5.6209,5.2512,-8.4521,-17.028,-10.304,-7.7661,-7.1175,9.8181,-14.499,-0.41329,7.053
13.687,-6.6474,15.926,5.3643,13.976,12.438,7.4071,-1.2904,-20.614,-11.441,1.8569,1.8298,-14.258,-25.937,15.656,-14.779,-22.161,14.414,-4.6329,-16.55,2.4657,-41.926,0.072035,10.694,6.7272,6.806,12.692,-1.37,-4.2792,-8.9868,-6.1569,7.7459,24.945,4.5309,15.147,5.1416
17.04,-5.3397,26.657,-2.0613,3.2947,8.0174,-9.8281,-4.1121,-5.9214,-17.52,0.001552,-5.7846,1.4307,-1.3131,32.502,-6.7307,-23.267,-18.423,-30.623,-40.143,26.993,-14.263,26.066,10.269,8.2242,9.1011,-1.9632,5.196,13.878,-7.5573,11.873,17.818,16.933,22.219,17.723,3.4396
14.857,-5.9449,32.807,2.4911,6.6614,11.814,-1.1314,3.3949,2.2769,-5.8858,25.445,-3.0011,16.5,11.15,23.465,2.1414,1.9896,-27.844,-5.9658,4.6565,39.693,14.948,34.098,2.9871,6.545,6.3535,-14.518,3.5719,22.989,-1.4756,17.386,17.549,0.21848,12.921,-5.7182,-1.7621
18.328,-1.9132,29.609,4.1265,6.9949,0.51576,-11.046,-11.519,-6.0913,-11.195,18.108,3.0359,12.571,5.8584,-20.205,10.769,52.678,-7.4589,59.525,32.059,19.294,33.918,25.432,16.387,-1.231,-1.2469,-14.066,-2.0105,15.9,10.345,13.863,20.716,-7.2376,4.4811,-14.746,-11.066
21.293,-2.7855,26.182,3.3411,13.121,2.2668,5.033,4.7413,-0.68254,-7.129,9.8529,-1.0869,12.897,2.2443,-30.581,-5.6693,54.811,1.5539,37.223,35.094,7.4077,-1.4103,-28.202,-1.1751,-7.9647,-4.0798,-6.0239,-7.4082,-5.5317,8.872,-11.729,2.12,-12.511,0.054157,-12.97,-12.473
20.107,-3.9901,19.867,2.8983,26.404,9.0615,16.852,11.244,5.2052,0.060713,20.514,1.4516,-2.9229,-3.0945,-10.806,-12.878,29.82,18.603,17.098,48.22,6.9475,16.322,-16.512,-42.979,-7.2312,-0.18818,5.7505,-7.8067,-24.263,0.44668,-27.539,-9.3136,-15.555,-5.3428,-7.0897,-7.6748
20.416,-3.7843,22.388,0.27054,24.363,8.318,3.5311,9.5604,0.33257,-12.219,10.142,-2.7965,-15.576,-4.7724,-11.354,-23.076,-14.24,3.4854,-43.395,7.1762,-16.692,24.017,-9.7792,-29.696,-2.9234,4.4525,10.444,2.1591,-23.034,-4.7827,-11.038,-14.862,-13.7,-3.5073,1.9971,6.572
17.305,-2.9611,26.103,-0.77728,16.284,6.7915,-1.7459,10.181,-3.1251,-0.48904,9.7075,-17.599,-9.3483,8.4259,-1.0658,-19.561,-34.111,-6.1913,-37.861,-0.54972,-46.431,-5.5103,-19.228,-7.727,4.0541,4.2892,11.693,12.697,-11.99,-6.8065,4.3267,-11.163,-1.5456,-14.762,-4.6411,19.879
14.907,-5.6862,17.387,-6.3591,11.061,5.1445,-7.3655,8.8609,-4.8633,5.1544,10.366,-6.4099,1.4928,18.747,16.77,8.4673,-28.395,-9.9627,9.5109,-14.828,-34.401,-8.0307,-16.859,14.059,5.3201,-3.1945,9.9888,17.738,1.4886,1.7112,16.615,0.84649,12.753,-17.289,-8.8137,13.134
18.188,1.1738,21.834,-3.5672,15.999,7.5526,3.3699,11.319,-15.413,-11.381,10.788,-0.60523,8.8131,6.592,33.599,34.836,-23.051,-8.706,12.278,3.4054,8.0739,-41.466,-36.178,34.54,-0.63327,-13.479,-3.1769,11.045,8.2161,7.7691,10.245,6.4508,25.262,-1.0477,-4.1403,-0.44149
20.721,3.5216,32.907,5.8991,10.307,2.956,5.7287,1.5773,-10.724,-10.788,1.1723,-4.2638,1.9437,-19.828,21.258,38.413,-12.327,13.299,14.608,9.4311,19.822,-44.452,-45.373,14.843,-5.1885,-13.754,-17.682,-4.3515,11.729,5.3033,-4.4986,6.1715,15.475,12.392,9.2835,-6.3273
18.804,-4.269,35.142,10.512,5.1354,3.5327,-2.154,15.526,3.8423,-13.251,-3.7845,-1.4019,-12.74,-39.683,-19.194,20.693,-1.0648,21.024,10.817,19.575,52.767,7.4618,-25.672,-10.326,-3.4607,-1.122,-18.351,-12.953,12.468,-5.2909,-7.4132,-4.9611,-3.8944,26.257,25.154,-6.1287
15.57,-12.879,21.362,5.808,10.329,13.804,2.7005,11.473,-4.5798,-16.137,-5.0338,1.4098,-13.673,-26.884,-45.246,-6.2181,19.256,1.6889,-12.252,7.9443,20.626,29.467,24.306,4.8557,3.0391,13.476,-2.2813,-10.722,5.2664,-18.684,-12.069,-12.347,-11.561,24.209,29.764,-0.62567
14.393,-10.468,18.01,6.8247,15.456,12.64,10.293,16.159,7.899,-4.9759,1.0545,-8.6052,-0.68181,4.5102,-24.902,-7.611,23.498,-29.355,-11.358,-20.657,-11.8,52.858,54.754,8.8895,6.7182,15.883,11.14,-6.8958,-8.6074,-18.219,-11.009,-16.828,-20.205,3.5318,16.749,1.4872
16.09,-6.8213,18.85,4.6337,14.775,-0.75337,-6.6205,5.2331,-2.4392,-0.19197,10.906,1.7656,11.11,25.454,12.705,-1.0453,1.7236,-54.933,-34.647,-32.186,-5.7013,53.897,63.235,2.1063,3.2633,7.5629,12.239,-4.1007,-18.494,-0.58672,0.53489,-7.158,-7.8808,-10.045,-6.5626,-9.2322
18.204,-5.0427,23.947,7.2935,14.661,-3.8664,-3.1724,8.3176,-3.1282,5.206,15.623,2.8649,8.4592,13.56,7.5319,-16.373,-35.336,-41.763,-33.029,-44.498,-35.091,12.906,38.607,-1.5159,-2.8636,-2.6129,1.2295,-5.352,-17.788,14.776,7.1869,4.4258,-0.80027,-21.941,-27.637,-12.74
19.22,-2.8642,24.746,5.0509,11.588,-5.4091,-7.8905,-0.6993,-1.9169,5.721,19.3,-3.2721,-1.9272,6.4052,-0.26707,-22.341,-43.798,4.9589,1.258,-15.925,-7.1322,-0.78359,-0.43371,-36.102,-4.593,-6.6866,-8.0936,-3.8397,-4.63,19.301,12.427,10.027,-3.0463,-23.897,-36.607,-4.623
17.058,-5.666,18.828,-1.5703,-0.61862,-5.913,-5.5866,-3.1242,-9.9078,-1.4795,16.161,-6.8443,-8.4811,0.97047,-12.269,-23.723,-42.681,14.579,6.6241,-6.6581,-15.086,-29.506,-51.597,-35.705,-0.50918,-2.7239,-2.3768,4.0039,11.968,9.2241,7.5025,13.347,0.11066,-16.712,-25.163,6.4025
15.699,-3.3071,21.276,-2.1048,0.51615,2.7494,-4.7845,2.9915,-2.6155,2.759,10.42,-11.431,-3.3852,-1.6835,-17.862,-16.569,-17.754,13.404,7.6593,-0.96857,-30.935,-44.381,-74.696,-3.9145,1.36,-4.2403,7.9247,6.3981,16.781,-6.8645,-3.4783,9.3832,-0.26062,-9.7241,2.8202,17.657
15.724,-4.336,19.547,-0.99038,-1.1432,-0.65625,-1.4134,3.1431,-10.322,-8.0658,-5.7359,-10.908,6.6423,3.9851,4.4453,0.76058,11.482,0.1355,1.2831,14.761,-22.636,-48.855,-50.078,14.403,-1.2554,-6.3151,18.172,6.9832,18.974,-6.9263,-3.9979,9.0017,12.4,4.2928,31.416,18.788
18.195,-4.3709,15.455,-3.5233,2.9735,-1.3357,-6.1475,-4.3173,-17.177,-13.177,-7.0997,-3.1975,-2.689,-16.304,30.999,-2.592,13.024,-22.142,-13.463,20.282,-4.6601,-39.73,12.908,27.13,-5.6264,-7.8214,18.592,4.538,10.4,-2.2249,-0.50196,7.3657,21.898,14.435,34.122,6.7452
19.131,-3.1415,23.961,-0.48077,3.8935,-3.8027,-4.2636,7.9104,-13.945,-17.939,-0.11807,-3.7597,-15.106,-23.295,54.163,4.2045,36.8,-2.2796,-2.8042,27.725,33.775,-10.368,61.683,42.714,-5.1755,-6.6046,1.5643,0.96727,-0.01378,8.9728,5.5638,-2.9232,16.156,20.233,13.684,-1.3498
12.651,-12.056,34.569,-3.6556,4.5099,-6.7484,-10.091,10.749,-3.134,-12.169,14.065,-1.4402,-20.643,-27.15,50.239,4.3993,21.589,3.4868,7.1931,29.377,50.348,8.5483,40.036,15.656,3.266,4.0317,-18.022,2.597,-8.8193,15.795,11.075,-12.575,-4.8218,13.258,-15.217,-10.241
10.942,-12.141,37.072,1.178,16.489,0.91032,-0.8438,9.4727,-0.45617,-13.753,14.524,9.5704,-10.258,-23.615,2.6469,2.1012,7.1304,32.185,18.774,-4.4034,30.641,28.173,4.777,13.391,9.0483,8.9274,-24.598,1.4876,-20.447,6.84,2.0507,-15.859,-21.172,4.1344,-20.003,-14.394
11.968,-13.446,34.02,-2.1531,7.4703,-1.9488,-4.2608,9.5903,1.2522,-10.995,5.5974,-2.0346,11.217,4.0144,-33.352,11.445,-16.237,39.599,31.123,-26.529,-27.202,7.2914,-34.726,-9.4124,7.8166,8.4311,-18.741,0.1113,-13.599,-2.4918,-10.306,-11.911,-20.045,-3.8,-1.1721,-6.5244
14.344,-14.254,25.559,-0.18141,5.9785,9.89,2.2085,6.2879,-0.81762,-4.4397,6.504,3.2328,14.205,5.7592,-27.031,8.1196,-46.523,13.864,-4.5153,-23.618,-33.309,10.933,-0.95117,-16.723,1.0287,3.9509,-2.5869,-4.3591,-4.6514,-21.199,-25.186,0.42406,-1.0799,-8.0114,9.3105,-8.0919
16.558,-8.9926,23.649,2.7465,1.6464,8.5612,3.9444,-0.92341,-16.554,-13.18,0.71152,-2.9776,6.2085,0.31839,-28.626,1.9466,-19.578,0.18819,-32.693,-20.57,-17.9,-1.8318,37.04,-1.9095,-4.2465,-2.678,9.4716,-1.9021,12.304,-23.673,-25.18,5.8688,15.624,-3.3593,9.2652,-2.2133
15.75,-11.488,28.742,2.788,-3.8608,2.5874,-7.204,2.9208,-8.2076,-7.1944,16.491,1.6804,-2.6104,-2.0122,-12.651,-14.945,-14.456,-54.106,-75.246,-5.2625,20.591,-7.3225,15.447,-30.82,-2.9973,1.3199,11.653,5.7095,26.582,-7.5727,2.2072,2.5705,5.3661,-6.8588,-9.4295,-3.2055
14.369,-14.67,18.116,-2.6645,2.6009,1.7966,-15.901,0.98875,-4.0031,-10.534,19.124,-2.2131,-1.6077,-5.49,6.8161,13.467,29.251,-44.779,-59.414,-6.3626,23.966,-0.37766,3.4014,-13.43,-1.4148,3.589,12.174,9.5982,17.72,7.2039,30.841,-0.1509,-8.5673,-5.6459,-16.71,-1.3971
14.133,-12.421,22.001,-4.9485,-1.7269,-13.781,-25.492,2.7006,3.2022,-9.4243,5.0213,-12.56,3.1267,15.263,13.513,30.907,61.971,-1.5155,19.881,-17.869,-27.412,-24.089,-31.28,-26.99,-2.4461,-1.6064,3.1094,2.1094,3.461,23.372,46.321,3.8316,-10.04,-0.2545,-0.96523,12.197
16.563,-11.271,30.428,13.348,15.205,-5.6442,-16.619,-3.9946,-10.276,-12.254,8.147,-2.5726,-3.734,9.626,19.161,27.011,30.809,9.9124,73.947,-15.022,-36.735,-21.678,-23.146,-10.81,-3.9354,-5.6248,-4.462,-15.64,-18.36,16.247,28.344,18.552,11.832,13.047,6.8982,11.848
16.216,-5.5561,29.342,10.235,20.823,5.55,3.0953,-3.5219,-18.777,-18.378,6.3395,-11.635,-13.778,-17.602,-3.2762,-11.17,2.07,35.407,89.681,18.225,0.74005,2.0554,23.894,28.856,-1.6299,-7.1893,-6.3101,-16.751,-24.436,1.0247,-6.1,21.54,31.259,22.565,8.1566,10.527
11.461,-13.289,24.026,3.2495,6.7303,-2.9125,6.7792,-3.4108,-11.381,-16.896,6.8916,-8.0802,-12.833,-17.181,-7.0994,-43.694,-32.599,17.993,47.407,68.349,69.049,51.785,10.305,17.888,6.3604,5.5371,-2.0151,-4.6022,-8.8506,-3.7601,-24.671,5.5904,21.05,16.105,0.2295,2.1712
9.7954,-20.213,23.564,-5.4843,3.5454,2.557,7.6498,11.521,4.1248,-6.0758,17.596,4.622,-0.4735,-7.2802,-4.9073,-17.493,-28.504,-0.43232,2.6514,48.147,75.992,52.007,-7.2224,11.296,11.656,18.485,5.3888,12.426,7.4758,-7.0721,-27.722,-22.598,-6.0851,0.10622,-5.9367,-7.6139
13.357,-12.533,29.767,-0.63915,7.5442,4.8487,4.8076,22.658,12.797,7.4866,7.6714,-1.7573,21.416,32.151,9.9012,7.1618,1.8425,9.0314,-5.8941,-2.0303,30.887,33.87,-6.4402,8.826,8.9004,15.965,4.5781,16.53,15.602,-1.3884,-15.323,-32.614,-25.337,-16.67,1.4114,-5.8043
15.031,-9.5743,24.017,3.4329,6.1641,1.4533,5.4068,7.5168,7.1299,-4.5662,2.3384,-9.1484,27.38,50.155,15.168,25.531,22.228,4.5271,-22.276,-59.577,-10.604,11.544,2.5837,-4.6833,1.0518,5.8684,-0.79382,7.6513,11.61,2.9559,-2.2998,-13.347,-20.052,-10.634,6.8058,-6.3847
19.551,-2.5335,28.749,2.3718,6.3422,2.155,4.9537,-2.4238,2.5597,-0.71586,11.3,3.2179,17.743,33.926,5.7537,17.446,20.046,8.5707,-16.744,-40.86,-14.34,-11.335,12.46,-3.144,-7.8515,-9.078,-10.716,-0.71822,-0.85577,-2.2201,1.3853,7.5619,-5.1499,-0.85566,3.1699,-9.5097
20.388,-0.13546,31.657,5.7759,15.26,6.1674,-3.5612,-5.7262,3.9415,3.7974,17.074,-0.20732,6.6221,21.174,-6.8027,15.621,20.445,14.578,-3.4224,0.82649,-1.6538,21.438,17.357,-14.642,-11.425,-14.243,-15.991,-10.926,-10.711,-9.1996,0.24052,12.885,1.3654,2.5158,-2.5636,-4.6662
19.55,-0.28976,28.825,6.9121,13.019,6.777,0.9196,8.8499,7.2217,-2.3627,6.5335,-7.7999,-7.4629,1.251,-32.692,8.5258,-1.5446,-7.0946,-8.3943,5.5776,0.66196,24.644,2.0227,-33.743,-11.093,-14.171,-8.5112,-17.29,-12.202,-14.394,-4.9723,1.8676,-2.8488,-5.2802,-5.8185,8.3594
18.343,-0.10904,20.578,8.9734,13.048,6.4311,5.7126,2.2932,3.972,6.9763,13.4,-10.961,-17.143,-4.7231,-45.564,-24.638,-20.532,-33.638,-25.248,-18.371,-11.279,6.1333,-5.0159,-12.715,-7.9342,-15.347,6.1771,-19.609,-10.694,-13.108,-6.4968,3.5116,-3.5299,-21.792,-8.4776,22.033
16.842,-1.9212,17.942,5.036,6.6761,-1.5241,-3.8804,-3.6447,2.8754,10.017,14.149,-8.2769,-25.84,-23.983,-17.422,-48.876,-20.474,-39.291,-30.693,-21.923,-23.771,-30.084,-5.4465,37.689,-0.90155,-11.204,17.968,-5.9795,0.28064,1.8491,-0.56043,11.879,-1.7746,-23.023,-8.3727,19.978
13.171,-1.6813,14.316,-5.6048,8.1657,-6.5013,-13.785,-8.6643,0.47533,0.67427,10.758,-6.3261,-23.86,-42.944,16.448,-53.725,-23.56,-34.862,-24.757,32.135,-7.0868,-60.158,-21.297,59.808,7.2254,-5.64,15.729,13.381,7.2111,15.219,9.1629,15.947,5.3983,-4.3997,-3.9913,1.7679
9.2156,-11.495,23.245,-10.237,5.2229,-6.4025,-4.6778,3.367,-2.9157,-14.254,5.1313,8.7274,-8.6122,-35.657,26.144,-6.8278,1.3724,2.7626,-11.442,39.719,-10.307,-57.323,-31.7,29.887,12.841,7.7243,2.6601,21.782,12.039,21.398,20.545,9.9445,11.416,21.695,3.4365,-20.07
10.226,-16.794,26.151,-10.253,1.9947,-8.5605,-6.2672,14.855,3.3242,-10.968,7.2604,10.441,10.369,-27.086,11.298,21.245,4.6,21.429,10.941,30.543,8.9808,-2.2456,-11.846,0.025783,11.829,18.326,-5.1818,19.19,15.409,19.666,27.383,-4.6359,6.2952,29.375,12.323,-22.804
14.008,-12.193,25.097,3.9461,10.448,0.88681,-13.361,4.4553,-3.7024,-12.824,0.047346,-1.7172,21.249,6.7095,-1.5461,22.551,25.641,39.551,54.182,28.595,25.273,49.434,7.0105,-32.771,5.6701,18.279,-4.8003,2.3239,7.9332,5.4967,25.02,-7.235,4.1651,22.241,13.732,-9.6013
15.959,-14.875,19.039,-2.0736,7.8533,0.56847,-3.9737,6.063,5.3591,-1.1635,7.3772,-1.0909,20.354,27.501,4.384,27.537,41.349,45.076,79.348,14.517,6.599,33.339,20.965,-22.882,-0.2842,14.046,0.13821,-6.2502,1.3878,-4.2568,1.9388,-14.51,-7.0466,2.909,5.1331,2.6632
16.974,-9.0999,26.028,-3.051,15.114,8.8085,21.266,22.06,8.7035,5.5612,8.5781,-1.8918,14.746,28.442,5.5991,1.646,22.664,18.422,79.452,11.557,11.71,36.091,20.556,-6.666,-3.7652,1.6523,-3.1176,-9.404,-14.547,-17.283,-30.083,-22.546,-14.405,-13.522,-4.2672,8.35
18.92,-4.5902,27.877,7.0141,20.336,10.017,16.093,13.311,0.42076,-3.4906,13.477,-0.91223,12.2,32.278,8.416,0.44644,13.027,10.709,7.9996,-33.49,-19.47,18.971,7.0469,0.28939,-5.6104,-7.3057,-9.1266,-11.092,-26.142,-26.683,-45.758,-17.301,-16.08,-16.08,-9.7061,5.25
19.901,-3.1149,23.477,0.22527,15.538,5.3738,16.332,6.6099,4.6217,6.3855,7.2753,-5.1396,6.4998,12.583,-19.15,-10.924,-32.934,-29.682,-60.557,-60.131,-33.715,-10.994,-7.3666,-2.6066,-5.2089,-8.4405,-7.9845,0.40652,-19.101,-21.78,-37.743,-2.4672,-14.921,-21.243,-7.33,4.5419
20.595,-1.7287,24.522,-3.4885,14.155,7.6405,2.4933,-2.957,-2.3352,7.9096,11.552,0.67763,-3.5754,-1.0974,-28.874,-21.636,-61.562,-64.287,-79.438,-36.145,-51.088,-23.52,-13.605,1.3387,-3.4309,-7.1591,-4.3138,8.3882,-7.5456,-8.744,-7.1158,17.538,-1.81,-17.386,-6.1992,2.2701
19.386,-4.2394,18.131,-3.2619,1.7375,-4.8443,-2.2123,0.12859,-6.776,-5.6358,5.8574,-3.9901,-3.4105,2.9271,-15.678,14.72,-35.547,-52.981,-65.546,0.54821,-47.085,-48.877,-5.7682,15.519,-0.87725,-3.3596,3.2977,12.489,10.282,13.082,15.236,19.142,9.083,-5.3798,-1.8859,-1.2438
17.39,-4.5767,16.113,-2.0602,-3.5445,-17.018,-14.353,-1.521,-19.424,-9.2397,7.384,-0.81765,0.00058337,1.3098,-14.889,29.565,-23.394,-21.361,-25.085,23.859,-21.835,-49.017,-24.748,2.5773,-1.1247,-3.9927,3.743,5.9127,12.867,25.124,23.956,13.198,25.357,14.014,6.0009,-7.1691
19.798,-0.22735,19.842,6.871,6.6143,-8.7876,-8.0178,6.166,-10.376,-9.4784,6.4753,3.3676,0.32556,-5.4191,-9.6542,25.922,-0.60598,14.266,-11.552,5.5789,-2.9262,-25.144,-11.224,-9.4447,-2.63,-5.8638,-0.19846,-7.5948,4.4614,17.895,19.093,4.7942,24.634,26.605,10.227,-8.4559
20.389,-3.0798,16.222,6.2277,0.019518,-1.0685,-7.1463,5.9537,-11.453,-14.677,-1.1311,-1.7125,-11.067,-16.888,-13.171,2.3266,-14.699,27.708,13.346,27.331,53.617,34.682,19.128,-22.025,-0.87365,-1.4999,-0.94905,-9.4595,5.9076,4.7044,11.925,3.5238,16.45,19.826,10.14,-1.6626
18.049,-7.6974,13.249,5.555,-0.34747,-5.6862,-11.592,-0.81931,-12.225,-15.489,4.5028,-8.265,-11.027,-17.293,-17.529,-9.635,-17.588,11.96,10.704,22.783,38.359,42.299,23.427,-14.46,3.5791,5.9201,-0.82697,-5.7334,5.0991,-4.2276,9.2309,2.7599,5.9083,2.6825,-4.3796,6.4352
12.731,-9.2855,12.824,-0.23894,-7.413,-4.7147,-5.8935,15.637,8.3083,11.107,17.934,-6.0139,1.3086,-0.25245,-15.697,0.0462,14.635,3.3135,23.414,32.876,39.77,16.393,8.6248,-3.2282,7.5989,10.68,2.3694,0.035791,8.4293,-4.288,2.4753,-12.609,-12.812,-17.219,-16.704,7.3036
18.114,-5.7712,12.777,5.2868,1.5365,-0.98462,-3.2923,12.716,-1.0774,-1.2211,8.6562,-1.7115,12.034,15.864,-12.526,-1.6049,10.222,5.3247,29.568,16.606,33.539,-2.5871,-27.871,13.333,3.8408,7.4837,6.4383,-1.2392,5.2672,4.5432,2.3835,-11.625,-8.1,-9.8831,-7.4554,3.605
21.011,-4.1691,8.6098,6.3849,6.3952,-1.7625,0.41105,15.624,2.8585,-13.615,1.1047,-6.6033,15.398,19.933,-3.8256,-1.5095,13.542,9.5855,16.29,-32.627,-8.0347,-28.968,-38.743,0.5965,-1.9192,1.1061,11.858,-3.6841,-0.017949,10.681,-5.188,-8.3436,-7.6868,4.8997,11.154,-2.2313
19.926,-2.3237,9.0931,1.4406,-2.1404,-4.4999,0.039933,7.4903,7.2693,-4.422,-1.0178,-1.3037,1.1325,10.032,8.727,-15.053,9.2943,31.54,26.183,-2.591,21.761,15.564,9.8337,1.6532,-5.8514,-6.9526,10.219,-2.2984,4.2421,10.113,-10.938,1.404,-8.9524,4.8582,20.362,-8.0623
19.524,-1.0429,12.753,0.92938,1.1967,1.8357,0.58528,1.9362,0.11763,-1.7769,3.3996,-5.9195,-2.8371,8.194,32.964,-11.65,15.01,43.612,-0.83351,0.75603,7.2249,31.817,45.541,-8.5447,-8.2091,-12.053,9.9404,-4.0494,2.7058,-0.44949,-14.966,11.948,1.8305,0.98978,14.114,-2.6685
19.424,-2.3182,15.069,0.4881,8.7829,12.986,9.7122,18.264,11.174,0.64178,12.426,-1.2268,-8.1064,-13.03,20.171,-8.0266,30.699,38.876,-16.56,6.9341,-18.853,-8.6885,31.799,-22.408,-8.654,-13.45,11.598,-3.3177,-1.2525,-17.76,-18.637,-1.7607,-1.8058,-11.242,-1.6945,2.7005
19.843,-0.074871,22.104,1.036,8.4383,11.3,-4.8418,10.615,4.5188,-0.23834,17.154,-10.914,-21.028,-28.8,40.154,-25.27,16.369,3.6701,-37.169,22.348,21.425,-11.893,20.843,-0.7154,-8.5135,-15.673,7.3122,-3.261,-1.9052,-25.46,-6.9241,-5.1032,6.0395,-8.9435,-6.6029,11.33
15.713,-9.3228,14.503,-2.626,9.5885,10.206,-5.5264,6.6178,-4.3578,-9.5355,8.0045,-10.01,-33.042,-38.721,63.122,-24.832,2.3519,-37.29,-48.836,-22.191,5.6321,-18.794,13.711,11.241,-1.1172,-7.68,4.709,1.1732,4.1668,-18.298,5.7883,-9.0288,5.7749,1.1903,-2.9824,12.906
10.865,-11.941,33.113,-10.148,8.9786,5.061,-10.38,18.933,18.596,-2.6347,16.031,-1.8854,-32.937,-57.327,48.05,-19.553,19.657,-45.606,-19.316,-10.198,25.18,-7.8482,21.571,31.281,9.922,4.0339,-8.6462,10.039,10.988,-2.9333,21.704,-10.727,-7.0364,3.0045,-2.8281,1.9652
7.3918,-15.746,41.125,-6.3356,9.6887,-2.5392,-11.937,3.0095,6.9512,-7.5569,19.842,-0.12074,-7.7382,-37.166,39.768,-5.0191,49.89,-27.978,3.4553,-21.937,8.144,-4.7594,16.522,26.123,14.504,17.172,-15.08,10.108,3.5771,9.0134,30.145,3.4396,-3.6088,3.7759,-8.9675,-5.3506
7.5355,-25.527,32.818,-6.8856,18.217,-5.1303,-11.295,7.3205,11.454,-5.1517,22.02,-0.21855,15.93,-9.4076,8.6003,15.02,47.543,-15.652,45.203,-31.413,-15.013,-3.8874,5.2964,1.6697,11.056,26.691,-12.229,5.7252,-15.629,10.502,20.491,3.8805,-7.0183,-1.5936,-16.371,-9.0436
13.509,-21.113,34.535,-6.7669,29.914,1.3122,-3.3413,1.4557,3.2849,-10.657,13.271,2.2176,15.047,23.18,7.4459,8.4239,6.2944,-7.1997,69.632,5.6151,7.6846,-1.8947,-22.989,-0.70636,2.042,19.936,-14.745,2.9663,-27.963,7.8363,2.9782,10.134,-4.1227,-2.5109,-16.274,-6.1158
15.772,-13.961,40.708,-2.4229,22.637,-4.6909,7.9241,4.0038,12.922,-3.0285,21.965,-2.2197,10.949,45.953,3.0681,2.3517,-36.688,-3.4878,50.053,-4.5711,-9.6815,-17.249,-40.529,-0.52224,-1.9021,7.4235,-16.623,1.4791,-19.898,12.432,-19.064,6.1458,-12.608,-5.3414,-10.47,0.55669
10.797,-9.9386,40.903,-4.3549,10.626,-6.3588,13.27,7.4754,10.06,-9.5658,8.375,0.52667,4.9618,34.832,-31.189,16.146,-47.811,5.121,15.922,15.314,-15.136,-10.634,-41.934,-3.3601,1.144,-3.2319,-16.179,5.1195,-1.078,13.965,-30.687,-3.5068,-19.193,-3.0324,5.208,2.3388
14.366,-8.1374,31.168,-6.9157,9.5167,-3.0387,5.426,2.0251,3.2262,-14.321,4.204,0.36582,11.462,21.884,-55.2,18.554,-24.893,40.349,-23.26,-5.5335,-66.641,-26.225,-37.583,5.78,0.85176,-8.0158,-5.7546,6.0156,11.969,7.9581,-23.833,-4.9509,-10.466,5.0261,13.831,4.0342
16.692,-6.6085,23.71,3.5526,12.569,3.0466,5.8685,10.102,0.56505,-10.327,1.1846,-0.75518,20.511,19.055,-44.315,25.92,-4.9931,40.708,-47.145,-11.438,-59.799,-12.569,1.5779,7.8367,0.019849,-4.0843,9.5319,-1.3849,12.672,-2.0746,-11.62,-11.217,2.6794,8.0666,11.668,0.51607
18.555,-4.6841,21.705,2.9003,9.219,10.781,-0.0053636,-0.076149,-15.651,-15.76,6.7687,1.3112,7.4335,13.762,-19.142,27.542,1.7493,18.509,-37.581,-15.95,-39.678,8.8496,6.8703,14.05,-4.631,-2.0007,16.308,-2.9026,8.6992,-16.203,-2.5741,-7.0601,16.236,9.6569,-2.4937,-5.8667
18.958,-2.1377,23.477,3.6973,8.278,7.0854,-7.587,2.8072,-10.401,-15.131,7.8816,3.9723,7.0752,18.472,-1.5579,4.7273,2.2277,5.6679,-35.017,-35.562,-15.22,12.162,-5.822,-4.915,-6.2079,-3.33,11.64,-3.7396,2.9896,-17.364,5.4931,-1.3653,17.19,5.7138,-15.326,-9.6199
16.95,-3.4916,21.714,6.7831,12.537,4.1964,-6.6369,-2.3026,-11.13,-7.4948,4.2906,5.0273,-4.9753,12.172,4.9634,14.637,14.992,-23.146,-42.195,-28.772,-7.7501,9.694,-46.352,-17.178,-1.0591,-4.4148,3.1978,-1.9052,-3.5752,-10.57,7.3008,9.8121,13.84,-1.4863,-7.4418,-8.7212
21.033,2.031,22.927,3.9748,12.024,9.1727,-8.3242,-6.5657,-9.3057,-8.3786,-0.48737,-5.0707,-4.3243,3.2003,1.8328,13.675,3.3337,-25.284,-17.373,-11.853,10.187,15.578,-48.441,-24.649,0.96644,-7.801,-5.0086,-0.0076112,-9.2961,-6.6258,12.378,17.477,5.6903,-3.1656,8.5225,-0.84533
15.03,-0.68261,24.462,10.08,14.842,-1.8358,-20.734,-9.7758,-20.074,-14.289,-12.223,-2.7561,7.8379,-0.67609,-4.8481,13.543,-16.68,-18.863,-9.8996,21.256,16.821,-0.29,-9.0292,-19.689,3.4691,-6.6721,-7.6982,-3.9616,-11.467,5.9899,17.459,12.947,0.82594,1.4093,25.546,5.9678
17.756,-1.9421,23.02,8.8861,8.7921,-2.5403,-9.2249,0.61735,-0.83586,-3.9441,-8.0824,-4.4604,5.5008,-14.109,-21.695,5.2366,-28.417,-29.603,10.724,26.811,0.94598,1.3262,18.129,-7.8861,0.7303,-3.2918,-2.4548,-5.0282,-3.8445,10.325,10.784,4.4409,-9.0865,2.5792,26.505,8.6972
22.507,-1.8431,19.244,11.099,5.8127,0.62162,-11.136,4.7339,-6.954,-9.8571,3.5735,-5.1222,7.4575,-12.534,-21.763,-0.95162,-26.469,8.9629,31.052,16.629,1,23.867,48.091,4.2801,-3.9518,-0.73648,6.986,-6.5612,6.905,14.094,3.9951,-4.3632,-4.2679,7.8219,11.239,8.224
20.045,-4.4434,14.688,6.0837,2.33,-6.8573,-7.7613,-0.41488,-15.393,-9.9317,0.67908,-7.8307,-0.4826,-7.3297,-1.9835,-4.219,-10.994,12.431,16.07,12.665,-27.335,16.396,55.525,6.8532,-4.7993,-0.26314,9.7252,-8.3054,8.3534,14.145,-6.0654,-5.7322,5.1997,3.3165,-3.8831,5.3355
17.614,-5.6989,17.746,11.006,4.8386,4.8041,-5.9402,-0.94523,-12.295,0.63771,7.4418,1.0691,-8.9297,-7.7483,20.226,-14.536,9.134,30.593,7.4031,6.5134,9.6221,31.285,28.468,14.062,-3.3988,-0.39642,3.898,-8.6661,3.1445,-1.6739,-9.472,-1.75,8.7818,-7.7716,-16.609,-0.77579
19.961,-3.679,22.777,6.8232,3.7822,1.584,-3.7881,9.7895,-11.833,-0.99342,17.746,-4.1294,-10.302,-17.818,5.9361,-29.498,-4.4516,30.306,-7.779,3.2081,22.634,14.2,8.5247,13.901,-1.2047,0.084194,-3.3835,-5.8997,-6.5545,-13.497,-6.9682,0.76724,12.7,-13.491,-19.921,-4.3244
18.084,-6.0994,25.312,3.4614,9.6536,11.697,-9.4214,2.8884,-3.923,1.3161,9.2742,0.058192,-4.6266,-9.2719,-6.2329,-31.643,-14.018,-8.3443,-4.384,12.607,19.925,-13.893,-11.455,-3.1226,1.452,1.3836,-4.8137,2.586,-3.8917,-17.791,-1.1333,8.2796,7.4304,-16.321,-11.106,-4.825
14.659,-13.152,13.873,-4.8933,-2.3033,4.8491,-9.9102,-0.72768,-8.2621,-3.1711,4.0252,-0.37493,-8.6574,-6.1469,-5.6713,-25.164,-32.191,-35.584,-12.878,13.454,31.011,-28.468,-24.119,-6.1765,4.6282,3.1882,3.2172,11.778,14.963,-5.3629,4.2025,9.6045,8.1243,-6.0387,-4.38,0.49673
17.952,-5.5983,19.081,1.0425,0.87248,-1.0006,-5.0711,10.617,-4.1184,-5.22,8.5747,-2.3694,-2.492,-6.6659,1.9614,-3.7726,3.5451,-25.418,4.2862,42.788,42.585,-28.986,-10.738,-0.024262,4.6913,1.0903,4.1442,11.512,23.505,14.181,9.0547,-0.59356,1.0713,9.6177,3.2356,6.6955
15.698,-7.003,23.057,-4.5492,-7.9226,-9.8591,-12.402,12.652,3.7707,-11.959,6.0362,-6.0039,11.771,-3.1797,17.925,15.456,61.584,12.028,8.8986,36.14,51.925,-8.4477,-13.734,14.835,5.1806,4.3006,1.891,10.08,18.219,17.864,12.278,-9.6846,-11.348,17.669,9.7405,7.8029
16.318,-12.507,21.701,1.403,14.236,6.3425,-6.0324,17.593,11.353,-8.7826,2.8997,2.8605,8.6155,-5.304,2.69,5.6073,56.618,38.754,30.001,-1.7032,14.825,24.185,-0.46935,19.849,2.0592,8.5285,-0.77978,2.4056,-8.3085,2.2437,2.2233,-16.262,-19.978,11.42,12.496,-0.18601
21.361,-11.288,21.526,2.6545,21.807,7.1916,-4.9802,13.855,9.9645,-5.6136,-0.004051,4.4276,11.692,14.675,3.4195,20.546,32.367,21.651,35.653,-12.723,-11.85,33.292,19.449,22.901,-3.7595,5.5945,-4.4279,-4.6599,-25.869,-9.3634,-6.3706,-7.4065,-17.634,-3.6832,12.572,-7.5219
19.428,-6.108,21.192,0.24427,14.317,9.851,6.2186,9.1644,0.19701,3.6997,11.36,2.3395,7.8435,27.049,5.3152,5.7104,-23.389,-19.011,2.0252,-14.092,-25.417,7.2424,35.149,-4.9875,-5.1055,0.073023,-2.0023,-9.8038,-17.48,-6.2488,-16.062,10.249,-5.8997,-19.503,5.3091,-12.962
19.989,-2.8648,25.021,6.3034,8.2204,-0.78782,-0.701,10.505,3.4239,-1.5548,11.531,5.7074,-6.6398,8.6163,-5.5269,-7.8948,-27.755,-5.9064,-8.9662,5.3019,-16.123,-18.392,31.317,-10.356,-7.5061,-7.1899,-3.5444,-17.028,-1.3964,3.3584,-18.54,13.429,-5.4124,-19.113,-1.0411,-17.337
20.926,-3.1937,22.611,2.4338,9.3346,0.82675,-7.1594,12.221,1.9151,-7.1908,14.707,-0.27307,-7.7462,-1.9094,-2.8482,-29.191,-0.71881,21.289,-27.997,40.532,-12.537,-47.489,20.142,-28.331,-5.3869,-6.8896,-2.8829,-8.2407,9.3683,1.4188,-17.934,-3.3729,-6.9875,-6.7916,-11.3,-10.764
17.292,-8.4367,18.053,-2.3877,10.421,8.7505,-2.7743,14.977,1.0438,-9.3645,13.981,0.556,-18.044,-6.7947,-10.221,-47.141,14.05,18.293,-42.036,27.108,-45.352,-34.906,21.747,-52.112,0.30395,0.31813,0.86049,6.0115,2.4513,-16.188,-16.053,-27.19,-3.026,6.334,-20.739,-4.2481
16.904,-4.2768,23.252,-10.006,12.857,15.726,-6.7432,27.194,-4.8815,-16.14,20.206,-9.2502,-13.389,0.30682,-6.7526,-15.87,2.5501,-24.017,-71.112,-41.86,-45.74,-18.459,-16.565,-37.927,3.3185,0.65725,0.55437,17.094,-7.4355,-24.374,4.2327,-31.234,10.207,15.566,-24.781,7.0257
12.979,-5.7206,19.591,-11.047,13.484,0.909,-21.927,16.572,-15.854,-14.533,19.655,-15.86,-2.2986,9.0988,0.72774,15.502,-17.133,-64.192,-67.673,-89.455,-14.652,-1.2372,-54.026,-26.798,5.8827,-2.2226,1.024,14.465,-8.729,-6.596,32.407,-6.024,24.704,12.974,-22.161,14.928
16.388,-4.3984,18.466,-1.1712,9.0779,-7.2609,-33.139,-9.5064,-12.506,-13.836,3.5878,-11.029,0.97351,-6.5699,-5.5506,24.955,-22.305,-59.34,5.9849,-57.356,23.148,13.507,-65.879,-5.8593,4.4764,-5.7555,-1.9375,1.4604,-0.26716,16.748,45.283,23.039,16.149,5.1595,-3.5935,12.123
16.401,-3.8265,20.81,0.94608,3.7439,-11.852,-23.413,-11.4,-2.4698,-11.135,-4.7227,-11.954,4.1883,-14.469,-5.7018,4.7719,-17.168,2.975,81.453,4.7357,43.723,13.979,-64.401,6.492,4.496,-2.5021,-4.0293,-2.7154,7.0076,28.115,29.443,27.603,-3.7655,-7.0708,13.748,11.383
15.679,-8.5088,19.867,-3.5249,6.575,-7.5634,-3.0079,12.503,0.00061164,-11.085,-0.54462,-14.133,5.7493,-16.687,-13.225,-3.2028,1.2315,26.14,80.742,26.24,5.8158,-0.26881,-29.345,6.0447,6.1763,8.3666,0.57484,3.6952,7.7151,20.043,-0.59474,8.4919,-17.438,-10.822,22.688,8.3944
15.427,-10.9,16.039,-7.4846,6.1518,2.5478,3.7335,7.9359,-0.24548,-8.9192,-10.48,-11.062,17.793,1.647,-15.582,16.004,6.1366,33.642,42.166,6.7604,-24.813,-29.704,-3.5514,24.165,3.8684,13.549,5.0768,9.2791,2.2512,2.3487,-16.131,0.20588,-12.004,-0.7783,30.432,8.745
19.75,-9.205,14.238,1.4427,8.4897,-1.3909,-6.3413,-6.0545,-10.711,-15.078,-8.2061,-8.4523,25.052,27.205,2.2635,37.815,4.6188,25.542,22.655,-15.909,-29.776,-18.763,17.136,27.276,-2.2297,9.5471,5.3194,4.4514,-1.9209,-2.8175,-16.034,5.0225,5.692,12.559,20.501,7.3444
23.262,-2.6549,15.833,6.4643,5.8548,1.8828,-0.66346,1.2587,-9.5207,-23.991,-2.6677,-2.7118,13.879,31.329,11.938,30.658,-7.6053,15.018,29.843,26.839,1.4976,19.335,64.52,39.601,-9.5671,-3.5755,0.84035,-2.6575,1.5105,-7.2885,-12.481,6.0748,9.0629,21.362,7.6979,0.8103
24.288,0.97105,21.102,8.4082,9.0329,5.5399,10.518,7.8868,-10.25,-12.932,4.1172,-4.6698,-3.4419,16.207,-0.38768,11.727,-1.5018,21.364,6.7354,41.313,21.121,38.009,39.125,35.049,-12.68,-17.001,-6.6885,-5.793,3.5964,-8.7868,-11.548,-1.6003,4.8114,12,-9.2005,-7.6363
20.098,-0.32352,18.576,4.3618,2.0776,6.5912,10.225,14.385,0.27294,-0.32517,15.619,6.8474,-15.795,-10.732,-10.054,15.76,16.75,-0.71188,-12.277,8.5238,-4.9469,48.721,23.944,24.33,-7.3582,-16.624,-2.222,-1.29,5.5585,-4.7395,-6.1419,-15.42,-7.7877,-6.7187,-23.462,-19.327
19.611,-2.267,12.673,8.3576,9.6275,6.937,-8.418,8.0389,-5.0471,-7.9064,2.213,4.2924,-23.509,-36.772,-20.183,16.299,10.423,-10.527,-14.026,-14.753,-2.4971,26.545,-8.5788,-3.2694,-2.3696,-7.4351,9.27,-0.03777,3.2719,2.5006,6.588,-10.434,-9.6275,-18.067,-15.342,-20.2
17.703,-6.4017,15.02,14.37,13.932,0.82829,2.6659,5.4445,-14.596,-2.1425,10.256,4.9721,-12.879,-25.303,10.725,21.922,14.225,7.266,9.5139,-22.228,-25.632,-8.5269,-28.936,-37.876,2.2537,4.3304,13.284,-7.6292,-0.49728,9.2694,1.6675,4.5403,5.7674,-19.737,-6.3406,-9.291
13.731,-14.376,12.788,11.554,8.3173,3.1577,7.2848,4.9807,-4.0641,1.2494,2.5091,-5.3668,-16.748,-13.682,35.573,8.4574,16.12,29.878,28.78,4.5189,-16.675,-23.703,-11.146,-34.85,7.3176,12.615,8.2489,-13.06,-2.9988,1.4432,-11.457,10.882,10.219,-10.285,11.379,7.1016
16.598,-6.9205,23.881,13.725,9.8451,12.114,7.1309,4.7999,-13.035,-9.1665,1.003,-7.2611,-7.907,-0.62434,28.489,-18.465,11.415,25.432,-25.342,21.59,30.979,-24.838,-6.4755,-6.3349,7.6329,9.0872,-7.4835,-15.275,-9.6758,-13.139,-18.401,5.1887,9.0972,0.55169,15.331,13.387
11.79,-8.8487,26.029,12.909,19.731,16.233,3.7393,10.621,-14.165,-16.246,1.2667,-7.0159,10.593,13.966,12.18,-28.806,-3.1654,-12.394,-53.884,17.746,20.29,-16.725,37.087,16.468,9.1351,5.2196,-16.271,-3.7152,-11.875,-16.646,-8.3923,-4.4546,1.0711,8.4684,3.8944,6.6698
14.72,-9.4774,22.644,4.4598,13.933,7.0065,-8.2325,13.419,5.9443,-5.8141,7.6398,2.6292,11.615,6.309,-14.996,-35.82,-24.511,-37.293,-41.158,-2.8982,1.3719,-9.2574,23.605,3.3987,3.5531,1.6726,-11.453,12.948,-6.7629,-6.8819,13.53,-12.094,-13.622,10.088,-5.7337,-5.206
19.967,-6.1147,19.496,1.7833,4.6907,-0.48569,-11.976,9.5441,-3.4086,-8.7892,17.734,-2.0781,19.166,8.9491,-24.038,-1.4412,-25.294,-21.991,-5.274,-5.5103,3.4846,10.849,-6.7144,-6.3676,-3.3594,-0.86905,-1.6262,19.164,1.7085,3.9417,18.089,-13.973,-6.1394,11.313,-13.023,-5.5991
18.317,-5.1331,19.65,1.3777,5.1098,1.8267,-5.5907,3.889,-17.727,-17.523,4.5718,-8.0306,5.5722,10.247,-10.669,32.591,-11.335,-4.179,18.005,-27.25,-28.73,11.814,-13.244,-20.947,-3.8587,0.17616,5.0163,12.936,5.3204,4.9785,10.996,-7.9069,1.6803,10.512,-1.9586,3.5641
19.574,-6.5464,15.507,13.729,11.496,7.8279,-0.21867,12.631,-0.587,-4.9665,-0.55647,-4.8698,-3.1824,7.6514,1.8855,32.811,-1.2107,-9.2428,6.9809,-39.944,4.6441,29.307,-9.6014,0.64511,-4.8611,-1.072,4.9564,-5.8811,0.58907,-2.5397,3.0773,1.0602,-0.49377,2.3071,9.9005,9.4078
17.703,-4.1382,19.304,14.783,4.8627,0.76024,-5.1085,-1.749,-9.8317,-1.8184,10.163,-6.4485,3.4961,7.8386,-2.876,11.734,-9.951,-18.775,7.6927,-25.216,9.1935,34.072,15.256,17.713,-2.4945,-1.9607,3.6758,-16.486,-0.87789,0.16383,-1.3781,17.699,5.4799,-0.75346,8.4874,10.61
18.683,-2.7864,20.612,11.486,4.2089,-4.5739,-8.7261,-7.6087,-5.034,-1.9883,10.138,-2.5466,-4.1011,4.7929,-3.1526,-20.418,-23.041,-27.392,15.269,-1.2265,-17.946,11.256,28.539,21.341,-3.2897,-2.6789,5.32,-12.595,5.194,8.8633,-3.4221,22.22,2.7893,-2.1735,3.0103,5.0906
20.511,-3.0938,15.66,8.3662,3.7777,-1.3597,2.5094,1.4008,-10.906,-1.9765,6.8525,-0.33578,-6.4412,1.8727,10.229,-23.226,-4.8095,5.7146,6.9702,41.887,9.9642,17.072,10.124,21.755,-5.743,-5.3533,10.499,-6.731,10.589,12.093,-13.949,8.8265,5.8306,-8.2328,-4.0711,-1.8104
16.119,-4.6722,15.753,6.7284,0.5178,-4.808,3.6068,10.443,-9.0227,0.74034,15.368,2.7445,-14.662,-2.76,21.933,-12.683,22.189,22.829,-9.7682,37.607,18.205,26.939,8.0159,24.077,-3.1095,-7.0821,9.7138,-2.3751,7.8238,8.9075,-13.889,-6.5179,4.2376,-16.465,-11.226,-6.8113
15.764,-2.259,26.848,5.5486,4.3035,3.7346,-7.7899,10.169,-2.8552,5.3535,12.61,1.7836,-19.938,-15.151,37.078,-25.789,20.378,16.579,-49.533,-0.50031,20.271,-14.934,5.1614,7.2933,-1.0069,-7.4223,-1.2416,1.2838,-1.8897,-0.82589,1.345,-12.56,-6.0606,-22.297,-8.6834,-8.2304
13.725,-4.5838,25.984,6.5535,15.04,4.2936,-8.4606,6.8108,0.042909,7.8165,11.267,8.4321,-12.9,-22.106,31.992,-31.012,3.4841,11.713,-25.923,-12.623,-1.9116,-55.066,-25.109,-5.484,3.7056,-2.5165,-11.002,4.9676,-9.4186,-4.7325,15.932,-7.1663,-12.019,-15.525,-7.0836,-10.895
11.739,-10.714,29.083,-4.4407,6.7054,2.3791,-16.223,2.9665,-5.3039,-12.981,11.484,0.46706,-12.357,-25.566,-1.0083,-7.6426,-4.9055,7.143,21.773,4.2041,-10.28,-53.41,-16.731,-4.6162,6.0774,4.3573,-17.91,13.354,-3.9472,-3.1113,23.354,2.0728,-9.7996,7.8495,-4.1645,-9.7097
11.682,-11.498,30.632,-3.7829,1.0589,1.7265,-5.138,7.7325,-8.7542,-17.625,3.3769,0.66074,0.0751,-10.135,-14.036,3.0817,-12.263,3.8847,34.239,-0.57657,-26.616,-31.449,-16.456,-24.441,4.1715,7.3622,-17.1,7.0827,-0.029894,-4.8073,9.4176,6.6648,0.18507,20.95,1.9527,-8.5536
10.607,-11.585,24.02,6.8955,8.8415,8.5897,1.4351,11.81,-3.5969,-8.6307,8.1893,3.3612,3.9614,0.64993,-29.458,23.935,8.5152,4.9371,37.156,3.8408,-16.375,12.505,-19.988,-31.777,2.9571,6.9884,-2.5068,-11.168,-3.5088,-10.085,-11.109,5.8347,11.97,17.086,-0.3563,-1.9773
14.329,-9.2158,21.498,2.4263,7.841,3.1306,-0.17017,2.1007,-14.119,-10.084,4.6864,-5.2354,-0.20169,1.5973,-39.282,-11.388,-3.3756,-11.22,13.473,20.883,2.0612,16.725,-13.717,-34.672,-0.52167,1.0367,11.161,-16.222,1.0712,-5.8919,-18.152,8.5898,22.979,9.2838,8.1348,11.497
12.396,-11.53,18.921,4.4224,7.5719,4.1455,-0.12894,7.7028,-10.809,-10.5,0.83532,-12.473,2.567,3.5096,-0.91929,-56.249,-26.893,-35.731,-23.389,22.648,35.229,7.9303,-19.882,-9.3875,0.79944,-2.6375,22,-6.1709,11.711,3.5229,-16.913,0.81057,12.607,-2.199,13.277,16.893
10.686,-10.727,13.54,-8.2401,0.0058628,-1.6615,2.3807,20.228,-4.1173,-8.3284,0.1955,-8.758,-1.8361,-6.3818,27.498,-37.936,10.797,-5.2407,-26.25,32.969,62.475,17.257,24.165,21.849,3.6172,-3.2111,18.694,15.945,21.987,14.842,-6.4852,-13.478,-9.4311,-11.279,8.2524,9.5614
13.712,-9.0748,27.539,-15.896,-0.6873,-6.8799,-11.535,14.071,9.017,-5.5432,0.4937,0.42867,8.7758,-8.5479,47.153,6.3549,59.986,19.562,-27.545,1.8507,16.452,1.2443,27.457,24.428,2.4774,-2.0141,-3.8003,26.037,11.954,15.377,5.6341,-19.1,-24.168,-9.3665,-2.969,-7.0238
12.753,-13.634,30.938,-6.3825,17.369,6.023,-7.592,15.401,7.2057,-3.9334,16.94,-0.76198,14.78,-8.4292,30.151,37.035,63.122,35.345,-16.875,-36.109,-35.706,-36.328,3.8754,-3.7724,0.29556,4.2656,-18.441,13.209,-19.739,-3.8768,8.0794,-13.961,-18.25,-4.4711,-20.601,-14.673
15.751,-14.35,33.799,6.6711,28.883,10.084,-8.9151,11.041,-8.2448,-12.075,6.1919,-4.257,6.6463,-5.5375,-21.247,36.451,6.7144,20.862,0.093692,-38.313,-36.519,-12.109,-24.582,-31.696,-2.8007,8.7001,-22.097,-1.0584,-35.551,-15.346,8.1725,1.5286,6.981,10.107,-14.868,-10.208
17.057,-12.304,25.486,-1.0063,16.781,7.529,-7.3668,3.6875,-13.339,-23.227,-0.71586,-8.3013,0.70649,13.441,-30.505,13.059,-61.26,-25.275,0.3277,-16.753,-2.2877,1.5784,-52.821,-23.452,-1.3706,8.0681,-11.716,-1.4397,-18.989,-12.103,5.1928,8.1505,14.608,15.959,2.7318,4.5702
14.883,-12.509,19.641,-0.35846,2.9638,2.798,-11.601,0.77101,1.03,-1.9512,-2.9695,-11.65,1.8089,24.018,-33.005,13.051,-55.58,-26.856,4.7162,-0.18472,34.648,32.828,-18.534,-16.771,3.1754,5.1166,0.80393,-1.3105,8.2277,-0.019022,1.016,0.69974,-0.40205,6.3002,22.513,16.179
13.54,-7.8343,22.764,3.6615,-0.30083,-2.9713,-6.0854,12.16,1.4244,-8.2061,-4.8898,-8.7916,10.346,17.134,-22.552,41.536,-0.67679,-1.31,6.7776,-14.421,1.7509,20.997,14.51,11.616,4.5148,-0.18562,2.0518,-7.6638,19.489,10.798,-0.66806,-7.5808,-13.586,0.62629,27.453,12.19
18.414,-4.5758,18.658,10.863,9.6343,1.9062,-7.1977,6.7126,1.6972,-3.1713,-0.98809,-12.398,17.704,18.199,-21.204,15.66,17.561,8.7842,1.9486,-35.98,-40.549,9.6821,54.318,31.662,0.31448,-1.906,1.3777,-18.981,7.2803,5.7737,0.57959,-2.8245,-12.66,-7.6895,9.9622,4.8299
20.464,-7.7033,14.702,14.151,13.108,7.3198,-6.1795,-6.4937,-12.798,-12.118,5.5486,-2.1191,15.333,15.422,-26.147,-26.565,-0.38387,10.897,-1.6288,-36.759,-32.62,16.283,48.019,13.281,-5.1721,-0.72988,5.3022,-20.097,-7.8659,-7.1132,2.7911,12.495,1.1951,-7.0843,-14.255,-10.255
20.273,-3.4747,13.07,2.2266,5.0401,2.0445,-10.579,-7.8921,-12.133,4.8459,18.97,0.8453,0.88746,15.344,-24.319,-47.805,-19.325,-4.091,11.817,-3.138,-11.466,-3.2623,14.523,6.5458,-7.9779,-6.1068,11.15,-2.3787,-7.6169,-8.8519,8.3159,24.203,9.6752,-10.096,-33.325,-17.155
20.277,-0.67386,12.484,-5.303,1.8043,2.4079,-5.2089,1.0828,-7.9701,-4.0732,9.1409,-8.7727,-7.1067,14.912,5.5165,-27.219,-21.563,-30.438,15.799,31.631,-6.8154,-7.9524,-36.867,-27.101,-6.78,-10.919,13.653,16.623,-2.9131,-5.0953,6.8917,19.778,7.9034,-2.1021,-20.038,-6.7939
18.951,-0.41863,7.6067,-3.3126,5.6236,2.3167,-1.7743,1.3554,-6.4493,-8.8248,4.4771,-5.7979,-10.966,-12.08,18.717,4.0934,-9.9333,-14.808,34.814,50.838,-5.0747,-28.681,-69.864,-33.919,-3.1926,-10.493,9.9392,19.881,0.7283,2.8093,2.9618,6.8566,7.1488,13.739,6.4469,0.36736
17.572,-1.7753,20.192,3.3112,2.0343,-8.0355,-2.6827,4.6983,-19.047,-9.2589,-5.6382,-12.348,-12.64,-25.461,20.599,30.602,-19.645,-9.2212,21.331,35.145,3.7018,18.482,-9.9786,-0.45647,-0.36289,-2.4946,-3.0693,8.9612,9.1158,16.61,2.2754,-2.6713,14.071,14.793,25.109,11.496
16.142,-8.964,18.575,-0.033787,-0.041485,-0.13774,5.5647,15.719,-9.1321,-6.9018,-8.5723,-14.327,-12.309,-16.937,17.835,22.69,-16.642,-0.65293,23.86,29.388,19.02,52.214,33.313,-4.9397,2.7855,9.1694,-5.7774,-1.3743,11.986,12.113,-3.8269,-9.7129,8.26,4.9528,22.908,13.406
15.361,-9.1315,17.3,8.3585,-5.1858,-0.97549,1.7872,11.473,-4.7779,4.206,10.676,-4.7366,-8.2498,4.8675,-9.3894,8.2886,27.37,45.533,32.653,29,51.491,25.564,37.088,15.889,4.5912,8.0353,-3.8776,-11.201,12.007,0.53361,-12.78,-12.323,-5.1842,-18.967,-7.6769,2.7591
13.902,-5.2089,17.971,5.5087,0.91243,-1.5398,7.9207,12.662,-4.0741,10.55,12.976,-12.074,0.76649,18.603,4.8242,8.3786,26.489,18.381,10.019,5.3454,12.331,-7.4583,21.145,24.936,4.9002,-2.1472,-0.79669,-8.3738,2.3889,-10.171,-23.147,-14.265,-15.456,-23.214,-18.422,1.1971
14.567,-1.2191,15.799,4.6843,15.242,15.432,12.466,20.727,4.1692,-5.2029,2.1313,-5.5301,3.7783,-3.0541,7.7172,-18.249,18.825,-16.07,-35.651,-14.448,-18.875,-46.517,-42.279,-1.599,4.0013,-9.4014,2.2787,-1.2938,-13.141,-18.733,-24.068,-15.966,-24.919,-7.4221,-12.774,-3.9205
16.923,-3.6188,21.737,5.9926,2.9892,0.84897,5.2349,13.765,-7.4404,-5.9265,6.2729,-1.4619,6.1781,-23.712,5.2987,-5.9102,-0.42543,-20.706,-57.723,-20.21,-23.077,-27.818,-19.115,9.7899,1.7947,-5.0728,-3.3533,2.2427,-9.5471,-1.2521,-7.9759,-6.1299,-6.5214,9.5018,-0.29842,-4.3847
15.74,-11.454,19.275,-1.008,3.1882,-10.205,-14.695,3.6979,-12.532,-10.814,-7.1116,-10.842,9.051,-20.982,1.7667,8.9639,-24.878,-28.587,-53.815,-38.054,-55.401,-1.3671,-6.6532,3.8596,-0.25134,6.9982,-3.2359,3.7995,-2.2294,17.577,16.903,7.103,14.143,19.821,17.519,-1.5633
16.405,-11.948,18.882,5.3997,6.7268,0.92576,-7.3603,11.071,-7.2621,-0.55382,8.0405,-4.5227,7.1036,2.2028,-8.967,5.9857,0.60531,18.379,-20.778,-13.501,-2.013,17.476,1.8403,0.2831,-2.8765,10.271,-0.41698,-4.8121,9.4134,18.667,26.048,15.03,21.731,9.0472,11.942,-8.1641
19.352,-7.5456,18.11,9.4626,0.93469,1.1002,-8.1443,3.0467,-23.621,-8.5728,-2.0791,-2.0699,2.0589,18.979,-1.3292,-5.1995,7.1621,52.271,30.391,17.713,41.309,29.942,34.839,-4.662,-6.1046,1.3773,3.6597,-6.0953,16.467,14.203,26.738,17.702,16.821,-1.9867,7.9402,-4.315
18.669,-4.4715,17.836,3.7502,4.4186,4.3858,-8.4297,7.3402,-2.9026,1.6907,4.6768,-5.7063,-4.7083,7.6646,4.7617,-22.889,30.621,32.199,30.415,27.057,37.224,1.763,19.849,-26.77,-5.6824,-10.466,6.4427,3.1767,7.3615,-1.4144,14.292,0.42554,-16.392,-15.952,-3.7714,5.2732
15.638,-5.7021,19.133,-2.7829,7.9233,14.201,1.035,14.42,5.9429,3.0346,11.99,-12.581,-15.566,-16.826,13.201,-7.0755,42.449,35.519,54.278,30.177,9.0827,-3.4442,24.043,-4.189,-1.7158,-13.976,1.5359,10.079,-0.90283,-10.573,-1.2736,-11.924,-26.487,-16.014,-16.107,10.528
15.908,-9.0372,20.751,0.078001,18.543,10.475,3.2574,18.913,-3.4317,-5.476,10.931,-12.652,-12.496,-32.223,15.981,22.807,19.769,19.683,38.736,-17.605,-67.862,-45.591,-11.619,26.413,2.8896,-5.8303,-2.7918,10.009,-12.934,-13.534,-11.421,-17.404,-12.301,-5.5461,-9.8797,8.2969
12.949,-13.676,23.253,7.761,15.097,15.815,13.151,12.349,-18.815,-6.7115,6.8157,-0.69151,-2.6261,-30.956,0.74052,22.35,8.074,5.6656,19.863,-19.576,-38.58,-26.45,-29.96,21.385,7.9742,6.0358,-5.4074,-2.3315,-13.316,-19.857,-20.394,-14.286,11.697,-0.10471,-2.1652,-5.3117
13.765,-16.596,23.767,9.8817,10.716,13.42,4.8802,-0.42715,-24.455,-16.232,1.4547,1.5553,3.2696,-14.422,-2.9668,12.442,-16.861,-20.543,-9.4813,-35.089,-0.44769,-14.465,-2.548,1.9275,8.2168,14.752,-5.4427,-15.73,-6.9668,-15.478,-14.921,-3.3987,23.006,7.6224,8.4226,-11.214
15.396,-17.4,17.996,3.4901,15.874,15.561,10.155,14.302,-2.8357,-4.8128,1.748,-8.9921,16.422,4.452,-4.3622,-13.551,-5.8161,-43.652,-23.585,-32.513,33.863,-19.531,8.6822,-18.505,4.8933,15.216,-5.5145,-14.197,-6.8847,-7.5896,-7.8784,2.4361,7.4254,6.5787,5.4578,-3.3243
16.319,-14.386,21.897,8.4344,9.7241,0.33067,0.014918,0.39204,-11.645,-13.658,12.19,-7.5381,19.064,23.832,-8.681,-37.892,-8.1194,-33.048,-14.146,-28.13,10.945,-10.938,11.174,-9.7106,0.022598,9.1529,-10.026,-6.065,-4.7617,5.0317,2.3933,17.684,-0.74713,9.306,-8.2053,2.2935
19.883,-12.555,22.007,1.7092,12.685,0.53368,3.7913,-4.3172,-8.2883,-17.764,5.789,-5.3973,13.943,25.996,-23.975,-23.469,-30.721,-26.029,-17.197,-10.875,-7.1497,4.6799,-9.5317,10.583,-5.9806,1.2199,-9.2049,8.0882,-4.473,10.14,4.9689,24.651,-4.5193,9.0193,-10.476,3.0976
21.053,-7.1029,17.421,-8.1737,8.2511,4.4093,0.98884,-5.1828,-16.256,-15.225,5.0209,-5.0974,4.622,20.57,-43.29,-12.924,-28.218,-4.1955,-0.70917,42.512,16.323,19.96,-34.468,-1.1486,-8.659,-8.9944,-0.55189,16.891,4.1767,9.4019,7.5619,19.357,5.1309,4.798,-7.2844,-1.9925
20,-8.044,8.2465,0.059676,1.2499,0.50706,1.0695,11.652,-4.1052,-1.689,0.56685,-4.9211,-6.2603,12.183,-33.082,14.406,-18.132,-7.3806,-5.4593,55.423,8.5774,10.116,-20.878,-7.2981,-7.7106,-12.214,13.75,12.109,11.395,9.2776,7.8973,0.69947,10.276,2.8616,5.3575,-2.8977
18.571,-6.3565,7.132,2.7974,1.3328,-1.7538,1.0212,13.663,-5.5753,-11.715,-2.4324,-8.3505,-14.129,-14.233,-6.8866,27.627,6.4696,4.6369,17.795,35.506,28.736,10.334,-19.575,-10.733,-2.6552,-9.3998,22.232,5.3607,9.0811,4.333,-1.9538,-15.908,12.131,8.066,18.203,3.4462
17.994,-6.8369,10.61,3.4268,7.0782,-0.075104,1.0455,13.971,-9.3399,-14.461,-0.92338,-7.4198,-15.234,-17.673,26.574,16.8,8.9124,15.943,13.038,-3.8746,38.023,23.801,9.8095,0.88641,2.5214,-0.20627,20.098,-3.6626,2.3019,-2.0107,-12.747,-20.906,7.2653,7.0696,18.342,5.0614
14.992,-14.823,12.796,3.9562,8.5718,7.0188,9.8982,11.411,0.7297,-3.6725,-4.0215,-9.2145,-4.1669,-11.501,38.043,12.683,3.6655,5.8078,-19.727,-7.3778,62.253,53.447,41.201,11.99,5.2398,10.37,8.3002,-9.017,-5.8208,-9.6834,-18.38,-12.357,-12.563,-5.6117,12.589,4.9267
14.173,-12.647,18.702,7.8803,2.0866,4.092,3.15,10.841,11.754,6.1901,6.2661,-4.0458,1.3654,9.7851,44.942,3.5653,-5.2204,-18.019,-50.436,-27.666,28.145,23.907,40.445,6.6472,5.1301,10.646,-8.7385,-9.1104,-0.72308,-3.3169,-0.84137,3.2598,-25.477,-17.766,-5.1337,-1.198
18.398,-9.2019,22.108,6.912,5.6614,-0.93344,-9.8943,11.54,15.005,4.683,14.573,-4.0424,3.7702,23.887,25.431,-10.841,-15.568,-26.799,-42.368,-14.384,-29.14,-17.778,28.051,11.02,-0.23813,4.8567,-21.27,-6.2152,5.5058,8.9609,18.722,10.927,-23.389,-18.975,-20.75,-4.3388
16.973,-4.7549,28.425,3.7315,5.9232,-5.1087,-14.276,0.073645,-2.4047,-6.6851,10.002,-6.6823,6.4479,17.86,-10.812,-16.99,14.914,15.661,20.151,15.928,-43.665,-29.416,-9.2841,-4.6187,-2.5892,-0.040688,-21.556,0.30545,9.7589,14.786,23.156,13.955,-0.22116,2.6872,-17.274,-5.7735
15.477,-6.8258,20.649,0.61031,-1.1305,-1.7803,-2.5726,9.602,-6.7611,-6.1241,8.1359,-2.3861,-7.8989,8.745,-40.43,-8.1156,21.128,33.772,38.589,25.46,-18.786,-14.767,-37.684,-4.071,-1.5309,-0.71413,-5.7999,3.3137,6.6177,5.2752,3.0384,-3.4309,11.4,12.313,-5.4808,-4.9798
18.858,-4.9054,14.025,2.5361,12.939,12.346,9.5648,19.774,0.80416,-3.1143,4.8428,-7.1833,-5.7463,17.153,-29.907,3.73,25.226,25.626,24.863,22.188,21.862,35.838,-13.057,-14.675,-1.5593,-3.2044,11.133,-2.4548,-9.8529,-14.82,-27.028,-22.077,4.5937,-0.18297,6.2361,0.73495
13.507,-4.7542,9.0925,3.4519,12.717,7.225,-2.5201,14.42,4.0073,-4.4857,-1.6893,-5.8273,2.213,20.67,5.9789,-4.632,12.364,-5.4054,-29.532,-34.669,-4.9034,11.159,2.5332,-8.851,-0.0080128,-9.8965,14.439,-12.193,-16.459,-19.13,-29.622,-19.886,-5.6322,-17.591,7.7792,1.9694
15.085,2.7855,19.25,4.1757,11.613,3.2016,-1.8706,8.7591,3.1422,10.414,8.386,-12.299,-6.4047,-4.1244,21.649,-31.006,-29.969,-38.85,-80.93,-64.392,-27.638,-43.293,1.7875,1.4461,-2.01,-16.027,4.3354,-9.7736,-12.267,-6.6337,-9.5486,-1.4091,-6.1156,-21.505,0.041914,8.7658
18.47,-0.33631,21.027,-2.5255,5.715,0.089271,-11.621,-2.2251,-10.382,-7.3092,7.6309,-4.2538,-7.6097,-30.099,5.9854,-51.71,-33.57,-29.641,-56.622,-30.681,-22.196,-63.158,-6.2106,-2.2842,-2.1482,-10.161,-2.5866,9.5485,0.6697,8.6298,22.2,21.904,6.9521,6.2553,-0.62441,7.0225
13.174,-9.1765,18.882,-9.9782,1.4559,-3.5112,-26.35,-4.1001,-5.8202,-23.349,1.0765,-7.2471,-10.885,-37.6,-8.2336,-21.599,-13.143,4.5752,-9.3343,13.149,-0.069207,-34.532,-8.4757,25.871,3.4857,5.0166,-0.92622,27.167,12.389,14.426,39.946,28.2,9.676,33.053,3.0325,4.0997
10.657,-13.823,12.269,-15.326,1.0104,-4.2389,-18.591,5.5088,-2.6097,-19.183,-1.1399,-9.4954,-6.2877,-13.398,7.9869,38.407,7.2996,16.031,45.669,36.079,16.073,38.054,4.5428,14.049,6.1617,15.212,4.62,25.727,8.1973,8.4183,29.944,15.428,2.0981,29.824,1.6655,0.62387
13.549,-9.2715,19.512,-0.22324,7.3935,7.6533,-3.0524,11.466,-0.77847,-0.91461,8.5335,3.2574,10.363,12.608,16.017,59.769,11.542,10.446,67.656,43.229,1.6074,71.366,11.573,13.778,4.5865,11.52,-0.93705,-3.3682,-4.0304,-3.3864,2.2626,-9.5836,-5.7151,6.9706,-0.93548,-6.6789
15.138,-6.9877,24.705,11.8,6.3961,2.5225,-0.4351,8.0311,-4.8662,0.50065,6.1738,-2.4816,12.575,20.855,16.96,36.239,-4.9259,9.5152,54.601,31.421,-12.544,33.015,-7.9075,6.8817,-0.67021,2.246,-5.338,-26.614,-3.5267,-3.9677,-19.632,-24.152,-2.8515,-18.892,3.2023,-1.122
16.115,-6.2898,20.673,6.3431,4.5341,-1.6688,-1.5999,16.253,-3.8883,2.4922,3.2063,-3.865,2.6161,2.8745,-17.406,-37.356,-27.182,-9.0988,-2.4877,-32.44,-14.336,2.8408,-6.9279,-3.9396,-3.5307,-3.9972,0.86191,-24.365,7.7775,0.66944,-17.317,-25.748,6.3114,-26.485,9.2484,-0.018996
15.662,-4.8858,20.169,-0.49012,-0.022823,5.1798,7.983,18.826,-7.3269,-4.3784,-2.43,-2.4934,-5.7654,2.6991,-1.9917,-46.101,9.0283,5.9649,-17.42,-46.845,9.7875,-22.143,29.805,17.298,-1.305,-2.611,5.2953,-5.2969,18.987,2.8833,-2.8091,-10.548,11.069,-12.306,8.7685,-1.8626
14.595,-8.8851,13.077,-12.756,-2.9882,1.7753,-8.5054,-10.151,-6.7162,2.9453,9.3715,1.2935,1.8791,1.7003,29.802,-20.888,43.452,15.569,17.08,-46.38,21.998,-33.48,38.959,8.4751,2.5694,4.1469,4.6321,15.384,16.494,5.1998,14.598,19.836,8.1323,1.0112,-6.1591,-4.994
13.016,-4.3404,27.507,-1.7005,14.671,3.7829,-5.6923,-2.1892,1.4415,-10.798,17.994,3.588,6.4183,8.3873,19.833,1.52,54.694,11.598,30.772,-14.347,24.633,-10.354,12.992,-8.6385,4.4802,4.4045,-10.042,15.335,-7.2903,2.8176,11.786,25.231,-2.1376,14.186,-23.289,-11.731
18.377,-5.7124,31.905,-3.4956,18.913,6.8139,13.778,3.5709,2.7267,-11.038,12.474,-2.6681,9.3714,20.765,-5.157,15.754,32.454,14.084,46.409,50.492,18.903,2.0023,-29.317,-15.941,-0.18591,1.3647,-14.596,11.14,-23.339,0.92663,-6.6266,18.641,-8.7373,16.705,-15.723,-6.5712
16.98,-2.2786,20.671,-4.3603,16.373,8.4595,12.227,4.7919,0.26796,-2.5638,2.5145,-4.8318,12.89,15.189,-34.724,12.255,-21.924,20.796,26.845,30.876,0.64729,31.044,-52.502,-29.15,-4.9171,-6.9235,-2.0017,6.3713,-22.493,-4.6665,-14.835,5.7235,-9.4356,6.8394,3.8103,1.639
17.299,0.46631,13.917,-3.5489,12.388,6.4788,5.7392,11.604,3.3221,-0.17042,2.4528,-2.4673,-2.2862,5.1229,-15.899,29.447,-34.934,15.603,-14.089,24.214,-9.6954,29.343,-6.9076,-14.125,-7.7423,-14.936,9.4121,4.3182,-6.349,-11.612,-15.278,-9.0831,-11.282,-1.9002,15.377,0.64437
20,0.1649,19.139,4.4534,6.972,14.348,11.749,9.232,1.4675,-0.70933,-3.2468,-11.088,-12.338,-18.409,15.195,26.53,-24.074,-12.494,-13.153,27.41,-8.2459,10.172,20.839,-1.3516,-7.558,-13.299,8.003,-0.77887,11.08,-17.125,-13.037,-6.931,-5.4844,-8.3399,14.974,1.0536
15.724,-4.3726,24.721,6.821,6.1468,11.671,6.9722,13.458,-2.7207,2.7062,11.901,-6.6028,-16.726,-37.118,16.944,30.208,1.784,-27.33,-9.9822,6.8097,-33.062,2.9378,10.896,-26.619,-1.949,-4.4138,-1.2105,-10.151,9.9714,-12.629,-9.4183,-10.072,-0.40457,-11.683,-3.3028,-2.0771
11.598,-9.0637,22.866,3.7198,7.4567,-0.38374,5.0342,17.57,-0.83355,1.0837,8.2098,-3.4399,-17.681,-30.184,-11.13,7.98,15.114,-43.364,-40.393,4.9235,-15.091,2.5478,13.468,-17.635,0.87065,4.3758,-2.0962,-14.952,1.9736,-0.22045,-13.359,-10.843,6.9411,-10.863,-10.362,-1.1895
13.137,-13.479,20.525,11.922,13.037,0.17963,4.1057,10.84,-12.059,0.40194,2.1725,-19.601,-9.3602,-11.059,-8.7891,-12.031,-4.6718,-32.105,-47.561,-14.904,-8.2957,-25.26,-19.736,-16.369,0.50468,6.6955,5.8174,-17.169,-3.7694,8.8936,-11.212,-5.0748,13.248,-11.562,-9.5936,9.7238
12.453,-10.374,15.672,5.893,11.084,-1.5881,-7.0139,13.003,-1.4091,1.7167,8.3514,-13.406,-11.668,-9.5599,17.58,-27.113,-10.979,-11.209,-61.157,-15.948,14.076,-30.046,-15.654,-12.424,0.82665,2.82,13.763,-5.7779,0.59716,17.008,9.5997,-0.12247,6.5917,-6.0784,-4.1693,13.517
10.616,-9.2468,23.924,-0.28125,1.9973,-3.779,-10.784,8.2897,-6.5808,-10.24,1.962,-9.804,-17.209,-13.953,31.676,-38.092,-4.0164,1.0602,-55.66,-8.1287,18.594,-38.573,-22.511,19.394,1.4557,0.34059,4.9977,4.6512,9.1956,17.44,27.384,7.1502,1.4875,11.206,9.5965,13.141
7.0237,-15.959,29.957,-3.735,7.4874,-4.0091,-18.1,10.871,3.4656,-8.6182,0.48778,-14.55,-9.6229,-14.637,37.454,-7.8788,17.773,25.094,11.655,0.92347,4.4228,-21.188,-5.9912,32.068,6.0645,4.3865,-10.662,8.7319,5.8418,10.421,34.522,8.1565,-4.5669,19.239,14.948,8.6131
7.2468,-17.662,29.22,-2.3105,12.827,1.9202,-18.181,7.8416,-5.199,-13.717,-5.1511,-9.3315,-3.1045,-6.8175,6.2629,1.6078,26.931,36.942,52.955,12.411,3.9682,26.342,23.415,27.089,9.0204,9.8375,-15.379,5.7581,-2.5658,-2.1546,22.658,2.9632,-5.1637,16.94,13.517,-3.8723
9.3266,-13.485,31.75,2.9682,14.555,8.1093,2.5122,13.688,0.11139,-7.1389,8.9124,2.3915,11.602,8.805,-23.023,-3.3032,2.7567,22.955,57.145,14.565,-1.4457,33.689,36.124,26.794,5.9264,10.833,-9.9803,0.46718,-5.0376,-18.203,-6.3498,-4.754,-2.5069,7.4056,4.1893,-10.621
7.9128,-13.893,26.159,-2.829,11.929,8.633,5.3876,13.086,-2.9196,2.191,9.457,-4.7302,17.28,23.514,-14.98,-11.59,-9.3376,-8.6432,34.885,-0.1335,-4.2907,18.69,24.017,2.6703,1.7634,7.5379,1.0763,3.1997,-4.0798,-19.828,-17.4,-2.6455,0.86859,-2.3473,0.40129,-8.6005
12.492,-13.442,19.976,-5.1274,9.3151,4.1119,-1.3114,15.531,1.603,0.27203,11.246,-3.4539,9.8168,24.363,-1.8262,1.0557,10.719,-43.128,-11.059,-16.574,-3.9821,19.666,14.654,-8.8257,-4.7097,0.14722,4.5046,5.1434,-1.3392,-5.0128,-11.582,-1.1637,0.7686,-4.0311,-5.292,-7.4234
14.304,-5.9268,27.617,-4.0574,10.779,-0.40268,1.1731,6.8535,-8.0902,-8.0775,5.6908,-5.0736,6.605,23.093,1.0456,15.427,2.5506,-29.156,0.058949,14.753,9.5794,21.617,36.156,1.8962,-6.5471,-6.1402,-2.0744,2.9755,-0.49065,12.719,-3.0724,4.0964,4.1103,-1.3524,-8.3063,0.68042
11.039,-5.286,30.108,4.1103,20.49,-8.9369,-0.91009,8.5178,0.70569,7.8284,18.122,-1.8497,-6.6088,9.7516,-8.513,8.9056,-9.8836,8.1472,16.647,1.3029,-4.5377,12.07,3.5948,-9.936,-2.5772,-5.4246,-5.5237,-3.0724,-2.2265,22.612,4.0067,2.0172,-0.16499,-6.6747,-12.259,4.4648
11.942,-6.4243,21.616,0.26551,7.6169,0.57942,5.2165,23.969,2.3188,9.2213,24.097,-4.5843,-7.242,0.11873,-22.009,-0.63696,-1.4896,29.314,5.6698,11.41,16.539,15.726,-11.985,6.6275,0.57541,-2.7071,0.89871,0.028332,3.3159,10.399,-4.6349,-6.9301,-2.2183,-6.6603,-8.2864,6.3202
10.369,-8.3171,18.721,-2.8361,5.9542,7.6945,4.9904,7.6245,-5.8703,-2.3423,3.8402,-8.6666,3.8542,8.7274,-17.917,-6.2743,1.6067,40.697,6.1692,-4.8168,-8.2866,-10.762,-22.568,11.133,2.9719,-1.9619,7.4737,3.9121,-0.25221,-6.5878,-7.6124,-2.3153,-2.0703,-3.0127,3.711,4.3258
11.019,-4.3519,22.307,-0.90272,17.302,5.9385,1.0577,13.005,3.4671,4.8711,6.8396,1.6486,4.2505,10.07,10.241,23.158,13.385,6.562,-17.876,-16.838,0.36213,-0.26817,7.8058,22.963,0.92268,-6.8133,9.7076,5.5945,-10.529,-13.38,2.4137,4.1034,-2.9681,-3.0343,-1.9839,-8.5326
13.428,-1.9585,20.804,1.5573,16.451,8.7319,4.2539,11.592,-4.0118,4.6223,15.467,0.60013,2.5045,-5.0333,12.731,16.568,-18.582,-13.416,-9.642,3.8501,-6.8009,5.0038,12.254,3.5252,-1.3156,-10.758,3.0094,3.7709,-9.4382,-12.03,4.3787,12.361,6.3953,2.6066,-10.413,-12.357
12.537,-4.5688,25.695,9.648,9.0611,3.3417,-3.3534,13.567,1.5706,5.6049,22.186,2.2638,-1.9538,-27.067,11.205,15.914,-44.041,-10.531,25.644,27.594,0.95511,-7.3279,-39.316,-32.232,0.95498,-4.4871,-8.1873,-6.0963,-0.86119,0.3136,2.5141,6.5661,1.5638,-2.0736,-17.821,-9.6043
10.862,-10.725,23.392,0.17274,0.78351,2.2849,2.375,9.2687,-8.3225,-0.20736,2.2941,-7.2116,0.37852,-26.494,-3.3521,16.202,-16.871,-10.908,6.3026,34.77,23.393,5.8006,-51.073,-23.054,1.8445,5.521,-9.6691,-10.386,10.604,8.9035,-6.9175,-10.128,-2.2758,-6.042,-7.459,-0.082253
11.325,-13.502,26.615,7.7466,3.1147,3.8963,14.819,27.964,6.1,3.622,-6.2318,-10.561,10.088,-1.6358,-22.654,-7.1403,8.2237,6.8758,-13.278,0.53277,-6.9157,-11.035,-49.634,-11.769,-2.0642,6.5384,-5.4305,-15.714,8.6492,7.873,-12.546,-24.43,-10.366,-5.4728,6.8445,8.1326
14.223,-10.739,18.668,10.609,10.988,3.0008,-1.6811,21.779,5.4202,8.5141,4.1394,-4.5144,5.7059,9.8558,-18.685,-23.833,8.3048,22.398,-24.769,-33.262,-14.245,-23.353,-19.881,-7.1175,-8.3761,-1.9794,9.2865,-9.6491,-0.4993,0.70493,-3.7621,-18.741,-5.534,-0.39747,12.387,7.1231
15.901,-5.38,16.73,0.85963,8.0707,6.4216,-7.9645,7.5785,-8.7586,-4.2732,-3.5534,-4.9691,-14.938,-12.55,-8.2803,-42.641,-13.383,12.181,-21.551,-60.538,-32.055,-20.115,-20.689,0.46321,-9.8288,-9.7952,18.377,5.9019,1.0585,-8.7408,-1.5849,-2.4149,9.2772,7.7857,18.933,7.8502
11.427,-9.8585,18.992,-8.3001,2.4579,12.221,1.3825,2.8303,-8.0155,-7.9363,-8.9857,-13.566,-28.988,-30.934,35.894,-14.293,-8.5646,-10.035,-8.3717,-28.401,8.2929,8.3535,-3.6107,6.4456,-0.57114,-3.824,15.694,14.605,8.6544,-7.733,-1.4556,9.5953,12.268,2.1995,16.39,5.7596
5.2539,-20.217,22.313,-4.1192,0.68843,5.3764,2.5117,7.1687,-3.2096,1.7895,-10.014,-5.8037,-21.708,-30.217,41.943,17.599,21.951,-20.611,-29.401,-13.972,28.202,12.041,36.894,20.701,10.9,8.4539,4.4885,12.152,11.374,0.15457,0.6437,12.338,5.8439,-13.581,10.851,-2.0514
5.0525,-18.787,33.823,5.9521,10.397,-1.4944,-11.105,7.7828,6.7921,9.6595,5.5641,-0.87437,6.2351,-0.43063,34.673,19.071,33.91,0.12922,-28.121,-8.568,16.968,-28.433,33.277,11.562,14.813,11.873,-13.726,-4.08,-0.79799,5.0973,13.213,10.448,-7.0217,-23.708,-2.29,-4.8557
8.2335,-16.024,30.286,2.5332,15.077,2.9737,-16.421,-1.8836,-2.0616,-7.0507,7.6184,-0.96488,21.948,14.468,14.773,1.4365,22.249,7.8713,-8.4577,-8.7652,-7.1731,-69.625,15.123,-12.352,8.7904,7.7629,-18.3,-11.222,-12.578,6.4104,29.935,13.549,-7.026,-9.8584,-7.6443,-4.3033
13.054,-12.17,32.342,-2.0909,12.219,13.487,-3.2116,3.0725,-0.10542,-17.733,-1.1633,-10.205,23.249,6.0876,-19.153,-26.611,-12.704,1.2098,47.22,21.236,-9.1283,-69.354,-4.1753,-1.3068,-1.1287,1.1249,-15.261,-3.1149,-8.3625,0.060814,25.848,13.68,0.91125,17.412,1.177,-1.2055
12.227,-16.292,30.44,0.62053,10.902,1.8213,-5.6639,5.1412,-3.3474,-19.327,0.91137,-7.3144,13.737,5.3385,-22.644,-15.672,-17.635,10.9,82.604,38.873,6.1196,-16.791,17.398,5.6183,-6.2332,-1.439,-8.1957,5.1426,4.4345,0.2036,9.0983,6.366,8.0112,31.915,8.9378,-2.2248
14.68,-15.609,24.17,-6.3973,6.1323,-0.31326,7.1262,14.888,2.8709,-18.88,6.83,1.6469,4.6976,9.7586,-22.925,12.05,12.04,-1.0813,55.586,36.013,14.878,32.21,38.024,-3.4505,-5.2717,-0.56277,1.0451,6.6206,13.495,-0.10454,-17.399,-14.429,3.9229,25.663,9.8594,-9.2101
14.289,-11.635,23.05,-3.1495,9.3025,15.324,19.712,11.645,-0.48994,-14.873,12.321,-4.0817,0.058119,5.4372,-24.319,7.8184,32.05,10.035,32.851,15.676,20.88,39.168,38.712,-22.404,0.11427,-1.0544,2.7283,-4.5356,4.015,-7.8469,-29.803,-23.996,-0.89234,7.7334,0.83507,-6.7106
14.372,-9.6192,24.574,5.8194,19.038,6.1951,11.894,17.827,5.9048,-3.8545,12.144,-13.546,3.7296,3.2244,-13.09,-5.2535,29.928,1.1199,-14.898,-39.311,3.1063,30.982,34.465,-33.346,2.9189,0.85933,4.3213,-12.555,-13.182,-6.4102,-22.924,-24.2,-8.2065,-6.7101,-9.0189,6.0455
12.41,-16.568,18.078,-1.5786,20.474,3.5845,8.3777,11.51,5.5755,-7.2552,17.61,-10.92,14.792,3.3338,-13.92,-29.698,-6.5042,-29.435,-31.17,-43.446,7.5438,22.49,23.353,-12.987,0.91784,7.2469,9.8857,-4.1745,-23.658,-7.015,-13.276,-11.4,-16.353,-8.203,-15.05,14.701
17.484,-11.531,20.111,-9.8095,15.511,6.1165,5.3442,-4.6996,1.3913,-7.1974,21.418,-11.607,11.925,15.107,-6.5186,-31.969,-34.593,-13.398,-27.022,-55.427,-19.487,6.9989,0.60892,22.069,-4.8926,6.3931,12.16,10.627,-18.37,-3.8121,-2.3722,12.135,-15.853,-8.6395,-18.393,16.649
20.129,-9.0127,18.322,-10.184,7.8143,0.64613,7.4015,1.1852,5.5387,-1.9563,19.361,-11.545,0.54957,35.731,21.824,0.30353,-53.978,-17.782,-27.468,-33.265,-49.588,10.144,-19.611,23.393,-8.8533,-0.89869,12.404,20.507,-1.8996,1.4251,2.1548,17.513,-14.65,-14.466,-15.64,5.4655
16.475,-5.8434,21.193,-5.8623,8.0718,0.9655,-1.1291,-4.7239,-3.8201,-3.0045,11.573,-2.1997,-13.612,18.991,29.839,32.882,-38.186,-23.767,-28.611,16.272,-47.595,-6.0423,-36.017,31.707,-3.6907,-8.6754,6.2482,14.868,11.762,0.24241,7.3001,18.562,0.74338,-14.209,-6.2376,-6.6441
13.19,-1.5466,28.449,-3.4004,-2.7954,-2.7308,-2.1197,-5.1103,-16.613,-4.2795,12.727,-3.9266,-16.706,-3.1019,29.921,40.413,-14.206,-17.125,-19.602,8.2721,-51.653,-43.318,-36.535,9.5215,3.2157,-13.251,-4.9501,4.2472,24.955,5.4422,12.127,12.163,16.653,-8.2176,0.74544,-7.8251
14.148,-5.7683,29.967,3.2397,1.7228,-4.0786,-4.2007,6.5843,-11.331,-9.057,6.7264,0.43704,2.0991,-8.8538,20.674,22.317,4.3312,-12.514,5.5454,16.615,-14.737,-37.315,-22.117,-4.2162,5.1405,-7.0736,-12.248,-4.0222,19.345,6.077,10.754,7.5224,23.577,9.4179,7.1633,-5.9866
12.94,-10.601,28.895,5.4718,3.8857,-5.3941,-0.86359,-0.33285,-16.532,-20.589,3.5168,-8.1022,8.7725,-16.6,1.6555,26.822,49.541,3.803,16.091,27.377,17.247,-15.307,-22.834,2.2293,2.6092,0.3811,-14.79,-7.3578,6.7606,1.4952,1.5792,10.274,22.969,26.5,9.497,3.3376
17.65,-5.743,31.307,0.85985,6.8968,-3.9599,1.0156,1.1949,-11.229,-13.507,5.12,-2.22,-0.64867,-9.6272,-17.27,19.566,26.667,-3.8459,7.3123,44.332,35.841,27.042,-7.0507,5.4196,-1.4932,3.7192,-9.5668,-5.7284,-4.9162,1.9283,-5.9389,0.4054,7.0536,18.28,4.5612,0.69468
15.825,-9.8595,28.606,11.2,19.388,-0.88866,3.3176,11.273,-8.0399,-9.7082,2.1135,-1.4835,-2.2861,-0.80965,-25.056,4.9994,8.4294,-13.983,-12.589,45.781,37.904,57.002,3.4171,21.392,0.46285,6.5886,-0.43797,-9.4662,-15.296,1.6468,-6.7412,-14.178,-7.7068,1.9437,3.2613,-4.6757
12.381,-10.953,21.476,10.158,7.3048,-8.2543,-2.6351,22.947,2.3436,-0.97642,3.9027,-0.16257,0.1623,1.8469,-13.804,4.5859,0.30591,6.0205,-9.8092,9.4398,10.202,17.928,-12.436,-10.324,4.2434,2.5072,6.4612,-7.2444,-8.4671,7.6611,1.5339,-19.777,-11.356,-10.498,0.14397,-7.9028
14.431,-8.4012,21.282,3.3222,7.8964,-10.238,-5.3328,11.682,-4.3667,1.6465,5.834,1.5649,10.681,10.605,-2.2673,-13.019,-13.756,7.1036,-9.0546,-26.068,-8.4678,-1.032,-3.8344,-13.277,1.9275,-3.3281,7.9087,-1.5111,-1.6356,8.2293,5.3868,-8.6856,-2.5959,-10.018,-1.4334,-5.7655
18.428,-5.5487,28.066,7.0919,12.796,3.7252,0.43618,5.7105,-7.9644,-10.22,-2.9585,-8.9061,14.085,-2.7989,3.6413,-7.6469,-4.5764,23.916,13.214,-18.628,2.2459,3.5686,-2.7051,-16.76,-4.8844,-8.1584,5.2893,-0.45506,2.607,2.9759,3.3632,-0.44199,1.6351,0.23208,0.18274,7.8396
18.142,-7.2589,24.177,6.2243,9.7648,-3.3266,-2.7454,6.8575,-7.1198,-5.6023,3.6268,-3.7504,0.39033,-15.127,5.7641,3.5602,2.6924,18.216,2.8332,16.388,28.903,14.093,-8.6154,-4.2181,-10.12,-6.4055,5.0624,-1.5055,1.4582,0.32603,0.32725,-5.9181,-8.9072,-4.1986,0.21591,10.946
17.568,-12.923,21.849,4.884,4.0824,0.24805,2.6784,16.045,4.8431,4.4323,3.6537,-5.8849,-19.114,-26.079,8.6265,-5.979,5.1166,15.344,1.0628,-13.998,-0.30761,11.526,-9.1322,24.345,-9.7926,1.8296,5.9023,-3.7086,1.2562,-2.3882,-4.3635,-12.436,-17.799,-10.217,8.1809,12.468
15.056,-12.277,27.273,6.2063,13.599,0.60805,-5.0373,14.708,3.6809,1.3668,-1.7798,-2.0548,-23.319,-9.7825,20.552,-21.38,-11.312,13.02,-1.3426,-57.974,-51.727,-26.004,0.45862,20.899,-1.9422,6.8352,1.7788,-0.31435,-0.21613,-1.0504,-0.0057447,-9.4158,-13.927,-6.9059,16.121,8.7851
10.414,-16.079,30.832,4.1114,13.437,9.4299,2.1135,-5.2136,-13.519,-7.9417,-4.8212,2.4184,-23.024,3.677,25.759,-13.719,8.7064,14.573,-6.5153,-43.627,-46.433,-27.469,33.662,33.023,7.0082,9.1569,-6.9302,6.7281,1.8887,-0.48431,2.6147,10.313,3.4546,2.7618,9.1966,-3.2911
10.06,-10.572,29.962,-4.0797,-0.56818,-1.4077,-3.1342,-11.5,-23.803,-12.417,8.0936,2.5476,-7.3662,4.1709,6.0918,5.8586,-0.18319,13.349,6.5935,-15.877,-17.67,-0.93877,50.59,35.368,11.01,6.3609,-14.291,10.01,6.4522,2.9364,2.4371,17.616,14.933,10.864,-6.8187,-12.858
8.5543,-11.937,33.384,3.1673,15.519,8.5425,-1.5307,7.3359,-4.632,-2.4104,15.548,8.3255,7.9504,12.729,-18.794,14.042,8.9957,12.758,10.168,16.517,-0.062905,12.803,11.785,0.65486,10.958,7.3098,-15.13,3.2137,-0.35576,-0.84163,-1.5411,6.5593,6.2701,4.4479,-21.166,-20.076
12.303,-12.263,29.043,9.6077,12.466,7.7262,0.081616,0.49476,-9.5976,-1.8683,13.331,12.676,16.246,17.496,-28.627,14.788,20.805,28.609,2.5015,0.035421,-0.24575,8.1823,-22.696,-27.208,4.7831,8.5382,-6.5222,-5.1515,-0.27061,-4.9155,-10.006,-1.1852,2.336,-1.2272,-16.975,-18.374
13.267,-8.8693,21.894,4.2887,11.417,11.242,5.5896,-2.9524,-20.653,-6.8148,-1.5472,-2.3182,19.958,33.563,-32.529,-2.1159,-3.5663,2.7349,-12.175,-18.786,-23.795,-9.79,-35.526,-36.071,-0.71939,2.1222,3.5151,-5.0097,-3.1098,-9.1811,-11.281,2.0567,8.8697,0.22546,-0.57202,-2.3093
15.826,-3.3583,21.393,2.7538,11.885,11.547,-5.4436,-6.338,-15.915,-6.1237,5.2932,-5.7346,10.546,36.445,-19.652,-11.82,4.7448,-6.2173,-32.267,-4.1515,5.8761,4.2217,-10.631,-38.138,-3.4166,-5.5771,7.5273,-1.6863,-8.1647,-14.011,-2.8466,9.6625,9.9118,2.3435,5.1807,8.9497
16.772,0.39211,20.944,5.5363,14.027,7.9994,-4.8556,1.3592,-13.371,-5.1777,1.8037,-0.505,7.2039,13.865,-5.7064,2.2974,1.4768,-15.734,-28.855,28.894,41.225,15.91,2.8925,-5.4269,-4.482,-11.149,8.3692,2.4419,-2.6327,-7.655,9.5727,9.0808,3.1161,0.084026,2.8761,10.666
15.823,1.3291,19.692,3.0738,13.534,6.2389,-10.829,-3.7368,-10.3,-0.57602,6.3395,-7.2998,5.5406,-0.54016,-4.4021,4.15,-22.541,-32.209,-3.3913,24.508,16.803,7.0499,-16.002,2.2185,-4.3371,-11.754,8.4251,1.2497,0.17125,-5.2469,17.628,-2.1526,-14.371,-3.7735,-3.0642,9.6325
16.871,-4.2803,19.892,5.2774,11.331,6.0289,-6.1451,10.194,-2.8475,-1.6335,-0.62412,-4.249,0.050789,-3.6872,1.6917,2.1085,-3.0873,-22.545,21.251,12.288,-13.679,-10.784,-18.461,-2.921,-6.392,-8.7204,6.8754,-4.9716,4.073,1.9097,13.791,-15.418,-22.876,-0.029952,3.0728,1.7509
18.547,-1.2922,19.719,4.9583,1.9626,-3.5721,-6.4945,1.4987,-12.775,-4.3708,-1.4938,-2.7533,-7.5634,-13.55,18.775,-5.4773,7.883,-29.046,30.822,-6.6115,-38.526,-1.2988,-15.276,8.7721,-7.9257,-9.3386,0.85343,-6.7256,4.9882,10.231,4.7946,-12.467,-3.4258,9.7713,10.892,1.1245
15.435,-0.14084,21.777,5.6484,18.269,1.6327,3.6026,4.8854,-18.973,-8.6723,-3.51,-4.2387,-18.204,-23.232,17.082,-17.747,6.6297,-7.767,22.995,-32.635,-45.492,19.935,17.894,0.050882,-4.0181,-5.1048,-8.3428,-5.8914,-9.5269,8.8687,-4.7923,-4.8404,17.764,6.4465,7.8453,3.3323
12.76,-7.5158,28.137,0.14971,14.007,-6.0863,-0.2922,-4.3882,-21.501,2.294,0.14452,-2.9189,-24.961,-37.461,-7.8303,-19.55,-2.4581,11.556,19.71,-15.365,15.581,40.547,20.282,6.3551,3.2609,7.9291,-13.756,0.75449,-11.775,8.7389,-8.0469,10.235,30.778,-9.6806,-3.0472,0.65452
10.663,-12.784,24.224,-1.1918,8.6241,3.4025,2.251,-3.1802,-21.231,5.0015,7.5036,-4.1408,-11.341,-17.256,-26.72,-20.312,-45.551,1.4978,2.845,-7.5373,48.09,0.52575,2.9874,14.949,8.8919,18.42,-6.1264,6.7283,-3.1895,-0.8518,-11.939,15.316,24.388,-18.618,-8.5624,1.022
8.453,-13.701,14.58,-1.3967,5.5559,1.3208,4.0362,-2.1509,-3.8556,9.0659,3.1402,0.37529,5.3095,23.107,-28.103,-0.42213,-24.899,10.016,0.6618,32.016,68.57,-39.997,-23.059,4.5956,10.62,20.672,10.364,10.468,8.6055,-1.427,-11.499,6.9401,0.35091,-13.877,0.8919,-2.7116
11.918,-5.6763,15.195,-3.7345,-0.28143,-1.322,2.8609,-0.0018731,-3.7506,-11.795,-3.5141,1.5888,11.12,38.582,-3.4128,6.3306,1.9028,-11.256,-27.177,20.253,49.954,-32.883,-3.2484,6.0406,5.2493,7.74,16.721,8.6645,15.73,8.9205,0.7475,-1.7791,-16.937,11.433,14.126,-4.7701
14.787,0.48384,18.599,1.21,6.0099,1.2839,-0.26625,10.03,4.0442,-9.3063,-5.876,-3.4859,16.908,37.978,32.336,19.469,16.843,10.798,-22.776,5.4406,16.403,-12.132,27.859,-2.7486,-1.393,-7.4727,10.758,1.9698,2.2221,9.4908,16.646,-11.604,-27.799,20.442,14.644,-4.7736
13.056,-0.5855,20.508,0.67015,9.3485,-2.2072,-9.1861,0.8556,-0.20353,-2.2537,10.387,0.81007,9.1062,14.008,26.665,13.064,12.227,45.709,18.302,-3.1455,-10.51,43.759,48.16,-5.2294,-5.0201,-13.37,-3.219,-4.1829,-9.3628,3.147,21.14,-3.6687,-20.881,10.423,-2.226,-8.9641
16.338,2.7428,28.092,6.1356,9.1622,7.1621,-1.3285,0.14064,2.5726,-1.7711,10.119,-0.60964,-0.64819,-1.9693,10.648,6.0602,-18.951,28.987,61.154,-14.306,-40.193,23.894,24.457,-13.638,-6.9215,-13.233,-11.325,-11.245,-11.003,-15.755,3.732,2.5277,-7.1349,-7.3213,-18.232,-5.8747
15.695,0.19838,23.782,0.33484,4.2557,18.594,12.543,3.3703,-8.2697,6.3167,12.569,-2.4641,-5.2021,-8.2932,-8.6639,-7.8795,-27.015,-4.6159,36.558,11.783,-26.151,1.2177,-12.678,-33.335,-4.9994,-11.62,-2.8001,-8.615,1.4318,-23.844,-18.372,6.4734,11.851,-23.539,-21.71,6.0492
13.143,-0.89275,22.286,4.4078,-0.91908,5.377,19.446,1.62,-12.019,-1.6446,5.2622,-8.6676,-10.545,-17.038,-6.6256,-26.282,-18.549,-42.813,-13.244,10.615,-11.451,-27.468,-32.88,-18.069,-0.41068,-12.074,7.1168,-6.8043,16.045,-6.8277,-28.213,6.3812,21.763,-14.883,-10.456,19.981
12.052,-2.9143,19.078,-2.4057,0.88181,-3.6225,-1.2945,6.0073,-5.9832,-1.7081,6.477,-11.829,-10.942,-36.558,21.301,-13.84,19.185,-37.613,-36.361,16.761,34.375,-48.254,-31.721,27.232,2.1231,-9.1913,9.3696,0.47596,16.3,12.862,-15.412,-4.5565,9.6583,0.28264,5.936,26.443
12.887,-4.22,27.131,-5.6349,1.5744,-3.1364,-1.032,4.1296,-4.2961,-11.493,-3.2751,-4.9619,0.1684,-48.208,31.249,-24.981,38.175,11.347,-43.453,15.111,38.36,-25.787,-18.299,55.982,4.1872,2.1148,-3.5269,6.0675,2.3068,13.651,-3.2065,-10.359,-8.4076,13.816,15.505,10.031
10.352,-16.417,32.01,-1.5637,12.601,4.044,4.6013,10.496,5.0564,-12.886,0.97671,9.2993,0.056458,-38.665,19.247,-6.1497,26.123,32.612,-25.4,-13.248,-2.7646,1.7904,9.7116,61.854,6.6743,18.499,-19.618,7.9469,-14.437,-1.3259,4.0559,-10.625,-25.916,16.508,15.911,-12.317
14.077,-18.245,31.445,-8.5039,12.309,7.2174,-5.2283,6.931,1.6411,-8.9491,-1.137,8.7594,4.8913,-5.4106,-23.233,0.21113,-10.484,-9.6698,-34.758,-26.176,-34.919,16.588,23.927,14.777,5.5502,23.399,-24.586,13.764,-17.852,-12.411,10.481,-3.7476,-19.573,2.2593,2.3214,-23.969
11.485,-15.234,26.545,-4.046,8.5761,7.5065,-11.896,-2.0173,-10.334,-2.0847,10.264,12.238,20.068,34.54,-49.548,13.298,-28.671,-33.734,-20.429,-15.721,-58.568,13.098,26.721,-13.752,2.956,14.711,-15.325,8.3188,-9.8293,-7.2478,12.305,1.8305,-1.23,-12.717,-19.806,-29.108
14.766,-7.5167,18.247,-4.2881,-1.6551,-9.7026,-10.162,-2.7019,-14.06,-8.5994,4.045,0.95762,17.914,32.184,-57.282,34.115,-23.688,-17.537,6.4668,-2.391,-31.601,-20.144,-15.196,-26.061,-6.0278,-2.151,8.3838,5.1946,7.4596,11.2,9.4192,1.1037,13.493,-14.564,-25.461,-14.136
20.042,-4.5113,13.835,2.9776,5.2477,-4.3629,-3.1465,7.4522,-16.377,-6.5119,11.746,6.3244,8.3253,16.092,-40.356,18.492,-16.422,0.30675,15.512,-15.988,-10.573,-43.427,-69.758,-63.268,-14.052,-14.756,26.713,-3.8286,15.014,12.614,1.6993,1.5583,20.912,-4.211,-12.097,2.1516
18.756,-7.5149,9.1586,5.0418,2.1291,4.3835,-6.3697,1.0008,-11.138,-16.808,-9.4763,-1.3145,-19.377,-6.9415,14.09,23.587,20.688,29.31,-5.6324,-20.524,8.5484,-27.97,-55.138,-31.147,-11.04,-11.502,32.052,-11.479,13.902,3.963,0.67441,11.703,14.222,13.785,18.312,15.076
13.653,-7.1891,10.911,0.53507,-1.5269,0.61684,-6.0362,-11.863,-17.082,-19.694,-17.855,-18.26,-31.548,-19.678,48.328,-0.58053,24.209,5.912,-5.8834,1.1375,25.915,-4.0441,-13.796,-0.45067,-1.3333,-4.1228,20.552,-9.1203,11.52,0.7324,7.1764,22.423,8.1879,24.047,38.688,24.661
8.2721,-9.6485,26.754,8.7267,12.076,2.4626,-11.533,-3.3067,-9.4336,-15.993,-8.7238,-2.3233,-17.349,-7.4417,58.637,-13.744,25.508,-0.52498,20.537,47.559,21.263,29.088,48.384,17.911,9.3864,5.2004,-4.4961,-6.9937,2.8993,0.042741,12.604,11.251,-8.1692,18.564,28.822,12.873
9.51,-13.284,29.202,0.8449,12.379,-0.44649,-3.5064,10.175,-4.2715,-8.9412,4.4718,6.6034,0.64512,-4.272,40.132,-8.4434,38.768,18.886,38.31,62.088,24.008,48.279,71.92,35.51,10.198,9.3163,-20.35,2.8932,1.3449,9.1337,2.4049,-14.658,-16.228,8.3369,10.807,3.2923
12.153,-8.1884,29.332,-1.9853,7.9305,4.6527,2.6337,13.762,-6.9117,-7.6402,3.5522,-4.7909,11.459,11.357,-4.2923,-7.4499,27.905,23.037,35.289,5.2536,-31.344,38.69,46.112,15.237,5.2481,7.0709,-22.828,6.9128,-2.5863,8.5966,-13.322,-28.698,-4.9625,-0.65244,-3.3271,-0.36168
12.035,-10.055,29.688,1.6694,19.93,8.965,6.035,10.647,-6.3386,0.2687,11.967,0.72836,5.0389,17.503,-21.959,10.738,29.735,39.8,-1.2353,-50.998,-28.92,32.839,41.374,17.348,1.7736,4.2257,-15.162,4.2996,-12.612,1.1028,-15.133,-14.196,11.066,-8.0115,-8.5814,-4.4474
12.739,-5.584,24.364,4.5895,22.253,9.2752,1.3405,-0.91612,-24.072,-1.2531,10.585,8.2329,6.6946,17.025,-24.458,11.229,17.094,32.001,-26.3,-39.389,22.915,33.546,47.022,25.184,-1.0861,-1.9032,-0.459,2.3172,-16.863,-5.524,-0.069221,12.599,23.88,-13.95,-16.654,-8.8278
11.736,-5.8341,20.706,2.9265,20.085,17.142,-3.4775,-7.9854,-10.151,4.2849,21.643,8.7654,11.895,14.023,-25.594,3.7154,-18.888,19.918,-6.5593,13.428,52.208,10.793,28.559,8.2995,-1.4939,-3.8579,4.0572,-2.947,-19.069,-17.782,13.274,22.741,5.6434,-16.867,-30.672,-15.442
15.65,-1.7864,21.594,3.0004,16.4,16.565,-5.7601,3.3831,6.4523,7.1246,22.225,3.7825,2.6003,3.5817,-4.7693,7.6472,-32.099,5.3576,37.605,36.037,47.494,-20.036,-30.75,-24.378,-4.4103,-6.2346,3.5965,-5.0978,-12.142,-22.236,8.4779,11.622,-13.964,-11.875,-28.509,-12.025
16.527,-4.9426,18.276,4.3217,13.413,15.279,6.3057,15.211,4.5035,1.4765,20.427,7.1033,-0.38332,4.9357,-11.517,-2.2062,-41.015,-35.79,33.184,24.994,-12.993,-24.703,-73.102,-35.081,-3.9685,-7.7821,2.9513,-2.0927,1.3428,-17.151,-11.946,-3.8193,-15.241,-4.5025,-13.821,-4.879
11.644,-4.2389,23.195,7.7156,9.5397,12.886,15.251,5.5038,-7.6525,-9.8668,-4.1825,-3.1248,-9.2179,-9.6044,-13.514,-11.3,-32.552,-51.325,-3.7825,12.935,-14.302,-8.079,-44.692,-13.252,-1.1135,-9.6343,-0.61642,-4.253,11.395,-3.6963,-24.505,-4.8716,-3.2991,1.2994,9.048,3.2175
13.548,-2.14,14.147,-0.53412,3.0075,1.0869,2.609,3.4514,-9.5953,0.42927,-1.7047,-5.3215,-2.0382,-18.294,-6.4654,2.7257,-11.947,-37.495,-45.595,5.8819,6.9007,-17.697,-33.573,-21.659,-0.8937,-7.1097,6.7842,-1.4429,20.353,15.337,-11.956,-4.1683,5.0563,-2.7038,14.045,0.30081
12.53,-7.9899,16.901,-0.22158,5.3267,-2.0018,-5.803,15.73,6.3507,3.6088,10.945,3.3691,-2.1398,-32.975,-10.377,-16.084,10.342,-12.271,-45.531,21.235,21.052,-17.042,-5.2745,-15.001,2.2487,4.6994,12.449,1.7309,16.508,18.586,7.3101,-13.208,-9.5232,-1.3474,11.375,-2.9662
15.065,-12.214,18.19,9.6531,9.5457,3.9755,-5.9647,13.039,0.95222,-14.11,-3.9238,-6.973,-8.3908,-18.928,20.836,-7.0287,39.305,21.369,-5.7203,0.0027532,-5.388,-33.74,-22.586,-32.702,1.3416,11.253,12.686,0.53064,7.4113,10.351,20.289,-16.924,-17.009,15.11,22.262,6.8664
9.8152,-15.689,15.985,-5.4198,11.442,5.3056,-3.2272,11.327,-2.4005,-11.118,-5.7103,-9.7998,5.2018,14.209,35.08,2.2317,24.359,12.174,12.831,-50.166,-55.774,-6.7942,6.6886,-22.561,2.2846,10.682,7.2974,6.6953,-0.29904,-0.91795,14.852,-13.256,-14.797,17.843,21.369,14.024
10.71,-7.7541,25.023,-1.4494,19.603,8.1175,-1.5391,5.6544,-7.9137,-9.0775,-4.6703,-15.088,0.99927,14.378,34.234,-3.7788,18.1,2.0374,26.671,-43.036,-39.729,52.731,71.756,16.453,2.5332,2.66,-9.1493,1.3928,-10.433,-11.849,-0.42069,2.006,1.1321,10.374,9.804,13.702
17.309,-3.1154,31.025,6.4455,12.478,2.0143,-1.6004,-5.6604,-17.103,-2.3045,14.662,-3.8537,4.5881,3.7841,19.411,15.768,19.449,-7.1953,12.535,-23.526,-35.764,28.936,54.399,30.543,-0.92773,-3.5102,-20.966,-4.3096,-9.5898,-9.8986,-8.8715,19.374,18.765,-8.5715,-16.853,-2.1497
11.818,-11.312,27.787,1.831,18.078,6.6398,6.5575,0.014709,-11.561,7.849,21.768,-1.7195,4.5822,-0.41513,-17.076,-6.8328,-10.405,-28.192,-7.6759,-3.287,-9.7326,0.2633,2.5786,9.258,0.038125,-1.2554,-23.278,-3.9085,-11.901,-5.092,-12.208,15.522,16.173,-20.4,-31.552,-17.026
11.555,-12.018,24.309,0.82397,21.929,2.4468,-1.0079,2.384,-18.459,-5.1135,8.2702,-1.2127,-1.2283,4.0551,-44.093,-17.789,-9.3374,-22.204,-14.353,26.831,23.051,-23.418,-42.988,-29.712,-0.45924,1.397,-10.727,-0.43246,-7.507,6.2439,-1.6988,7.2502,12.803,-7.435,-15.016,-16.661
15.878,-3.5103,19.843,-2.055,9.6748,-6.1948,-5.6733,-0.011323,-12.102,-7.5414,-0.18485,-11.78,4.0981,7.9662,-50.404,-6.5426,-27.01,-15.918,-20.923,9.3963,11.728,-23.093,-37.312,-38.548,0.493,0.11749,9.4586,5.6015,4.3941,15.285,12.029,2.0072,4.0757,6.1412,9.1142,-0.17134
14.665,-4.9887,12.95,-0.50617,12.011,-2.6703,-2.6617,7.768,-5.307,-6.3182,4.1449,-13.679,2.5339,6.5786,-17.56,13.461,-9.7831,17.887,10.665,6.3833,17.523,3.4392,-0.73798,-28.859,2.6545,-0.8985,23.44,3.8532,12.594,13.046,20.585,2.1812,-1.3076,7.2223,15.561,15.875
12.312,-10.844,8.2642,-0.77521,9.5317,1.2392,-3.0772,2.0209,-12.273,-3.0954,5.1744,-14.76,5.1661,-1.0894,16.951,5.5496,11.789,28.187,39.961,16.973,13.41,17.541,27.025,7.9749,1.7534,-1.8714,23.996,-2.2267,16.324,6.9257,20.384,4.5374,6.2898,1.7463,7.4557,23.158
14.605,-5.0622,21.318,6.9144,17.109,7.6735,3.0265,4.5596,-9.6117,-5.6169,5.2216,-14.152,11.51,4.0904,39.429,-4.5693,34.235,20.974,58.131,33.948,15.672,-7.6234,2.6497,26.404,-2.4724,-7.094,8.743,-6.5026,-0.13282,-6.3832,0.63184,-6.3795,-0.55683,-9.7528,-8.8982,18.065
18.491,-4.0182,24.134,-2.9904,13.02,2.727,11.463,10.079,-3.2449,0.87845,12.789,-7.5561,8.3769,-0.1469,41.084,-8.6614,32.601,17.167,57.265,18.301,44.102,-8.8306,-1.7275,49.609,-6.9089,-8.8199,-4.6315,-0.61092,-14.62,-5.2833,-20.629,-12.413,-6.2841,-14.777,-16.231,4.1658
17.33,-6.3561,24.73,-1.6832,27.384,7.0731,19.134,20.713,-1.9849,-12.117,1.6623,-4.0797,-11.434,-29.363,14.088,-11.947,-20.853,-8.5184,5.1717,-26.178,-0.60703,-32.139,-30.853,40.65,-6.2376,-4.0681,-10.454,3.2143,-20.909,-1.415,-34.117,-10.893,-9.2947,-4.8411,-6.2338,-3.6929
15.138,-10.27,27.1,-0.8071,20.695,10.123,17.502,3.0945,5.9645,-4.2607,6.0902,5.0083,-17.907,-28.462,6.4639,6.1839,-33.767,16.517,-36.703,-15.03,-9.8705,-44.084,-37.379,21.681,0.628,7.7529,-14.921,3.5916,-10.814,-0.0039313,-29.969,-1.3119,-14.698,4.7589,4.2002,-8.7186
10.565,-16.618,26.879,-0.15078,2.8447,-0.28365,2.5929,-5.037,-14.52,-19.117,-6.8552,-0.10907,-6.5363,-2.0922,4.4701,4.0794,-37.126,14.224,-65.467,-3.8525,-3.8151,-14.202,-10.693,21.903,8.1788,18.448,-14.336,2.1163,6.5574,0.59871,-7.3642,1.641,-4.8539,23.336,19.985,-6.1986
12.92,-13.119,26.292,-0.66471,8.4061,14.664,1.3818,15.44,-1.9127,-17.664,-1.6416,1.2989,9.0683,24.982,-28.712,1.2836,-13.334,5.7759,-57.259,0.57841,-27.782,5.9959,9.1937,15.389,5.3131,11.369,-13.817,-1.2349,9.2196,-7.2419,12.387,-7.166,-7.2977,28.597,20.896,-3.459
15.171,-5.9779,27.369,0.28532,14.965,11.915,-5.5401,12.614,0.04612,-12.517,0.18159,8.7266,15.973,36.152,-40.004,1.0847,1.7172,-0.15408,-21.372,-25.777,-15.921,59.5,45.784,12.802,-1.472,-3.3197,-5.9644,-0.80191,7.623,-3.0953,22.948,-4.3439,-5.4235,16.316,11.267,-8.3367
17.369,-3.0989,12.499,-0.38335,7.9675,6.9117,-7.061,-5.4419,-15.209,-4.5628,7.1687,8.2852,-2.5961,9.2604,-40.385,1.5069,-7.0909,-12.503,3.1845,-39.898,-40.306,62.052,38.864,8.9362,-6.7909,-14.133,7.4326,-0.85765,2.5585,-0.24115,15.924,6.7687,-0.56487,-6.7287,1.4046,-6.041
16.327,-3.5515,13.773,0.25091,3.9226,3.5155,-3.8716,-7.4846,-15.832,4.0832,11.632,2.799,-8.0642,-10.83,-19.515,-0.041789,-2.1329,7.8872,19.051,-5.334,-24.67,39.348,30.807,-16.554,-5.8437,-14.188,10.485,-3.7545,-6.8367,-5.6743,-1.1682,12.806,-3.5803,-28.835,-10.55,-4.2052
11.044,-9.7017,12.897,0.10592,10.382,12.612,2.1398,5.5402,-14.127,5.0625,12.065,8.7308,-12.868,-22.191,-1.7934,-2.4414,1.3834,0.54955,2.152,24.201,-26.231,-17.571,23.706,-0.13739,0.82929,-3.8962,8.9706,-2.7934,-10.912,-12.885,-10.27,2.1526,1.5647,-22.992,-10.947,-3.2857
14.301,-8.0916,17.413,0.019789,12.691,13.008,-0.61474,4.4562,-12.83,2.3448,13.137,0.22705,-8.1096,-19.061,-6.8766,-15.713,-36.703,-35.052,-26.696,6.2032,-40.86,-44.861,0.61487,-3.687,3.4565,4.0332,5.5515,1.5325,-8.2071,-14.132,-6.4151,-7.7361,9.038,1.6038,-13.164,-0.70171
11.948,-11.924,9.7829,-1.4885,4.2748,2.4403,-7.6134,0.68804,-29.826,-12.479,18.269,9.5025,1.5731,-6.1051,-1.8516,-4.6242,-44.366,-55.459,-25.29,-34.903,-24.388,-10.806,-0.77345,-13.925,4.2481,7.2006,6.1762,6.9293,7.7854,3.7044,8.9676,-6.5357,22.839,26.032,-15.586,-7.9929
11.82,-11.971,11.892,-6.8086,-11.376,-8.9244,-12.343,-1.957,-28.412,-9.5766,8.8373,0.56964,1.9979,1.2929,8.2717,8.7123,-20.294,-34.769,0.69726,-14.463,19.598,43.985,-22.775,-13.168,2.3029,6.048,4.8691,8.3265,29.401,25.091,24.315,10.191,30.881,27.846,-10.55,-4.2928
13.071,-10.815,14.732,1.208,0.23233,-4.1511,-4.6411,-8.7047,-18.529,5.6204,13.828,1.5968,3.3187,3.6352,21.513,19.992,32.106,18.93,33.293,1.8554,57.734,68.168,-42.528,-35.361,1.439,4.0949,-1.3354,-3.6797,24.014,29.205,20.113,22.871,21.256,2.1371,-2.1989,5.7905
14.738,-8,19.074,3.0277,4.5658,-1.0808,-1.7523,1.9212,-8.6796,15.287,3.9695,-2.4041,2.532,6.3084,5.7863,13.611,72.067,53.21,65.589,38.78,72.484,54.883,-31.259,-14.433,1.5242,2.6136,-6.7873,-11.721,6.114,16.454,1.5224,7.2282,0.98601,-25.163,12.813,16.453
12.148,-12.092,16.948,3.5894,12.357,7.9836,3.7376,-0.32338,-10.825,9.1727,-0.56098,-6.6912,8.501,11.862,-7.286,-25.472,29.521,46.576,42.827,52.83,55.452,-5.5697,-7.526,15.66,1.4267,4.0577,-4.2194,-6.5845,-13.871,-3.8969,-16.168,-6.8574,-16.497,-34.565,17.407,20.608
13.548,-8.1778,13.677,-1.1939,18.596,11.613,16.262,13.242,3.9777,16.089,0.40257,-2.5029,7.0277,10.248,-11.265,-27.158,11.569,33.677,3.5422,-3.8087,25.669,-44.964,23.787,43.589,-0.7463,2.5657,0.734,8.0725,-20.612,-16.705,-23.795,-20.194,-30.079,-28.108,9.0844,5.7091
17.917,-4.7947,13.787,-9.4171,7.9777,12.79,7.7655,12.05,2.8678,2.4347,11.849,9.4762,8.2043,21.954,8.942,7.4542,-7.0012,9.2119,-16.522,-11.137,-1.3421,-54.733,16.984,38.669,-4.3699,0.23994,1.4121,18.864,-8.09,-18.664,-7.3988,-7.4251,-27.318,-8.8687,-6.7829,-13.14
15.368,-6.525,15.022,-4.0482,12.54,13.355,-1.9951,-6.1696,-2.6914,-3.8255,9.6579,11.307,-1.0511,14.091,1.3423,37.51,-12.734,-11.634,-23.714,-30.207,-49.514,-61.074,1.9085,2.608,-3.0546,-0.017062,-2.6049,6.7656,-3.2497,-18.116,6.3297,16.993,-17.112,10.024,-11.474,-20.615
15.34,-1.9417,20.747,8.7437,11.884,11.719,4.6048,3.8138,-8.1616,-8.2365,3.3032,5.7384,-9.3089,11.14,-6.5294,36.515,1.2223,-24.088,19.461,28.904,-43.547,-41.858,-30.502,-29.55,-0.88173,-2.8536,-5.0773,-12.241,0.62919,-12.18,7.9508,18.678,-0.90769,21.876,-1.5373,-14.656
14.311,-2.559,10.868,8.4807,10.276,6.3318,5.9852,2.2566,-15.265,-9.1124,5.6296,0.66994,0.51125,15.569,-16.554,-7.8606,-8.7913,-40.253,17.199,61.137,-38.788,-1.2829,-9.8412,-25.377,1.6169,-2.0577,5.2721,-17.786,0.90123,-4.3365,2.9666,11.974,16.952,23.14,7.7537,-5.9199
13.791,-1.2077,12.6,2.5759,9.721,4.2574,13.506,22.288,-12.619,-15.851,-1.388,0.019228,3.0144,6.9465,-7.4962,-31.063,-5.8266,-37.38,2.7753,36.578,-11.244,24.753,15.172,-20.618,0.32182,-3.6629,12.16,-11.93,-9.0459,-2.6473,-12.632,-17.526,18.795,13.797,13.493,0.48678
16.398,0.89265,10.818,-4.8947,9.2258,-3.041,2.154,15.162,-19.857,-0.65973,7.0829,1.4778,0.87177,5.8989,28.186,-17.629,-4.7035,-26.671,-0.53789,25.827,19.094,21.323,17.84,-31.458,-3.6716,-6.7374,11.233,-0.9245,-14.947,0.43766,-15.57,-28.936,15.115,-2.6791,2.2408,2.931
15.804,-0.19425,17.023,-0.10026,9.496,-2.2846,7.9081,15.65,-11.487,-0.086274,10.162,-4.9745,-7.8801,-2.3395,31.901,-18.248,-46.051,-44.116,-34.831,-41.069,21.487,15.825,23.123,-24.076,-1.9879,-8.226,1.2751,2.648,-13.984,1.3756,-20.985,-25.728,0.18586,-6.0484,-8.2504,3.9433
13.74,-0.11629,22.75,1.0045,8.0363,-3.7324,8.5151,18.489,-6.2834,-6.3333,8.7746,-12.562,-12.399,-13.475,19.914,-18.891,-63.414,-34.696,-41.849,-44.719,20.42,-10.215,-2.6127,-8.9926,1.3086,-9.567,-9.2845,7.3572,2.4222,9.1374,-13.779,-13.094,-8.0651,0.091128,-11.253,7.5762
11.18,-1.873,22.585,-9.4978,-12.71,-17.455,-7.0903,0.090181,-8.662,-5.1016,9.3277,-4.9989,-0.2893,-24.497,3.0153,-17.192,-46.391,-26.489,-81.497,-56.788,-10.977,10.28,-15.854,-12.134,2.9334,-6.1469,-6.3564,21.902,33.875,26.057,12.137,10.53,-4.2791,4.4028,-6.4011,6.6892
12.51,-5.0054,17.995,-9.6412,-11.378,-12.804,-11.271,0.58228,-11.06,-3.2594,6.1939,-3.0063,3.6195,-30.858,-3.7935,18.629,7.5774,10.203,-46.1,-31.786,-4.9995,24.551,-18.935,0.45217,0.019627,1.1526,1.2004,22.554,39.222,24.915,32.003,14.083,1.2922,2.2695,2.999,6.9927
16.274,-9.9981,20.908,-3.3736,-3.9925,-10.993,-22.947,-3.7901,-14.588,3.5167,3.5258,-15.819,-1.2223,-24.383,11.973,72.502,87.829,63.718,27.979,5.1134,12.801,20.456,-0.72141,4.6474,-2.8752,8.183,3.5577,6.4948,16.715,12.382,38.433,12.475,0.47438,-10.394,5.0996,9.4291
13.003,-11.482,21.691,7.2568,7.4663,-1.8616,-6.6066,4.536,-5.8201,1.6331,2.2082,-6.9257,-11.835,-7.7689,21.438,49.032,65.587,44.775,63.427,-5.2564,14.991,-3.9554,4.8164,17.58,0.13864,11.01,-0.69781,-15.481,-15.359,-9.0403,9.5853,0.083762,-12.52,-15.803,3.5776,3.1907
10.322,-10.826,26.723,18.304,21.782,8.9332,4.5671,0.67006,-4.8811,2.6803,10.96,-0.71551,-6.9382,4.8738,8.1885,0.080489,8.1788,18.138,55.904,-7.6767,-18.601,-27.438,-2.2312,26.447,3.8617,7.4888,-8.8491,-21.765,-32.079,-22.386,-19.941,-6.1515,-19.442,-15.156,-2.0208,-1.2116
9.5689,-8.476,25.806,4.0358,8.528,-0.37996,6.6854,-4.276,-8.4173,-4.8189,4.8851,-1.7682,7.1706,9.5664,-5.3902,-22.564,-29.392,-12.208,-12.136,-24.972,-51.896,-30.518,-0.29166,5.5058,5.1705,2.558,-8.4474,-2.924,-12.137,-9.7376,-24.606,5.0827,-9.1109,-7.3516,-6.221,-7.3429
14.522,-9.0645,22.945,-1.7228,-0.43388,-2.665,-1.6408,-3.2225,-22.59,-6.9761,1.0717,-5.1744,8.5834,4.3935,-18.859,-0.52737,-25.076,-19.72,-33.944,-15.786,-50.963,-42.042,-8.2713,4.6267,1.3545,1.1772,-0.1861,8.8296,10.11,5.3081,-8.7001,10.233,10.948,1.7772,-4.7904,-10.864
14.488,-7.5799,20.885,5.9882,3.8782,-2.1664,-9.5707,-6.004,-22.914,-8.7977,7.0064,-1.9434,6.257,5.261,-7.2757,34.716,21.53,15.016,-14.678,24.212,-14.382,-33.411,-23.269,-8.2239,-1.4695,1.9778,6.9092,0.89795,9.9071,9.9162,12.386,8.2812,17.971,11.1,-1.6758,-11.951
12.154,-9.0771,19.755,17.064,11.569,-0.033625,-4.2767,-6.359,-23.114,-16.351,5.7635,1.6854,0.29091,12.912,8.2007,15.588,33.269,31.066,13.675,18.895,17.38,-17.105,-14.694,-21.007,-0.23141,3.3448,6.971,-14.813,-4.5999,0.94794,13.643,1.6766,14.653,22.909,7.9869,-11.243
13.881,-5.8392,23.764,12,13.291,5.8121,0.66446,9.3981,-15.346,-16.837,-9.0952,-9.31,3.9691,15.196,15.626,-26.132,-9.0297,11.98,25.983,-0.90701,3.7884,12.515,-5.4593,-41.433,-0.47206,0.79765,-3.4264,-18.719,-15.819,-6.5945,9.3148,0.49085,10.282,26.135,15.227,-1.2654
14.971,-3.4786,25.606,3.0655,11.494,8.879,0.078841,-1.4762,-17.684,-11.509,1.7753,-11.994,8.5703,16.15,4.5453,-44.169,-32.796,-13.463,13.94,5.1563,13.218,49.539,22.759,-34.982,-2.0545,-2.4698,-10.337,-7.1737,-10.09,-5.1896,2.2344,8.1091,8.4006,15.303,9.0247,16.108
15.064,-2.7812,25.772,-0.078545,-0.59926,-0.63287,1.243,-8.8989,-23.735,-4.9612,6.2709,-15.82,-0.24299,7.6305,-22.58,-29.002,-24.53,4.3078,31.764,33.535,39.111,63.942,34.14,-7.5631,-5.679,-5.8451,-5.956,3.0667,3.9278,1.5561,-5.0965,11.57,7.1697,-6.115,-1.5868,26.43
15.848,-2.531,21.023,1.0192,2.1165,-3.5424,2.4038,5.3676,-12.311,2.4804,9.4598,-12.551,-7.8755,4.3459,-24.379,-18.845,-9.4282,8.9543,21.956,42.219,41.723,33.696,10.629,42.598,-5.9441,-7.2154,7.2065,5.0015,5.2137,3.5076,-14.799,-3.1719,-7.4732,-25.226,-11.909,17.538
13.321,-2.4978,14.765,-1.478,5.7151,14.177,15.384,22.744,1.5228,8.1395,4.1327,-12.813,-16.203,-8.1274,0.30835,-23.461,-1.0745,8.552,-3.5076,38.411,25.385,-10.138,-7.3285,51.927,-0.62508,-4.11,12.473,3.6425,2.4121,-6.3312,-27.291,-22.971,-21.536,-21.583,-6.8355,-3.1635
11.905,-1.4474,18.92,-5.6574,3.623,5.9514,3.9863,3.8121,-9.4513,-1.2114,8.1591,7.8013,-13.17,-12.048,29.133,-21.932,-18.455,1.9533,-42.422,-13.141,-17.285,-39.552,-16.054,22.962,4.637,-0.64159,3.8312,8.3622,2.7611,-5.8625,-17.627,-20.008,-16.884,-1.1521,6.3246,-24.38
8.9345,-7.3868,26.978,-8.4706,-1.8898,-1.1038,-1.3021,11.084,-12.473,-8.1843,3.2569,-0.032514,-0.721,-4.7227,13.03,-9.2463,-7.9563,-23.848,-72.502,-53.641,-39.067,-7.3486,13.304,-13.563,7.5419,3.6679,-6.5102,14.796,-1.7967,-5.0035,2.7286,-11.372,-5.9104,11.652,7.971,-21.624
11.456,-6.1105,29.483,-6.4505,-3.3086,5.0745,-10.464,4.627,-13.955,-9.1336,1.8706,-7.4601,7.5683,-0.56435,-11.584,15.859,7.8185,-4.1584,-31.683,-11.793,-10.469,26.541,31.936,-46.557,2.9594,3.0703,-4.8821,15.197,-2.0263,-4.1692,24.996,8.5806,8.4617,9.244,-4.1496,-7.3627
13.185,-2.5276,15.999,-5.7046,5.2027,2.6912,-13.642,-4.4841,-15.759,8.4263,13.929,-11.964,11.137,4.4705,-11.884,31.624,-23.195,-13.41,4.7661,-19.123,-7.5752,15.077,8.5314,-21.433,-3.5889,-1.4096,9.7023,10.41,0.12851,-2.039,30.659,20.734,13.528,-7.498,-17.5,5.4383
13.564,-4.1592,18.618,0.8889,3.986,1.9747,-5.6853,5.6997,-13.043,3.7536,18.791,-9.5116,-4.3022,-1.2931,17.18,33.617,-20.967,-24.112,43.927,12.503,9.2775,-4.5445,-34.416,-9.9163,-5.6401,-5.0493,12.676,2.4158,14.118,2.2314,15.037,13.532,5.7255,-18.506,-21.979,7.7455
13.449,-6.1272,26.469,3.6717,-17.134,-6.2589,-1.3085,0.98637,-16.717,-7.0897,-0.93758,-9.7233,-12.73,-11.407,47.16,33.923,7.0791,-24.066,42.986,37.881,18.7,-29.296,-41.018,-4.6915,-1.7993,-5.8532,2.5131,-3.7022,29.544,16.827,-0.85185,7.8183,3.9281,-17.691,-9.6005,3.5397
9.1731,-4.9573,32.838,5.6696,-2.6238,-2.5064,5.3324,8.1435,-8.8378,-3.6478,-7.9039,-13.539,-8.6985,-17.872,22.275,26.788,63.273,12.327,24.394,27.367,5.0205,-43.802,-53.182,-16.201,4.8511,-3.5635,-14.33,-11.567,13.759,21.933,-13.531,-9.8558,-2.41,-14.057,3.678,6.2568
9.0155,-7.8318,32.468,8.8666,12.047,-7.1014,2.3421,13.234,-8.511,-2.521,6.7678,-12.296,4.3389,-16.506,-1.8659,16.527,82.403,52.506,10.273,12.537,14.194,-53.75,-30.088,-0.59255,8.6258,4.7562,-21.185,-15.403,-10.513,12.433,-12.325,-15.939,-4.8588,-1.4947,11.211,11.394
11.431,-12.243,26.755,11.685,21.032,8.5593,4.6863,13.259,-14.635,-20.431,-11.653,-16.325,11.419,-16.561,-29.956,-15.518,10.166,47.268,-7.3726,-24.103,-0.51919,-62.603,-21.491,19.318,6.249,9.5091,-12.687,-13.46,-25.145,-7.5245,-4.6073,-7.6352,-1.6613,18.726,23.439,15.101
14.49,-10.737,28.577,8.9274,12.24,14.461,4.1512,4.697,-6.721,-25.573,-14.107,-8.6262,20.34,11.719,-32.652,-21.939,-18.932,20.627,-2.754,-16.079,-2.8235,-27.369,-0.81013,34.519,1.0364,6.1757,-2.5608,-5.7574,-17.659,-17.637,2.8047,2.3404,-0.50735,34.72,25.283,6.6292
12.145,-11.785,19.806,-2.1199,2.363,10.346,0.74155,0.36038,-9.9924,-23.423,-8.2118,-5.7147,14.546,15.561,-25.77,-21.277,-11.783,-9.3562,7.871,3.4985,5.2224,36.64,49.372,41.75,-0.83479,0.55857,6.9226,7.21,3.3256,-13.604,6.2846,6.7897,7.6153,37.305,17.61,-3.6817
18.829,-2.2012,19.617,4.7998,11.915,2.3189,2.9375,11.644,-12.244,-14.709,4.6423,-0.34214,7.9573,-1.6883,-16.763,-9.3804,5.0811,-7.3669,16.675,10.438,8.7861,70.228,60.895,21.337,-3.5472,-7.3442,6.8297,7.4349,3.5396,-4.3745,3.3565,-3.2476,13.012,19.354,1.9785,-10.864
16.535,-8.7306,18.351,3.1108,15.302,9.9525,9.2286,11.535,-9.2625,-7.5433,3.6588,0.40737,13.436,-7.0644,-3.2872,14.253,14.788,-6.7536,14.336,-3.4135,31.753,75.123,35.707,7.5004,-4.2888,-5.1492,6.2247,1.6773,-2.2065,-0.80954,-6.2395,-10.075,10.018,-7.3977,-9.1297,-8.9335
16.274,-13.109,20.924,1.6219,8.3104,10.975,8.2451,4.3287,-2.6929,1.6008,10.405,-1.0185,3.159,-13.689,-9.7449,-2.5294,-14.519,-2.5466,10.796,-28.861,48.974,50.158,15.915,-2.6741,-7.8133,-2.5966,7.8397,-5.88,-2.1692,-6.8599,-12.006,-8.6924,2.4397,-25.112,-11.402,-4.5582
20.141,-9.8634,17.509,6.5953,11.559,2.6414,5.2557,2.3113,1.1083,5.983,6.7603,-1.6263,-4.4991,-4.1849,1.8448,-16.316,-13.015,-15.814,-20.387,-27.228,35.221,9.6864,26.214,9.0878,-10.564,-1.4741,11.65,-9.6465,2.0893,-3.1792,-6.2253,-0.68646,-5.766,-30.742,-8.4463,-8.7129
18.605,-8.4793,15.165,1.7928,6.5274,4.7011,10.322,1.825,7.0572,3.6066,11.049,-0.66235,-22.141,-16.111,19.87,-23.496,8.1364,-37.136,-25.995,-21.117,19.25,-22.615,8.6325,-2.2472,-5.4498,2.5427,8.8427,2.8425,11.444,3.8354,-1.3038,7.1852,-9.3693,-18.46,-9.1587,-9.3532
13.119,-13.138,22.152,-5.1328,9.6863,5.1823,-2.0034,-0.82741,3.4729,-3.703,16.444,4.7732,-26.732,-13.224,40.153,-23.496,13.906,-5.355,1.6053,-10.718,17.784,-42.201,-2.8834,-36.277,2.8896,8.081,-5.77,14.142,5.7082,13.021,9.2991,15.302,-7.1943,3.6909,-7.5428,-4.8504
8.7138,-19.527,28.537,-4.2621,13.315,-8.8637,-1.1231,-4.6603,5.7499,-4.8635,9.8796,-5.3419,-12.973,3.5436,15.314,15.273,29.242,11.401,-6.7188,-1.1904,10.845,-16.196,-15.33,-26.758,10.769,14.026,-19.203,15.364,-8.2428,16.656,4.8918,16.076,-10.247,18.134,-2.1824,6.8155
11.721,-10.952,30.9,-2.1254,15.118,6.7463,11.781,0.19496,10.654,-10.883,5.9034,-17.425,5.3649,26.393,-24.727,35.008,4.9729,25.025,16.47,39.317,3.4519,24.931,0.48117,-2.9091,10.584,8.4893,-20.976,6.5829,-17.547,0.76129,-9.6391,7.1869,-14.141,22.789,-1.3817,12.933
12.818,-7.8006,18.449,7.9257,18.432,9.6195,0.070541,0.71867,8.8892,-0.90151,8.6545,-2.9419,15.655,34.21,-43.704,24.07,-28.611,30.956,-8.969,34.248,-24.816,34.49,-3.9619,15.146,4.9072,0.50819,-6.5801,-10.904,-17.593,-10.523,-9.8487,-3.3931,-14.731,7.6027,-5.2448,2.8018
13.75,-5.8046,14.832,6.2771,9.6141,8.453,5.6348,16.142,3.6292,6.7815,17.297,2.1187,11.874,13.89,-35.216,5.0199,-44.9,-11.326,-45.465,7.4973,-35.089,46.401,-15.476,7.4356,-1.1633,-3.0482,6.8421,-15.066,-0.54559,-17.971,-12.386,-15.122,-7.3156,-11.796,-12.225,-5.9019
15.527,-4.9954,14.718,3.5715,1.7619,5.761,-2.5345,4.4904,-3.1457,3.5493,2.2018,-7.5407,8.3082,12.336,-12.342,-24.254,-33.784,-23.041,-24.995,-2.2462,-43.54,11.083,-33.575,-17.921,-4.3944,-3.2879,10.495,-7.6995,12.47,-18.503,0.5153,-4.3052,7.2997,-19.479,-2.4231,-3.1733
16.303,-5.4094,15.157,2.5617,1.0036,3.0125,-9.6491,2.0578,-0.87302,10.092,1.3918,-11.408,3.2214,22.089,-6.1978,-16.161,4.8318,-37.834,-37.45,-18.045,-23.764,-22.345,-45.837,-15.885,-5.2123,-4.6307,10.74,3.5381,10.845,-5.3624,8.4491,0.99447,15.425,-17.147,6.0145,5.6934
15.695,-1.8302,12.115,-2.3435,5.8454,0.81926,-4.7849,6.6375,-10.63,2.9846,-0.18038,-5.139,-1.9914,13.671,-5.7406,-3.8371,8.8726,-48.303,-10.4,25.493,6.02,-28.533,-0.89696,10.94,-4.0116,-11.531,12.761,12.909,-0.4235,10.906,9.8905,1.404,19.628,-5.0651,6.0463,8.217
15.276,3.6571,13.035,1.1541,9.9883,-7.9931,-11.965,6.0458,-4.5109,-4.1087,-4.4303,-7.0247,-9.0384,-9.9316,15.182,12.502,-12.004,-25.507,-10.517,-1.3999,17.257,-19.528,-1.7423,21.472,-1.6233,-14.778,12.089,8.1124,-7.8043,28.647,17.757,5.9146,13.084,4.1344,1.8394,3.3176
15.044,-2.693,12.909,2.3567,1.7059,-12.888,-6.5769,15.243,1.6833,-3.6168,4.6644,-4.2623,-5.62,-29.31,40.772,25.958,-27.484,25.325,10.991,-3.5486,34.088,-15.651,-25.391,4.4856,1.3064,-5.8853,6.3385,1.959,0.2159,31.232,12.66,1.0647,1.6699,5.4922,-6.2996,-6.3789
12.109,-9.9438,22.351,6.4626,-2.9286,-2.8875,-14.011,-2.9448,1.5989,3.6292,-1.9017,-1.1107,-3.0809,-30.312,30.993,9.5038,-16.011,68.589,40.638,26.049,27.621,-8.1138,-24.393,3.9304,3.6064,5.87,-7.6953,-3.4097,9.923,12.318,9.6724,4.2744,-11.154,1.5356,1.0382,-10.868
14.469,-9.6848,27.843,7.981,-1.4382,10.929,1.7341,9.3585,3.3593,-8.71,-14.14,-5.8533,1.5618,-5.5652,18.046,7.4571,11.956,60.806,27.325,17.092,9.1873,-6.7791,-21.07,-12.184,1.7232,11.834,-17.838,-7.0052,6.9986,-18.443,-4.9263,-6.9162,-21.333,3.3345,11.433,-7.0427
14.024,-8.003,21.065,3.0938,3.5547,14.393,4.1988,22.012,8.4616,-5.619,-7.2245,-4.264,5.4028,7.5457,-11.932,4.704,17.891,18.341,29.678,9.6521,-26.065,-16.286,1.288,-24.531,-1.5611,8.2976,-11.278,-6.5666,4.923,-27.906,-9.7081,-18.406,-22.847,4.5082,4.1569,-6.1259
14.868,-6.446,22.576,7.7696,4.4421,8.8752,-2.0198,11.31,2.8455,-2.3823,-3.2091,-8.7775,-1.2458,10.931,-26.953,-6.6685,-9.4423,-41.767,-8.1605,-29.931,-45.735,5.107,18.932,-16.497,-5.3675,0.43058,-0.068841,-14.362,5.3244,-15.776,-1.6151,-11.241,-15.157,6.2689,-0.28446,4.3411
14.611,-7.7903,19.019,8.9203,3.0769,7.31,2.7047,0.90539,-11.177,-7.6775,-6.7232,-11.914,-9.4825,2.9277,-2.8981,-16.267,19.303,-19.655,9.8399,-42.471,-59.153,8.4841,-23.609,-24.543,-4.989,-2.8303,13.043,-14.074,5.4788,5.5158,1.52,3.7597,3.818,5.5127,3.9604,15.983
13.552,-4.3256,15.389,1.7335,-5.9205,-6.413,-1.5991,4.9465,-9.689,-5.1273,-4.9246,-10.277,-17.833,-1.1033,13.185,-53.869,37.872,0.92228,29.168,-13.051,-50.056,12.181,-10.043,9.5275,0.85589,-0.99838,16.411,-1.5811,3.2132,21.051,6.7627,11.874,17.578,-1.5679,15.337,24.492
9.9404,-7.5994,23.209,-2.0215,18.387,12.21,8.9084,3.9585,-14.847,-0.0044355,-18.171,-15.786,-11.249,-0.58845,33.214,-42.067,21.628,24.575,18.614,20.011,-4.814,7.741,35.578,42.37,8.0692,3.1809,4.0727,14.975,-13.985,7.9825,-4.8399,9.489,23.025,-6.7019,24.025,20.557
8.2869,-7.0931,27.073,-13.694,15.723,6.8866,9.4625,3.2579,-20.347,-0.12847,-2.5067,-2.078,3.9168,7.6973,37.043,-1.6741,5.4611,41.372,21.266,-1.8007,14.988,-2.3609,66.025,72.508,9.8548,3.6713,-8.9215,30.204,-15.919,-2.1456,-8.2467,2.1224,21.669,-5.1549,4.3791,-5.8124
11.619,-6.7008,29.784,-4.3992,3.0693,12.948,6.4809,11.755,-8.2546,-6.3064,9.8567,5.1713,19.989,14.432,5.5363,32.512,-34.417,0.03307,-10.408,-0.65162,23.451,-17.755,58.482,46.752,4.2716,-0.68015,-17.861,23.161,-4.3296,-8.6877,-2.6529,-1.3929,10.157,1.1426,-19.825,-28.743
14.671,-0.92623,30.623,2.0854,4.4691,13.904,10.247,0.14779,-5.4913,-3.1567,14.074,15.499,15.823,9.743,-17.583,59.861,-13.699,2.4652,2.446,7.8916,44.158,-0.84581,0.39976,-21.725,-2.6121,-6.9845,-14.406,2.983,2.9142,-6.537,-7.9021,3.5755,1.8619,2.8699,-28.65,-31.827
16.743,-3.4669,24.202,6.3449,6.8058,8.7175,3.3119,5.1877,-10.55,-7.3676,2.7796,-1.198,4.1563,-5.0121,-28.779,42.972,9.5605,0.58989,14.759,8.2003,31.386,12.697,-30.732,-54.228,-8.5197,-13.136,-2.5123,-17.425,5.8509,2.3007,-13.274,-1.2859,-5.6808,-0.24728,-16.929,-5.4754
13.636,-3.8386,21.073,10.864,7.0051,10.234,12.27,10.487,2.8796,-0.020758,1.2317,-9.7561,-1.2275,-17.503,-17.826,8.011,-1.9567,8.4082,-30.829,11.651,20.33,-3.237,-32.615,-36.136,-8.7487,-14.897,1.9032,-30.505,-3.2627,-3.2142,-21.825,-8.6127,-18.574,-12.989,-0.27688,17.565
14.215,-7.7507,20.17,12.697,6.5816,15.077,12.849,10.685,3.2532,-1.5261,0.91152,-9.3156,-14.085,-37.625,-6.9037,-28.686,-11.034,8.5651,-60.141,-8.9606,6.9608,-17.795,-9.6555,26.58,-5.3449,-5.8218,2.6663,-23.401,-3.938,-12.646,-13.886,-6.832,-17.433,-13.972,7.4628,16.063
15.321,-7.5361,23.726,2.9147,3.6029,14.928,-9.9355,3.2242,-2.2278,-7.696,-1.2999,1.4897,-18.801,-48.435,-19.005,-56.837,-19.715,-17.593,-69.231,-26.591,-36.5,-50.543,-11.523,25.695,-0.092242,7.9749,0.044133,-2.3653,4.1903,-18.727,16.195,0.77929,-4.0498,3.0097,5.6552,2.6212
8.8579,-20.431,19.423,-4.0235,2.9901,10.653,-15.656,4.339,-4.5158,-12.428,-0.78231,6.4693,-13.782,-18.655,-14.858,-41.611,-1.25,-49.642,-35.467,-6.8385,-27.362,-33.51,-3.9647,-4.8305,8.1771,23.646,0.22667,14.643,9.6021,-13.42,27.534,4.4272,6.81,18.451,-1.855,-8.3939
6.9144,-21.716,11.944,-9.1937,-1.0568,3.6497,-8.0928,0.36499,-11.486,-19.841,-3.6829,-4.8009,-1.8402,12.886,-13.629,2.6469,14.103,-56.121,37.812,14.486,17.242,19.669,-7.1846,-7.3242,10.863,25.32,4.5944,21.204,6.8755,1.2632,21.208,3.0515,11.49,25.082,-1.467,-0.17196
11.527,-9.9882,18.632,-2.054,8.2865,-4.1043,-5.8058,8.6958,-5.7983,-12.208,0.12068,-8.5855,18.321,49.942,-8.4585,14.786,20.068,-39.273,24.008,-7.3632,14.14,39.353,-21.1,1.1203,5.351,10.307,2.6888,13.222,-2.1694,14.586,1.8999,-7.4016,-1.4186,9.8708,-3.4451,2.1743
13.067,-6.3144,17.308,3.2534,8.0061,-5.7541,4.0454,8.2888,7.0345,2.0287,-5.3437,5.355,19.465,43.868,0.76732,20.983,4.0031,-16.462,7.0735,-11.072,0.1984,38.434,-10.291,21.86,-1.4102,-1.5097,3.5941,1.7565,-6.4519,13.066,-18.52,-4.4187,-13.41,-10.987,-0.41013,-11.122
14.942,-3.1608,12.512,-2.8539,8.4924,-4.2813,-9.7209,-3.3045,-6.7063,-3.686,-10.502,1.9515,2.3209,17.388,-8.6119,15.329,-7.0474,3.4573,-10.599,-31.068,-25.933,6.4615,-19.637,-8.5513,-5.9711,-7.6424,4.5629,-0.19825,-3.4548,9.4056,-9.5714,9.5903,-4.725,-11.802,6.7085,-17.713
14.939,-3.1957,15.387,1.6977,0.84173,-4.4927,-2.5985,0.82934,-10.933,-4.8854,-3.517,0.86052,-0.89101,21.615,4.4187,11.158,-4.5989,-12.156,-37.485,4.2451,-29.771,-18.819,-9.9666,-58.098,-4.6791,-5.1582,2.919,-6.4598,3.5091,10.56,2.3309,14.985,4.6558,-3.2068,11.576,-11.385
11.751,-2.8536,15.286,6.3883,8.345,-3.0064,-7.7833,-3.1084,-9.781,-5.5205,-10.611,-10.614,-1.3567,22.857,12.53,18.707,7.0945,5.602,-1.5697,32.93,5.4989,8.9699,12.281,-47.465,-0.44411,-2.6462,5.2136,-11.493,2.2866,12.583,14.304,11.738,6.7882,6.2939,19.919,11.708
14.216,4.3393,18.13,4.2113,5.7804,-12.47,-15.666,10.313,-6.3134,-6.4633,-10.272,-17.411,-2.092,15.343,4.7911,-13.005,14.478,35.268,14.214,31.853,7.7615,21.146,31.632,-15.608,-2.6585,-11.794,0.58584,-13.822,-0.40497,13.104,16.191,-3.9496,3.1787,7.2211,17.077,28.078
14.625,4.5,17.406,5.243,9.5704,2.5081,-3.9721,8.4183,-6.2667,1.5878,-0.9838,-12.645,0.70083,7.2927,17.27,-30.053,-5.1527,42.66,35.072,13.819,-10.758,17.949,59.16,28.745,-5.1705,-18.712,-0.97924,-9.0511,-4.5788,-2.377,-1.6469,-10.732,0.076522,-5.1933,1.6659,17.546
12.456,0.79891,16.723,-4.2323,7.468,10.384,2.6027,10.992,-8.8094,2.1332,7.4854,-5.9279,-15.212,-29.572,4.9781,-33.572,-0.50015,34.836,25.149,-5.9475,-5.7485,12.797,51.977,44.188,-3.2214,-16.869,1.3169,9.6039,-5.0805,-15.149,-12.203,-10.268,6.4123,-13.507,-15.044,-1.9459
12.982,2.5629,24.625,-4.4165,4.9249,6.8968,0.61825,3.4616,-13.912,-0.84433,10.09,-1.9832,-20.649,-48.244,7.5407,-16.265,-8.3105,-6.0668,-15.272,-1.8316,12.636,-12.822,10.438,10.367,1.7352,-7.3123,1.2501,20.252,0.16675,-12.752,-14.285,-7.0429,5.4961,-15.971,-24.717,-13.562
7.432,-9.4782,17.01,-7.7451,7.8531,2.754,-5.3865,9.818,-5.365,1.1515,10.179,-0.64827,-7.5242,-41.232,16.24,28.12,-9.3457,-16.114,-21.628,-11.662,28.126,-31.002,-19.227,-16.149,9.9396,10.865,4.6544,18.461,-0.42625,-4.8688,-3.9967,-3.744,-3.7588,-12.176,-17.518,-7.9959
6.813,-14.484,21.033,-1.1331,5.2226,3.2897,-7.6134,8.0898,-1.6707,-4.3325,2.8882,-10.101,5.5327,-23.439,17.889,40.36,0.10385,4.3731,-12.965,-18.538,-0.2144,-40.006,-28.823,-8.8986,11.057,18.773,1.5161,5.8034,1.1077,2.9871,8.4486,0.52268,-6.571,0.40109,0.73365,11.094
11.779,-11.294,26.639,8.1858,2.6462,4.1305,-4.0954,2.8473,-0.86728,-11.624,1.4729,-9.9433,21.395,12.351,23.076,30.421,-6.8386,5.272,4.0119,-16.314,-18.117,-34.493,-15.984,13.842,6.4206,14.064,-2.92,-8.1406,2.774,0.93036,7.4803,6.6181,1.2003,8.4613,11.876,18.19
13.575,-8.2486,28.755,7.7979,7.5802,8.3951,-6.5099,-2.3221,-16.268,-14.46,0.031867,-1.785,20.177,18.829,11.704,11.602,-4.0253,-1.8244,14.151,3.1079,2.9025,-9.0715,12.485,50.842,1.7392,3.0369,-6.0482,-12.218,-0.66527,-5.2291,2.9673,7.9763,17.787,11.619,10.731,4.8453
14.749,-6.42,24.687,3,3.255,2.8373,-3.9323,6.8668,-7.1247,-11.031,3.6153,2.1145,17.257,7.9534,4.7332,1.7957,6.5891,-8.3635,2.2156,10.605,32.568,-4.1624,19.497,44.933,-4.5232,-8.178,-7.2711,-10.865,0.92103,0.85283,-2.7535,3.8247,16.776,4.9684,-0.94924,-14.879
15.417,-7.5061,27.861,7.2607,2.9056,3.0241,-0.61939,7.634,2.9093,-9.1645,8.0594,9.2911,16.298,-6.0553,-3.1805,-6.418,-9.9363,-14.955,2.7697,7.8838,63.379,2.9236,7.092,-0.2178,-9.4281,-10.98,-6.4462,-10.654,1.2518,9.1395,-4.4888,0.5479,1.1224,2.1421,-11.465,-26.15
19.486,-7.6886,29.452,9.3523,8.2781,2.6342,-5.9328,3.1719,5.8283,-16.352,7.2078,6.9851,0.71884,-16.096,-5.8377,-14.896,0.72211,16.101,-4.065,0.42157,35.525,-15.648,-18.034,-35.024,-13.866,-10.621,-3.8871,-8.9352,-0.53402,13.371,0.018729,3.6686,-14.088,9.3533,-9.7943,-18.335
19.355,-10.642,24.782,1.4128,0.10051,1.0192,-4.1248,3.4673,8.945,-10.337,1.7816,-4.3292,-18.694,-24.045,-15.242,-33.321,5.167,31.641,-5.1525,10.939,7.0366,7.3819,-26.074,-39.931,-11.32,-4.8267,1.119,-2.5755,3.0197,8.2658,-2.633,1.775,-26.235,11.475,-2.7076,-2.4809
13.139,-12.9,23.307,-1.5238,5.0186,11.89,-4.2121,9.161,7.6198,-18.269,-2.2628,-8.5872,-34.578,-36.157,-8.6712,-29.429,-3.6327,35.194,6.2703,27.421,-9.6993,40.375,-12.891,-26.887,0.84547,5.6757,2.3857,4.8303,1.4464,-7.9117,-2.5579,-4.0816,-17.952,16.138,8.652,10.147
9.243,-16.923,23.312,-3.9617,7.1188,14.216,-4.056,10.109,5.5318,-4.5154,-0.24216,-2.8885,-22.652,-20.158,3.8315,-12.029,7.3396,16.828,-15.563,3.2591,-45.182,32.286,-9.0174,-16.69,12.88,16.621,2.3133,12.746,4.1301,-16.655,-3.4237,-10.63,-3.0784,3.1217,12.242,15.386
7.2533,-22.627,25.851,-2.6748,2.9526,13.633,-2.832,13.561,2.6852,0.92411,1.7739,-7.179,6.9252,10.339,-3.4462,-1.3902,6.868,-16.051,-11.649,-16.146,-28.127,52.588,16.698,4.0888,16.425,22.854,-2.4738,10.722,4.9645,-15.795,0.55413,-12.52,9.4921,-14.072,7.7795,12.618
10.972,-15.858,25.425,-4.0262,4.8033,8.5619,-12.596,2.8967,-11.179,-3.791,-4.7454,-13.379,24.955,35.812,-6.2882,16.39,20.567,-26.012,-13.311,-20.427,0.85834,16.884,20.339,21.511,7.3949,13.991,-8.2822,5.0652,-1.1091,-6.4823,15.081,-4.6132,18.37,-18.179,3.3189,7.9541
15.737,-8.2634,20.528,-2.1867,9.6103,6.6924,-5.7666,4.6941,1.9117,7.663,8.3378,-1.2978,23.741,50.128,-15.98,9.974,14.576,-22.363,7.9149,-23.336,14.741,-22.283,11.328,17.104,-5.3471,-0.095927,-8.8199,0.17496,-4.1217,4.8965,17.93,0.20729,8.9918,-16.772,-6.4032,1.2654
17.479,-6.1988,22.83,3.9893,14.073,4.6803,-9.2442,4.3292,6.3478,0.55716,6.6456,4.9266,5.9141,29.903,-31.313,7.6149,-2.0599,-12.428,50.058,-16.212,25.233,-21.174,10.262,16.573,-11.046,-9.9024,-8.0039,-4.6951,-5.1495,10.975,12.099,3.5647,-5.2718,1.9081,-5.9807,-4.4295
15.87,-2.3923,19.159,-1.6956,5.6055,4.3921,-0.55067,1.1772,1.2923,-12.391,1.7423,-7.7798,-10.29,12.813,-35.034,3.8723,-2.4271,1.6398,46.317,-17.217,4.6446,-12.242,-10.28,12.885,-8.365,-14.454,-0.16839,-0.56976,1.6293,11.484,-5.5671,9.0138,-12.647,13.649,-2.0277,-4.3446
13.862,-3.842,10.453,-0.46433,5.7758,3.4981,9.8246,-3.4509,1.7474,-4.3506,3.6835,-1.8512,-13.261,4.9565,-36.781,-4.0347,3.3208,16.863,27.982,-5.663,-20.452,21.404,1.2395,1.4732,-0.61194,-10.049,11.519,2.4699,3.2945,6.0391,-20.587,12.367,-13.906,9.8167,2.5255,-11.026
12.401,-3.035,9.1992,1.9763,12.546,8.1034,7.8577,-0.024429,6.5341,3.9961,4.679,8.5335,-8.496,-9.671,-14.088,12.95,20.032,20.411,-8.8827,16.459,-25.653,24.671,5.7008,2.9303,5.9747,-5.4618,17.978,5.455,-0.18996,-3.5279,-16.202,11.702,-6.6606,3.0582,7.0279,-14.124
12.583,-3.3991,9.4194,0.13602,12.264,11.256,0.54263,2.0985,-6.4994,3.0653,5.797,-2.4935,1.9576,-9.1023,15.807,15.425,3.1829,8.3821,-25.275,28.785,-29.146,9.4538,14.899,-33.58,4.7454,-4.1282,22.151,6.985,-1.5864,-10.491,-8.1404,3.0065,1.5354,-6.2298,0.40058,-2.7263
12.262,-7.4493,12.632,4.4792,12.378,10.718,-0.35106,6.632,-7.4108,-3.764,3.536,-5.9935,11.975,-7.466,28.561,21.417,-3.308,-11.759,-8.0625,24.067,-24.312,9.0247,18.03,-40.21,-1.2252,-4.6737,14.109,-1.3942,-3.1407,-10.452,0.19085,-7.5742,3.7908,-11.015,-6.7704,7.4633
14.91,-6.1861,16.641,5.9968,7.4513,6.3818,1.2913,7.6135,-5.8532,4.2564,11.705,-11.378,0.23067,-16.787,52.652,26.657,7.0587,-19.506,-13.13,5.5656,-13.446,-1.9219,-2.9221,9.4116,-5.6032,-4.6662,0.93218,-7.9457,0.8604,-3.9623,-0.41677,-13.241,5.131,-12.789,-11.052,17.452
17.224,-5.3745,19.869,9.7545,13.298,4.6612,3.4521,9.2517,-5.9449,7.9129,10.74,-7.1291,-13.759,-29.197,38.035,0.36316,2.3907,-17.903,-14.001,-9.8021,-14.549,-24.716,-19.241,18.751,-3.6061,2.0054,-11.13,-10.173,-1.7682,4.4271,-2.8129,-12.59,7.7495,-9.6201,-8.1171,8.8953
10.217,-12.83,32.127,10.827,15.333,4.5317,-7.9239,3.5714,-13.955,-3.7341,0.73389,2.7801,-13.192,-21.568,15.731,-13.776,4.6356,-8.3575,-24.39,-20.483,-8.3726,-37.623,-21.724,24.202,4.9845,13.195,-21.641,-5.6805,-8.6696,5.7009,4.4716,-6.7899,5.9224,-8.3052,-3.0111,-10.794
7.7291,-18.726,23.906,2.2459,9.632,2.6917,-2.7441,3.752,-10.634,-12.127,-0.59886,-3.697,0.65528,4.9517,-8.6268,-9.2315,-10.937,4.8022,-16.497,-25.857,11.899,-21.226,-13.154,-3.1283,9.2465,20.309,-16.562,5.0548,-9.5023,6.001,11.261,0.98442,-0.39115,-3.8286,3.0241,-10.901
13.062,-10.294,22.487,2.8632,11.602,3.1878,-7.8056,0.12166,-7.6948,-4.5349,6.512,-0.99301,17.946,32.115,-32.221,3.0517,-29.625,-2.3545,10.476,-20.357,2.9423,-45.193,-21.021,-33.618,5.3472,13.356,-7.648,7.7705,-10.15,0.50682,15.391,9.5485,-7.1518,-1.2942,4.2747,-1.8674
16.13,-4.1665,20.375,9.1205,9.6947,7.7343,-4.8557,-1.9517,-3.1256,-2.2994,1.2738,-6.8067,16.905,45.507,-20.8,17.223,-27.991,9.1005,24.871,-4.9434,-22.162,-40.074,-4.472,-6.8425,-2.2581,-3.1363,2.1217,2.5317,-5.362,-2.5432,10.989,13.622,-7.7145,13.212,5.999,7.1031
14.99,-4.0523,17.782,8.9152,0.48899,0.83315,-1.63,-3.7551,-16.238,-31.245,-10.713,-12.474,5.4191,24.937,-16.422,11.849,-37.585,-7.9725,31.88,16.802,-27.101,-34.67,-4.6924,16.722,-7.8525,-17.556,11.729,-4.8977,3.2344,2.1567,-0.08153,9.8848,7.1626,42.368,11.018,4.2629
15.218,0.90643,15.859,7.8315,1.1933,8.4193,6.6038,3.2187,-17.444,-18.809,5.7776,-1.3777,-4.3718,-7.1408,-5.9175,-0.9717,-33.767,-5.1045,27.748,23.672,-11.652,39.571,8.6765,7.2173,-7.8753,-23.784,15.087,-7.4005,10.604,0.64937,-8.4822,2.2811,21.159,40.539,3.3714,-10.854
16.227,-0.36261,16.534,9.4324,-2.94,-1.141,2.4049,5.9377,-14.086,-13.615,1.9139,4.6533,-10.678,-29.342,18.984,-12.339,-10.565,15.531,8.6303,14.76,33.5,126.82,27.494,-19.334,-4.4391,-15.056,14.53,-3.9453,18.985,4.4829,-9.3759,-5.5481,20.484,15.74,1.3214,-14.25
13.325,-9.5818,18.04,8.3761,-5.4744,6.1691,7.001,5.0378,-10.028,8.6715,-0.70136,-11.762,-14.423,-46.274,36.93,-7.6853,11.52,0.59541,-5.9144,7.4834,53.334,81.874,-3.7086,-43.087,0.76313,0.59882,8.6945,1.0127,17.262,-2.526,-12.473,-7.6873,10.912,-24.572,-2.3591,0.90938
10.597,-13.479,26.183,2.4733,-1.4598,9.7239,2.4866,2.7151,-3.1963,18.428,6.2738,-16.949,-11.751,-30.779,34.805,-4.5206,34.694,11.592,1.832,-2.8438,42.826,22.877,8.1072,-29.377,4.983,10.671,-4.6444,4.4431,10.401,-6.2627,-13.084,-10.554,-11.431,-47.171,-3.6776,16.909
10.821,-15.672,29.5,7.4684,6.2133,3.2845,3.6058,8.5716,3.7786,6.1067,1.7434,-12.12,-0.019717,-3.428,29.645,0.18255,29.912,-15.765,-31.218,-5.9633,38.248,-31.316,6.5748,16.786,4.8599,14.056,-14.419,-2.1474,5.1729,1.297,-9.7443,-15.044,-28.597,-30.463,-2.7949,20.489
11.604,-12.707,28.207,7.6259,8.5633,6.0973,5.0185,2.7489,0.42392,-0.8939,4.7452,-9.8562,7.0352,2.5888,-0.59466,5.9422,32.245,-7.6021,-44.136,-31.285,-16.112,-52.435,3.9647,35.272,2.1606,10.311,-15.84,-10.835,-1.6783,3.956,-0.010788,-6.4489,-28.189,-9.7357,-9.8265,9.3003
12.812,-11.682,31.851,5.8911,4.4701,0.099921,-9.8741,2.0393,7.2861,2.6741,3.3503,-6.9151,0.48326,7.3247,-17.466,-23.654,38.609,16.677,-31.651,-53.516,-60.182,-32.787,-15.612,27.032,-1.6011,5.1951,-13.369,-11.36,-5.4509,11.661,21.686,8.0255,-16.537,3.9849,-5.5775,-4.2826
13.12,-14.18,24.711,6.2331,15.534,7.5152,-12.842,-9.6613,-13.006,-6.0734,7.4527,-1.9152,-1.1993,15.398,-20.842,-46.776,21.954,15.151,1.9947,-11.312,-48.902,-25.066,-29.932,12.001,-1.6668,4.0352,-4.7858,-4.9043,-17.257,5.2572,25.855,21.377,10.539,10.616,2.8327,-5.5855
10.305,-11.273,22.515,-3.6621,22.032,10.914,-3.2899,-11.981,-19.597,-7.697,-7.4163,-2.5747,-3.9079,16.143,-27.076,-30.257,7.8036,31.162,54.146,24.178,-28.045,-25.076,-4.3644,7.0086,3.4724,4.1435,2.1205,14.674,-20.181,-7.0865,9.9859,18.409,25.499,11.012,12.773,-4.1815
12.258,-5.2123,22.454,-10.985,10.759,8.2654,2.7237,4.1032,-10.585,-8.2413,-4.8375,-6.0258,0.89705,18.355,-19.719,-15.278,-38.637,11.442,42.24,36.751,20.514,-3.2099,12.505,17.356,5.7113,0.51175,7.4674,24.694,-12.155,-11.88,-8.1039,-1.2241,17.56,10.821,8.8132,-8.9589
11.289,-8.0939,19.441,-0.6283,10.76,15.306,9.4162,7.2459,-7.9465,-8.7799,7.3133,-1.3555,16.797,26.563,-7.4253,33.966,-31.998,-16.9,-1.8444,14.499,32.608,11.347,27.034,3.4467,5.0599,-4.2712,9.2602,14.596,-3.0226,-17.415,-21.033,-12.649,4.0759,6.9968,-8.1754,-19.559
13.076,-6.5919,16.388,-2.9227,1.8523,11.04,1.9252,-0.89926,-8.5745,-7.1369,6.3403,6.1534,17.005,12.746,6.6697,44.585,-18.921,-20.219,-10.53,-12.593,8.5708,10.825,-1.5654,-31.012,-0.47086,-13.001,6.6845,0.96547,7.1587,-13.504,-17.861,-12.6,-8.5053,-3.5551,-10.055,-15.25
18.294,2.6979,21.835,9.2896,10.487,1.0766,-3.8128,-2.2304,-4.2989,-2.5756,0.51197,-6.9409,13.338,-2.4083,6.031,12.793,-17.168,-40.082,-24.635,-14.395,-1.6936,2.8907,-38.206,-66.6,-6.3301,-21.715,-0.17765,-15.83,4.4631,-4.0921,-10.882,-6.2106,-4.5462,-10.327,0.64749,6.8398
17.257,-4.235,24.592,6.3482,1.4352,5.2705,4.0733,2.5447,-8.1237,-5.9308,-2.2196,-18.739,0.27224,-32.164,6.9754,0.13603,-10.259,-44.49,-35.669,-11.803,-4.8626,-16.757,-5.1485,-23.872,-5.2926,-15.662,-4.6253,-13.209,11.015,8.0791,-4.2811,-1.6355,8.557,-9.7523,15.165,27.466
15.867,-10.477,18.355,1.1328,2.3843,-1.8503,-3.9751,-1.6734,-9.0187,-7.9376,-7.51,-22.209,-6.4874,-59.558,-8.4663,-22.96,-14.013,-25.225,-43.683,-16.949,16.593,-26.496,32.063,34.076,-1.9611,-1.6589,-3.1939,0.72311,16.525,19.303,8.849,3.1984,12.366,-3.0591,15.659,30.285
14.426,-16.087,21.616,1.2237,0.77394,-9.7414,-15.828,-7.0795,-8.6459,-12.834,7.7771,1.8514,0.45447,-36.989,-9.2083,-3.5839,34.579,12.748,-22.411,-19.494,42.213,-23.243,39.127,55.978,2.2936,17.264,-3.4956,9.9605,13.873,18.132,16.839,10.92,9.6935,8.2936,-4.5777,2.2647
16.466,-21.155,19.09,0.37158,3.8108,-4.0301,-15.703,-5.8926,4.2587,-12.372,11.545,-0.19835,3.4411,-8.2901,-1.8467,18.269,43.039,27.812,12.981,5.4425,36.599,-9.1617,17.949,44.902,3.1014,26.05,-3.5587,10.053,1.1048,8.0972,20.209,16.191,-4.1283,14.838,-15.839,-19.803
17.185,-17.39,19.62,4.9369,18.011,12.735,-1.2681,-5.0925,6.344,-15.335,7.8161,-1.7559,6.776,28.52,-13.812,29.324,30.58,19.654,20.196,31.6,33.602,16.044,-20.98,-17.962,-0.049606,15.23,-2.0846,-1.5647,-19.547,-5.9206,7.7725,10.721,-15.925,16.803,-13.522,-22.128
16.208,-13.97,18.429,8.4106,15.285,0.81776,-4.7646,0.054399,1.7857,-11.268,1.445,2.0458,5.8587,37.938,-23.958,10.851,-6.4898,11.808,36.061,38.46,0.25687,28.05,-17.079,-27.969,-2.0893,1.7248,4.6255,-8.0555,-15.382,-2.9337,-4.8916,-5.6508,-18.687,14.534,-0.41292,-11.3
17.943,-5.4191,15.04,11.866,10.327,-2.3385,-11.2,5.7472,9.3917,-5.3643,2.3372,-8.2516,-1.0023,16.047,-8.5756,-7.6986,-38.392,-8.853,4.9115,17.603,-19.243,42.164,-10.971,-18.227,-2.0985,-9.7023,16.722,-9.2981,2.13,-0.12825,-8.3283,-16.42,-14.376,3.9987,11.46,4.3913
19.017,-8.1714,9.4012,2.3325,4.4081,9.4105,7.2929,7.9178,2.8633,-3.3318,5.7452,-10.935,-3.1163,6.5703,18.663,-3.4975,0.61279,27.397,-3.8346,-15.813,-30.416,50.448,10.88,-11.466,0.2422,-10.073,22.531,-3.1516,17.075,-3.6627,-4.6722,-14.254,-1.1577,-15.31,12.457,3.0925
15.28,-12.266,19.846,4.1266,4.2538,4.0117,-4.8412,-0.2229,-3.8161,1.7788,0.18024,-4.3793,0.77094,-4.3072,48.488,-9.9921,37.679,11.218,-1.4983,-23.361,-22.941,24.838,22.338,-4.2568,4.5032,-4.2453,9.2158,-3.9752,11.04,-4.4442,9.6737,-2.3518,10.228,-26.108,14.163,1.695
15.981,-7.2614,25.357,10.532,18.628,11.341,-9.8613,-4.8669,-6.8182,10.384,7.9635,-5.6232,6.183,-2.249,60.163,-3.7599,40.848,-16.541,15.905,-12.328,-3.6822,-39.836,28.553,-19.491,3.3744,-3.0081,-10.631,-11.09,-14.043,-11.877,12.51,9.6678,13.781,-22.689,2.5668,5.3568
19.846,-8.0277,31.306,2.7706,22.056,2.3052,-3.3719,0.45895,2.7618,0.19681,12.397,-13.036,16.864,-0.76967,16.753,-27.443,-3.3119,-9.1052,43.41,4.1012,18.533,-43.232,51.008,-5.7398,-1.8852,0.49273,-23.671,-3.7056,-21.49,-4.3324,1.1987,9.116,9.7051,1.1221,-9.4357,12.721
19.825,-11.415,33.753,1.1305,15.931,1.9934,14.511,1.413,-2.2667,-22.459,13.913,-16.352,5.7091,-10.239,-18.623,-50.22,-49.108,-21.826,36.261,18.795,17.752,-28.962,9.3791,16.06,-5.193,5.2685,-22.015,9.2101,-7.2105,3.5615,-15.652,3.2899,6.8179,30.385,-12.396,17.116
21.79,-10.574,24.025,-4.8946,3.9464,4.133,4.6781,-1.3123,3.1745,-3.4156,22.709,-1.8846,-8.4182,2.1516,-30.475,-5.2904,-24.795,-7.8011,-5.6825,6.6575,14.867,25.012,-15.253,41.574,-4.9468,10.301,-6.3094,22.8,12.517,8.1073,-18.078,-1.3373,2.8795,25.032,-18.268,7.252
17.864,-11.108,19.686,-10.746,3.1289,-0.48599,4.244,5.4162,1.8516,-2.2902,7.4969,-3.169,-7.1409,22.633,-26.298,31.214,15.537,0.61469,-37.807,2.8438,32.24,77.966,-0.29436,42.432,0.78565,12.25,4.4443,22.054,12.946,10.051,-8.5202,-4.7887,-2.2964,3.4192,-6.6505,-0.61284
16.617,-7.1054,23.102,6.0634,16.06,-0.35569,-1.0799,1.7861,8.1363,2.6186,7.9785,1.1594,-1.4451,34.3,-10.956,45.841,26.948,20.211,-9.9447,5.39,25.686,28.466,-35.494,17.334,2.6309,6.1678,7.799,1.0645,-7.1265,6.7802,7.8105,3.6255,-8.3581,-22.69,-6.35,-10.799
18.841,-1.8327,21.066,11.259,17.643,4.5451,-1.514,1.2857,11.372,13.507,21.132,3.3417,6.1508,34.939,-6.1605,34.483,-10.249,14.423,-4.2094,-4.5147,0.86088,-13.593,-13.753,25.115,-1.2893,-4.1167,7.3836,-11.781,-15.214,-1.35,6.7129,3.9825,-18.335,-33.787,-11.224,-14.149
20.579,1.9385,17.857,7.0236,10.164,11.723,2.5847,3.448,11.257,2.9186,-1.8549,3.5271,-1.9096,26.837,-1.5484,-1.6025,-47.535,19.196,16.571,28.464,-11.234,-42.658,-40.274,-3.7615,-3.9169,-15.246,4.7179,-12.779,-6.9238,-8.8313,-8.3583,-1.8784,-18.136,-15.018,2.9375,-9.853
18.959,1.8396,19.228,6.016,0.95235,0.68609,0.307,2.3279,0.72158,-9.2367,5.5372,8.2047,-13.355,5.7802,5.9165,-3.971,-23.29,-5.6278,-17.501,11.219,-40.972,-55.407,-54.025,-17.765,-3.0146,-19.659,2.9138,-6.2716,9.4515,-5.5728,-9.8755,-7.5685,-7.4413,9.3451,11.953,-5.2407
15.603,4.4772,23.246,7.8836,0.63763,11.172,6.2951,15.497,7.845,-7.3385,-4.3615,-3.1529,-11.277,-27.351,6.595,1.1704,-1.15,-13.921,-45.091,-11.869,-44.075,-25.715,-0.6706,-10.491,1.4276,-15,1.2285,1.1736,16.124,-4.6182,-0.94479,-14.794,1.0855,24.77,26.896,6.7248
14.651,-0.21193,21.33,8.8432,10.761,2.0067,-12.119,0.87076,-7.4077,-9.0673,-4.6278,-2.201,-4.2386,-36.263,4.337,1.7387,13.816,3.117,-22.756,-22.191,-19.925,24.661,26.208,2.2764,3.46,-2.8238,-0.48037,-2.2083,6.749,1.4364,18.429,-2.4635,12.572,27.584,25.613,8.6746
17.094,-10.711,20.104,6.1951,4.6844,4.1021,-13.747,-1.7578,-6.7159,-10.023,2.8923,3.4847,0.66985,-27.142,5.3839,1.4107,14.532,-8.2674,14.475,-28.803,-16.33,41.157,54.09,19.842,1.1269,9.793,-3.0106,-5.4946,0.75115,2.3879,22.238,10.567,8.7804,11.201,5.0449,2.2956
16.094,-8.6978,22.968,7.7295,5.8369,5.7794,-1.05,-0.14,-1.9604,4.4362,15.014,6.0241,-2.0284,-8.4434,4.1202,-15.133,2.614,-1.2724,44.862,7.3686,8.0167,49.079,46.659,10.441,-1.6908,11.171,-5.22,-3.7167,0.31976,4.5229,4.7731,10.52,-4.5565,-14.266,-15.447,-8.3084
15.217,-4.8508,25.119,9.1457,10.366,5.1517,7.9978,1.601,-3.0437,6.4881,12.863,2.6554,-6.7471,7.7044,-8.3498,-17.867,8.2066,0.21351,32.289,26.186,-14.144,18.081,14.328,-3.0949,-1.1188,6.4453,-8.1957,-1.5227,1.044,8.0727,-13.389,4.2216,-9.4096,-24.955,-25.25,-14.747
14.575,-7.3638,20.882,-0.19853,9.2272,0.84568,-0.561,2.8757,-5.2354,7.2163,13.716,3.4344,-8.9842,2.1697,-14.896,-7.2062,18.578,21.491,-7.7982,2.9147,-43.8,-35.133,-31.146,-27.797,2.8258,2.6183,-4.1374,4.9318,4.5197,3.0903,-16.929,-6.7547,-6.8111,-21.54,-21.665,-10.315
14.48,-7.526,16.972,1.2257,7.0925,6.6757,2.1526,9.8276,-12.151,-2.3731,10.705,3.232,-1.4465,-0.22191,-26.087,-10.166,11.771,20.715,-26.141,-5.4679,-37.469,-41.51,-33.256,-34.775,8.1404,1.5408,3.6479,4.4473,1.937,-12.744,-4.493,-7.7995,10.671,-8.594,-8.0393,-2.1126
11.97,-6.2754,19.593,8.0864,16.762,15.763,-2.0265,-2.796,-19.307,-8.6998,0.51965,-8.1627,9.4501,8.611,-7.6981,5.6756,23.431,3.9288,-10.567,-10.578,-14.376,-28.823,-37.876,-25.296,9.0535,1.2022,6.2438,-0.21959,-6.9067,-26.275,10.846,2.9194,25.161,3.6212,8.7358,8.3141
15.796,-5.506,12.72,-0.079931,12.484,8.0503,-4.3398,1.7029,-14.743,-6.3089,2.8332,-8.9335,24.738,12.188,6.2909,-2.0714,15.465,-54.723,11.208,-6.0649,24.498,-28.044,-22.503,-14.908,2.2074,-2.7842,8.881,1.4811,-10.284,-12.839,12.634,1.2062,23.261,8.3686,8.4604,11.606
18.642,-4.0683,19.159,3.2921,18.247,2.1227,-2.5984,1.6492,-11.127,-5.2275,-1.2853,-3.1307,23.191,1.9758,0.13428,-12.352,-17.803,-72.167,27.757,17.81,51.02,-23.76,7.1563,3.84,-7.5482,-8.6669,3.9899,2.3168,-10.752,16.368,2.9917,-1.7986,9.3163,13.555,7.1744,12.646
23.513,-2.5355,20.335,2.5872,14.083,-13.866,8.0428,4.5725,-3.9917,-18.131,0.35617,-6.7382,2.72,-10.825,14.402,6.2525,-19.032,-5.4328,17.867,-13.63,46.139,-2.1988,-13.47,8.6859,-14.16,-7.508,1.191,2.1786,-3.2076,41.033,-9.7775,-0.46496,-8.5472,23.978,7.6949,14.329
19.708,-6.7728,15.853,0.57706,7.0612,-9.3626,5.6607,4.6743,0.82724,-14.669,5.3363,-7.3404,-17.282,-23.217,8.1957,13.097,-13.081,61.122,1.0621,-15.788,21.385,26.03,-6.5206,26.138,-9.2499,2.3057,1.7035,-4.5369,3.5496,27.157,-17.492,2.2269,-20.089,20.062,9.1655,7.4177
16.624,-9.5665,21.574,4.4038,8.5606,11.077,0.464,-6.6249,2.3498,-2.6878,-7.2124,-2.4857,-25.827,-12.756,8.2152,-3.9031,-2.9342,83.8,-24.332,8.4092,-3.4211,66.951,22.809,45.586,0.7859,11.199,-2.144,-11.412,1.3706,-11.835,-17.671,11.564,-17.595,1.1179,13.843,-4.1756
13.446,-12.161,22.637,8.9325,14.468,20.213,1.722,-0.64584,-3.6059,0.066006,-0.76127,7.8121,-8.7847,14.469,11.745,-29.958,-8.104,19.003,-38.605,17.925,-24.647,41.976,34.844,22.479,7.4501,9.8534,-3.2685,-6.9305,1.1348,-33.894,-10.606,7.6359,-5.8696,-13.539,3.9149,-17.815
13.73,-6.219,21.05,-3.5421,8.9124,13.247,-2.1537,11.437,-3.4857,7.977,14.81,8.4787,2.4008,26.326,1.9075,-29.28,-14.667,-43.551,-50.654,27.333,-18.822,-4.5821,35.064,-10.362,5.1637,-3.5292,-5.9691,8.1461,5.3922,-22.939,3.7045,-4.7161,4.6135,-13.261,-11.918,-21.1
16.762,-1.2118,21.988,-10.429,2.8333,-0.94584,-12.333,4.6057,-8.5786,0.98696,11.747,-1.5834,5.8544,6.5094,-4.993,-8.8665,-1.54,-44.674,-38.808,12.93,-0.26307,-5.8971,6.9269,-34.965,-2.7916,-16.064,-7.7592,16.509,5.6179,1.0602,19.458,-10.821,6.5799,3.311,-19.485,-11.942
16.166,-1.8781,22.853,-0.55527,7.0441,-0.11947,-17.835,4.4157,-4.5747,-5.4393,4.065,-2.9692,-7.3279,-26.421,-13.261,26.282,20.745,0.94109,-5.708,-12.674,7.4546,24.583,-22.821,-31.191,-4.1529,-13.423,-3.0431,8.7951,-2.0603,8.4604,27.285,-13.386,-0.61258,8.9735,-19.745,-1.4723
15.155,-11.077,19.24,3.0058,14.632,4.5588,-9.8411,9.3299,-3.1929,3.8256,8.0746,-3.9465,-17.878,-39.478,-19.467,24.807,2.2793,2.0584,36.214,-16.177,-4.8855,43.948,-33.64,-26.819,0.0067916,2.2907,2.4582,-2.452,-11.353,-1.6252,16.058,-9.4879,-3.0682,-5.7313,-10.836,6.5285
10.869,-14.497,15.794,2.8812,13.386,10.965,-6.2536,2.738,-2.4512,18.849,5.2359,-5.9352,-6.4975,-17.797,-6.0712,-2.1408,-26.879,-24.614,48.26,-25.046,-19.573,15.363,-43.377,-21.797,7.4821,14.868,3.3872,-10.605,-9.8449,-6.181,1.9683,2.8068,3.5485,-23.44,6.2164,14.258
10.471,-14.641,15.784,0.25588,0.80219,-5.4588,-0.016963,-2.644,-12.083,10.817,-5.6578,-13.51,5.4732,13.651,3.7033,-6.9155,-34.493,-40.022,14.498,-28.324,-2.09,-29.943,-36.975,-7.0198,9.2479,14.9,-0.93794,-9.5676,3.6857,7.7821,-9.8951,9.6707,11.828,-21.87,22.415,19.474
15.259,-8.9945,21.545,-0.25071,0.51953,-7.4178,1.3823,-2.1203,-9.9163,-1.2537,-10.758,-9.0858,18.407,21.354,-7.9098,-10.882,-10.093,-8.924,14.991,7.4335,23.799,-55.674,9.929,30.201,3.398,3.6178,-4.3535,-1.9564,12.416,19.935,-12.579,5.7437,11.099,-2.8799,31.228,11.771
15.697,-7.0029,18.216,1.1141,3.8182,-6.2608,-6.4098,-2.4028,-0.5054,-1.0947,-2.4161,-5.8811,15.909,15.446,-23.237,-18.661,12.315,33.124,3.3726,15.937,32.569,-29.884,51.783,44.552,-2.9223,-7.3664,1.9268,3.8719,12.283,23.623,-3.6148,-1.2724,4.2587,12.25,20.23,-2.6182
17.46,-7.6393,10.623,-2.989,6.8311,6.9038,4.4383,6.3342,3.6595,-3.0321,8.5795,5.3507,5.2745,-0.60546,-14.368,-6.05,11.795,38.49,-9.0701,-18.457,18.592,0.93339,68.384,11.27,-7.5306,-11.495,10.543,10.098,4.0222,10.258,-2.6564,-6.014,-0.9199,14.64,-9.1993,-16.019
17.325,-7.5955,9.6264,-7.7054,3.8038,3.9423,0.14135,1.0971,-2.5865,-3.2356,10.565,1.5479,-2.572,-12.202,16.566,10.028,15.976,54.384,8.4548,-21.74,21.807,3.0036,34.946,-10.646,-5.2225,-6.1068,11.652,12.169,-2.2268,-7.0467,-0.53362,2.7588,-4.4287,7.4746,-30.109,-13.828
17.083,-9.0009,18.656,1.134,6.4241,6.7257,-6.4283,-13.099,0.42044,0.28344,16.944,-7.1651,-10.006,-22.297,24.902,25.262,8.1872,31.736,-0.83189,-3.7981,24.581,1.0832,-27.649,-22.294,-1.3914,3.0073,3.4749,2.5076,-4.746,-20.249,-3.7162,17.333,-9.2138,2.5077,-31.421,-1.0597
14.6,-12.423,22.483,4.0665,12.009,21.02,3.2509,-3.5564,12.018,-1.2507,10.875,-4.9461,-2.5637,-4.2414,15.386,26.528,2.9845,1.2676,-3.4146,22.401,7.4313,7.4142,-50.743,-7.8041,0.21786,6.883,-4.8035,-5.2101,-5.348,-27.619,-13.91,8.7516,-19.039,3.9218,-10.021,10.686
13.82,-16.374,16.646,3.7562,6.8218,14.233,2.4676,6.7619,8.6479,-3.483,-5.3997,-2.5495,-1.6868,10.451,3.5964,-1.7619,-5.4396,-36.199,-21.716,46.135,-20.289,11.266,-45.874,4.5511,1.6901,8.1496,-2.3064,-8.8689,-3.5798,-14.049,-9.6723,-7.6322,-17.526,0.84315,12.625,14.358
17.675,-6.0295,18.324,4.2474,5.0972,0.82261,-6.0139,2.3671,-2.9846,2.3546,-3.6348,-4.6619,-5.6422,5.8394,3.2017,-2.5106,-3.9508,-49.743,-50.654,-2.9487,-50.953,17.521,-6.0441,29.361,0.40528,0.79576,-2.5033,-9.8406,-4.7785,6.8694,0.24696,-10.437,-0.11436,-5.9219,17.188,9.6774
14.702,-6.9722,22.533,0.16258,7.1605,-1.2747,-12.654,7.0067,-2.2229,4.114,1.2616,-5.0316,-0.015951,13.41,19.462,-4.5634,-6.2444,-13.002,-25.574,-29.285,-33.857,0.24556,13.129,30.913,1.1114,-4.4443,-7.1452,-5.2228,-4.4839,19.057,12.886,-3.4943,14.95,-8.2457,10.822,1.8305
11.338,-14.204,21.14,4.6079,9.8648,3.9024,-14.515,-5.1531,-8.0234,3.7113,4.5218,10.975,-1.3728,-1.7423,-5.0633,-21.275,-20.506,24.016,-0.25116,7.924,13.643,-16.685,5.6951,27.402,0.43541,-4.671,-9.5252,-3.316,-1.9445,18.855,21.213,17.345,25.471,-0.9144,3.2224,-11.121
16.98,-5.5819,24.969,1.2942,1.3159,6.1916,-6.0686,-4.1203,-5.761,-4.0385,-2.9135,5.0885,1.7353,-7.9801,-27.997,-18.494,-19.582,22.206,17.513,23.227,22.162,-12.859,2.3684,14.683,-4.6314,-8.5074,-10.314,1.5505,4.5799,4.6193,13.397,19.57,18.092,10.892,3.7513,-9.2231
15.849,-7.5958,14.575,-6.9557,-2.2334,9.0976,-9.4322,11.893,5.6062,-1.9116,1.3003,3.979,-4.3408,-6.8204,-20.695,-12.126,-7.0045,26.927,33.87,57.518,48.39,19.501,15.448,-18.128,-6.0167,-3.9082,4.9808,8.6111,12.833,-9.0436,1.579,-5.0557,-3.1236,10.674,-2.2497,-6.0326
13.314,-14.266,11.817,-3.3025,3.4187,7.2308,-6.4391,10.097,2.0435,0.49584,4.0566,5.808,-21.689,-26.588,-24.295,-1.3853,9.9046,8.6389,24.35,43.77,39.229,36.614,27.009,7.5629,-3.9783,2.3681,17.843,5.9311,12.26,-13.299,-12.984,-26.753,-21.198,-4.1659,-14.87,-4.8407
11.001,-13.272,17.368,0.84351,5.3111,16.846,2.6049,16.497,12.269,11.195,8.7609,1.5516,-19.744,-11.979,17.989,13.226,28.914,-14.418,4.2252,-27.626,-10.508,11.948,-17.874,0.79927,1.5595,6.4168,18.909,-1.3922,1.8514,-16.865,-22.046,-38.231,-31.603,-17.4,-21.15,-1.9303
8.56,-16.038,11.424,-3.2981,2.4959,6.6366,0.087869,15.463,10.522,7.7152,6.8606,10.084,-10.454,6.4399,41.876,-1.5143,23.761,-23.617,-32.584,-67.965,-54.378,-29.912,-55.319,-18.984,5.517,6.5501,8.9732,-7.1849,-6.0017,-2.6421,-9.0254,-20.646,-19.682,-13.879,-12.083,-4.1188
8.3535,-12.7,23.766,-0.34469,12.685,2.1856,-10.583,-4.6033,-3.8871,0.45245,-9.0385,2.2408,-2.1606,8.7496,40.763,-19.022,-4.6755,-41.272,-47.895,-77.767,-62.82,-34.237,-49.139,-14.506,5.4956,0.54993,-14.444,-4.3011,-8.8106,11.13,12.492,15.729,4.5916,2.0004,16.522,8.305
9.4101,-11.333,29.556,-3.4655,11.612,2.7525,-16.137,-13.335,-17.067,-9.0889,-14.703,-4.0288,-2.8956,-4.2017,9.1844,-21.185,-3.3089,8.8554,5.2831,-34.389,-33.026,-9.6872,-17.776,-5.3786,5.1444,0.6759,-25.507,9.6736,-0.60929,15.385,26.205,31.072,20.648,11.438,29.662,14.844
9.4952,-11.25,28.684,-8.5839,-1.5848,-1.8476,-13.23,-7.9876,-5.3461,2.4785,-5.0266,1.355,3.9545,-3.9087,-37.883,1.5563,-1.6042,24.995,47.752,34.228,1.7739,11.837,45.965,35.521,6.5382,6.2105,-19.544,17.058,8.6309,10.305,16.643,23.726,14.664,-0.66519,18.93,3.9856
6.5413,-18.863,13.558,-9.7711,7.9763,13.081,4.0528,-0.039626,-5.2616,1.8585,-4.0334,7.8373,12.21,16.149,-46.335,36.565,19.179,20.174,50.615,31.398,16.567,4.2416,45.44,30.221,7.4959,10.234,-0.6916,12.224,5.4026,-6.1808,-7.7594,8.2322,3.3191,-12.962,-0.71533,-14.817
11.765,-10.889,12.824,3.5862,13.701,9.5189,3.1978,5.8632,-8.9029,0.89719,8.6092,14.068,22.977,29.627,-29.198,37.392,27.235,4.5962,12.652,7.9706,-14.295,-44.527,13.902,-12.377,3.8176,4.9234,10.822,-1.5445,2.1593,-7.6644,-19.686,-4.3577,-2.1377,-10.524,-15.081,-27.439
14.38,-3.439,14.319,8.7317,13.559,7.1562,0.95661,-4.5614,-7.0052,-6.1775,1.1988,4.7249,25.073,30.199,1.3837,22.017,9.2845,-11.849,-15.964,19.901,-8.3963,-46.317,-5.3208,-55.515,-2.5314,-4.5921,8.7807,-9.8505,-4.2774,-3.6723,-14.574,-0.80775,3.4454,5.4351,-5.4428,-12.743
17.064,-4.1487,13.704,0.86093,9.2415,3.4129,-5.3558,-1.7414,-11.622,-15.767,-0.69193,-3.2775,16.611,13.683,-7.6316,1.1075,14.139,2.6842,-17.39,18.188,3.5672,-15.506,-4.0582,-58.804,-8.668,-5.6834,7.501,-6.4585,-11.252,-2.0738,-3.7473,-3.3995,10.923,22.538,6.6461,10.581
16.428,-7.1338,13.809,2.6,14.848,10.209,0.34762,13.713,-8.1003,-12.968,-2.0433,-11.247,2.7362,1.1598,-13.214,5.4543,4.3398,2.7683,-7.2344,22.25,24.863,16.907,27.206,-10.28,-9.1122,-1.7507,9.5079,-3.363,-10.567,1.7886,4.3965,-11.346,4.355,23.214,6.9006,25.589
19.047,-2.1998,9.2628,7.2058,20.126,9.3344,-5.1926,5.82,-6.5717,-3.4608,8.2011,-7.3474,-9.1943,15.73,15.607,13.381,-26.553,-13.081,-10.449,-10.202,23.693,36.554,30.869,17.909,-4.49,1.5259,12.253,-3.4536,-8.3475,3.504,13.465,-3.5424,-0.1053,15.101,-3.6952,20.494
14.757,-3.8336,9.9327,8.2863,10.287,5.5796,-2.7422,2.7832,2.9013,-3.8773,10.355,1.6197,-7.5853,20.423,37.304,-0.93496,-23.206,4.9765,2.548,-22.632,3.3158,43.721,11.719,34.074,2.7173,0.32722,4.982,-3.664,1.3254,5.0973,14.388,4.8205,-6.5799,5.5722,-10.489,2.2436
13.303,2.066,23.446,4.7084,-1.7544,-0.81298,-9.0355,-1.3773,-5.276,-2.0355,8.5433,-0.75646,-0.67782,11.681,28.374,-12.966,-13.826,19.1,45.044,22.918,13.814,46.589,-14.791,21.489,5.4646,-7.035,-9.01,1.5192,8.6984,-0.29074,9.8256,9.034,-6.995,-6.2153,-5.0622,-7.0362
15.507,0.94461,25.37,3.3812,14.186,17.771,3.543,5.9956,-7.0903,8.1802,3.6449,2.4944,12.064,4.8202,5.3118,0.3082,4.6028,12.164,36.959,29.793,-3.0971,39.75,-2.4111,-0.85235,2.6838,-6.468,-12.635,9.6519,4.6785,-11.904,-7.295,-2.2262,-4.607,-19.435,0.33129,-12.104
18.333,1.2516,15.732,3.1754,11.263,12.789,14.187,15.673,5.3313,13.805,4.1609,2.9596,8.304,-11.644,-13.447,20.356,3.0341,-18.129,21.473,8.7555,-8.0757,7.4628,12.623,0.19099,-1.9007,-2.8114,-5.3133,7.0053,0.90505,-11.504,-27.479,-21.449,-5.2262,-20.426,-1.1375,-11.448
18.274,-1.0163,16.446,9.207,6.0791,4.8608,4.1264,9.1548,-3.9509,8.0774,11.341,-0.66452,1.3429,-0.25468,-4.9619,30.663,-8.2432,-35.928,-22.142,-26.683,-8.7741,-33.89,-0.33151,-15.798,-3.534,0.31251,2.3282,-3.4919,-1.4992,1.0988,-22.785,-18.279,5.5109,-8.4986,-11.599,-12.311
16.071,-2.7757,21.184,11.973,3.8159,-3.4222,1.4096,1.4209,-10.884,1.7473,11.007,0.91847,-4.8205,0.16152,6.9449,6.8826,-2.8774,-14.372,-62.799,-56.09,-9.4779,-18.721,-21.518,-28.281,0.12553,0.77233,1.512,-13.809,-1.7255,11.195,-9.6153,-4.104,9.0696,5.6074,-10.218,-8.7346
17.31,2.8309,20.162,14.314,13.788,7.9126,-1.1393,-0.2198,-3.37,-2.736,0.056266,-4.3841,0.9568,0.47986,6.7568,-10.415,0.062362,15.779,-34.83,-29.177,25.158,10.349,-43.336,-48.17,1.126,-0.7802,-0.87676,-9.6358,0.96177,9.8222,8.6823,9.8938,4.7332,9.9882,0.52143,3.2581
16.405,-0.59124,17.346,4.0632,5.9704,4.0767,-14.58,-7.6852,0.30185,9.8512,-0.95565,-9.3211,9.1247,-8.1498,-11.747,-28.149,-9.746,11.994,-20.259,-10.517,20.306,13.38,-16.966,-27.296,0.86843,-0.080289,-2.0647,-0.33505,0.56924,1.2965,16.043,14.136,-0.62026,2.7093,8.6371,10.473
18.586,-1.8686,21.743,7.9547,5.033,9.0011,-5.2938,-0.88048,3.0356,9.2,-4.3462,-19.63,0,0,0,0,0,0,0,0,0,0,0,0,0,0,0,0,0,0,0,0,0,0,0,0
19.996,-4.5008,14.52,1.0787,3.3203,2.0304,-6.6427,-3.5075,-3.9333,2.4695,4.7248,-5.1069,0,0,0,0,0,0,0,0,0,0,0,0,0,0,0,0,0,0,0,0,0,0,0,0
