23.539,-22.274,23.793,-8.3725,5.9859,-0.79166,19.204,-3.1715,-2.1472,-2.2753,0.42064,-9.835,0,0,0,0,0,0,0,0,0,0,0,0,0,0,0,0,0,0,0,0,0,0,0,0
21.722,-16.698,28.573,-7.5282,8.0016,2.06,16.129,-3.9954,-3.2639,-7.3666,-3.0768,-16.08,0,0,0,0,0,0,0,0,0,0,0,0,0,0,0,0,0,0,0,0,0,0,0,0
21.868,-17.998,29.868,-10.642,15.936,-2.1899,10.34,3.8756,-1.3375,-5.1913,4.525,-15.725,7.592,10.385,12.972,-11.872,-12.499,-24.325,-19.293,33.941,-9.2984,-33.426,-2.4243,-4.3845,0.14002,0.27269,-0.78389,2.7441,-2.3103,-0.1312,10.682,12.164,-4.8289,-11.844,-2.8307,4.1961
25.479,-17.759,27.724,-14.89,10.104,-4.3734,12.074,10.673,-3.7622,-9.481,2.8885,-20.356,5.6301,2.8122,2.5997,-3.844,-7.0284,-13.607,18.353,52.133,-0.32571,-37.683,-13.603,5.4972,-2.0845,-0.78,-1.9374,6.4917,-0.4691,2.3012,10.189,0.95699,-7.7811,-0.82577,4.4627,6.3768
25.456,-16.551,30.703,-10.628,-1.3144,-9.7376,11.584,6.4647,-6.5472,-17.931,-3.7742,-9.8891,-2.1149,-0.042659,-5.2193,15.643,-8.0372,6.1476,44.233,34.754,-23.982,-40.379,-7.3518,18.232,-2.698,-2.0468,-4.5204,6.4219,3.7273,6.8259,2.5048,-14.374,-4.3817,16.879,12.808,5.8283
22.743,-16.016,29.455,-9.4573,13.113,-0.96971,24.683,20.776,-0.82196,-19.838,-5.7287,-16.249,-5.5693,1.3138,-0.59154,18.701,-4.5761,-3.7306,19.18,4.3782,-31.564,-0.65193,24.777,20.576,0.13413,-0.39764,-3.5791,-1.6455,-3.0981,-0.15443,-15.833,-24.36,-1.162,17.907,11.524,6.2421
22.178,-18.891,26.393,-5.5367,10.413,-0.81795,26.152,16.201,-14.799,-20.202,5.1577,-8.6627,-0.29813,0.9002,-8.0342,8.9654,4.9121,4.866,-7.1829,-14.05,-15.588,32.454,42.423,17.218,1.2915,0.47278,-0.62566,-9.6988,-3.4366,-4.2367,-20.695,-15.843,10.642,7.9761,0.16192,3.8079
24.333,-15.932,29.583,-8.0844,1.9518,-10.699,14.38,7.9939,-15.419,-8.6712,10.811,-10.681,5.3923,0.35254,-13.888,-8.733,-28.993,-13.739,-35.105,-45.268,-10.332,15.437,19.127,37.215,-0.63775,-0.72812,2.4581,-9.7261,-0.40604,-1.7478,-9.9128,-2.0026,12.95,-8.0375,-8.7503,-2.1912
24.512,-16.143,26.622,-6.8313,6.7221,-2.4402,13.144,5.8309,-7.0429,-7.2873,9.1675,-4.0641,-1.1381,2.8019,-1.6991,-19.134,-13.011,-10.032,-32.1,-19.639,18.614,-8.5432,-3.717,28.952,-2.4093,-1.0573,6.6894,-0.97398,6.0163,-0.86581,2.4777,4.0117,4.7623,-12.774,-9.3675,-9.9803
24.272,-17.214,22.397,-13.177,0.46153,-7.0279,13.634,3.3275,-9.866,-18.577,1.83,0.058904,-8.338,-3.2776,8.5312,-15.879,2.3555,-5.0208,-17.925,-2.8407,16.087,-20.34,4.0962,3.7527,-2.0168,-0.48207,5.9077,8.2903,18.06,7.3668,13.182,11.329,1.0183,-0.61567,-4.8683,-17.957
21.64,-16.849,29.137,-12.558,4.6525,-7.6693,10.475,8.7147,-8.2676,-19.521,7.7899,0.44308,-5.4792,-2.5712,14.203,7.6687,19.319,-3.8219,-3.3843,-15.205,-4.9864,-13.527,3.1012,-15.953,1.0302,-0.95225,-1.9769,8.1971,11.52,7.0558,16.694,7.0965,-1.0679,6.4125,-11.217,-16.545
21.601,-17.218,32.591,-13.161,4.1644,-10.594,6.7525,5.1316,-6.7625,-12.724,13.548,-11.058,-2.5212,0.62872,7.6991,19.317,45.139,19.991,16.446,9.1625,6.5595,14.85,-8.6235,-30.116,3.1908,-0.91214,-8.0645,2.1067,0.13473,6.198,15.476,6.5398,1.199,5.5835,-16.869,-5.7166
23.108,-17.426,28.626,-3.0048,14.53,-2.5679,14.893,-2.6737,-11.088,-16.977,4.8589,-6.4818,1.1043,-3.9126,-11.167,4.2531,23.198,12.741,34.184,9.8422,18.039,5.9238,-53.442,-36.838,2.3397,-1.2043,-6.3901,-9.8744,-15.221,-0.014248,6.0198,6.5293,0.26341,0.65534,-7.7402,4.2685
22.277,-16.611,26.502,-8.2945,18.092,0.41671,19.648,13.603,-5.1762,-12.424,-1.0163,-11.537,4.3241,-7.1677,-19.106,-3.6382,1.0896,17.688,40.671,17.335,10.57,-2.1482,-51.976,-14.388,1.0169,-0.60244,-1.0495,-12.594,-20.915,-5.9205,-9.4,-5.5884,-4.5196,-3.4922,8.1893,14.017
21.853,-19.109,26.598,-12.864,9.2877,-6.8043,21.119,9.4002,-0.041476,-16.709,-11.649,-17.737,2.7965,-4.6943,-4.3453,-30.226,-34.759,-2.7417,14.602,13.355,-5.6743,-1.7509,-13.923,-2.4746,-1.0154,1.534,3.7801,-5.1089,-8.1824,-0.35236,-17.469,-1.9997,0.30734,4.0189,24.072,11.316
24.39,-19.96,24.052,-10.05,7.3304,0.36765,23.975,7.762,-7.0009,-13.932,-4.1857,-12.625,1.717,-1.9926,-0.95931,-26.416,-30.455,-1.8705,-20.763,-20.536,-4.182,1.2265,12.563,22.788,-2.4623,2.8568,4.1384,2.3568,5.7463,-1.1793,-18.298,-2.2201,6.7428,5.9457,17.692,-1.0007
23.45,-18.099,27.678,-17.24,2.5316,-3.9142,20.031,6.9245,-13.013,-17.098,-0.51811,-7.1749,-2.6692,1.1697,-1.3404,-9.9024,-1.9414,20.759,-22.442,18.779,26.951,24.331,34.65,1.1521,-1.8972,1.2014,0.99631,10.587,13.145,0.48957,-8.0808,-3.0264,7.4191,2.1623,4.3595,-2.8321
22.337,-18.112,25.482,-19.315,6.2429,-1.9635,9.8112,4.5727,-0.7816,-11.616,-0.30004,-5.4233,-5.2546,4.1844,0.08361,-2.0159,13.412,0.04112,-32.299,3.5223,27.971,14.54,12.195,-21.205,-0.4736,-0.45122,1.6695,9.193,9.3083,-3.2867,3.3986,-3.4581,-3.0033,-7.6183,-2.9093,0.25366
21.545,-19.448,25.213,-13.183,8.8608,4.7406,16.98,20.384,10.324,-5.7021,3.7331,-20.761,-3.2038,-1.7758,0.11483,10.511,9.0314,-1.2496,-20.034,-13.806,15.345,2.404,8.0585,5.3614,0.81486,-1.9288,2.6099,3.8046,4.8043,-4.2819,5.1845,-9.6568,-10.849,-10.12,-1.5055,8.6631
22.715,-17.193,25.327,-13.086,10.872,-3.9392,9.351,2.7932,-4.6839,-12.361,-0.21388,-16.434,-0.38374,-2.7759,6.6608,9.3421,10.6,-7.2999,-4.9735,-21.534,-13.395,-25.901,11.313,21.952,1.623,-1.7492,2.1024,1.0116,3.3193,6.6989,8.0913,4.8455,-2.1199,1.6877,4.446,2.9607
21.659,-19.446,27.813,-15.098,4.7328,-3.5512,10.244,0.91126,-3.3892,-15.524,3.4681,1.0113,-1.0304,-4.9939,8.4206,3.4418,23.486,3.0196,-10.182,-16.977,-6.6096,-6.0501,27.564,22.889,2.0167,1.1488,0.54624,-3.4642,1.4272,9.8963,4.6915,9.4387,1.7962,8.8622,-7.4579,-14.219
22.088,-19.501,27.512,-13.686,13.607,-1.4676,10.693,3.5422,-0.6224,-19.656,5.4888,-5.3336,1.7739,-2.9528,6.4427,6.5769,22.781,31.401,3.2316,29.335,28.349,27.205,24.673,-15.165,1.8856,3.1824,-2.3948,-7.8732,-7.7319,4.5714,4.5759,3.8987,2.2103,8.5989,-19.663,-11.343
21.343,-20.791,28.33,-11.162,19.236,5.0146,11.218,11.521,4.9889,-5.0795,14.664,-14.867,5.8009,4.0568,2.9551,-5.4272,10.077,28.881,-0.67883,7.9529,3.4534,20.162,-35.911,-47.174,0.25421,5.1953,-2.4337,-4.0704,-11.2,-5.6102,8.0211,-1.2301,-6.6096,-9.5105,-24.939,3.4711
23.76,-17.997,28.289,-11.766,15.011,7.4785,10.48,12.156,5.3014,-3.9805,6.5246,-16.078,5.6284,8.6108,-2.5805,-25.589,-21.355,2.6266,13.155,-14.506,-7.375,3.9875,-55.267,0.27136,-2.4108,3.1945,-1.6469,0.41371,-9.3899,-15.522,5.7348,-2.157,-8.6175,-18.042,-9.5318,15.61
23.724,-18.17,28.902,-18.772,9.0695,6.4163,10.011,0.58094,-4.6244,-13.281,-15.005,-17.204,-1.6866,15.201,0.76394,-0.82698,-10.444,-10.644,24.962,-1.2069,-21.796,-41.994,-57.162,32.527,-2.4751,0.53031,-0.73909,6.9684,-3.3058,-11.231,1.0319,3.6665,0.5897,-9.0261,19.877,13.341
23.712,-16.507,25.936,-22.676,8.0131,-0.85514,17.874,1.7596,0.49675,-13.561,-7.3101,-4.0295,-6.5363,7.4477,-0.69641,6.3453,-13.907,-26.448,19.085,23.13,-2.1143,-31.928,-12.361,23.034,0.11561,-2.2229,-0.18999,10.637,3.1247,-0.86247,-9.9752,-0.97358,3.7711,5.58,29.636,-4.7516
20.524,-13.936,29.889,-6.1208,17.513,3.8593,20.002,16.116,-3.5066,-21.286,-6.9999,-4.6278,-0.49227,7.2899,-1.6824,13.448,-10.176,-12.736,1.5154,7.4676,3.7716,-7.0112,42.024,8.151,3.4854,-5.9443,-4.1112,-0.75401,0.036254,3.2459,-17.435,-12.288,7.1234,20.158,24.726,-11.052
22.092,-16.39,27.448,-14.919,3.8355,-4.4667,15.026,15.953,3.6853,-15.942,-3.6585,-10.849,5.6093,1.4515,-2.3072,20.46,-5.8653,-0.6399,-24.998,-23.711,-1.303,14.396,43.319,-11.299,2.5007,-6.3383,-2.61,-3.1768,7.5345,8.5775,-11.096,-10.365,-1.4693,13.648,4.1379,-9.167
24.288,-14.583,27.305,-15.927,6.0705,1.854,12.192,-2.7821,-4.3329,-15.596,4.1807,-9.7187,9.6674,-11.523,-18.987,-11.654,-14.284,-7.3184,-40.171,-39.227,13.416,35.635,38.629,-5.5679,-0.67031,-6.5904,-1.9934,-7.1972,8.7767,6.5047,4.1311,9.3409,-5.5305,1.6799,-14.369,-6.2351
24.635,-15.457,26.074,-7.5431,10.802,-0.17248,9.2796,-0.64676,0.25841,-9.2081,8.7591,-7.1335,0.88718,-14.837,-5.0942,3.0121,25.819,13.731,-15.55,-5.347,-14.283,14.991,10.026,-15.942,-3.5849,-2.9584,1.2945,-7.6217,6.7972,9.3269,17.511,21.068,-8.1326,-8.932,-16.219,-7.1949
24.086,-20.164,21.082,-15.636,6.888,-1.947,2.7902,4.8024,4.9146,-6.8356,6.1059,-9.2695,-1.4828,-17.518,-10.256,-13.815,17.865,12.602,17.447,44.99,-17.391,1.0913,-13.175,-20.703,-3.694,3.7556,7.1583,0.21997,2.6159,9.0302,15.704,16.201,-8.1734,-15.393,-9.6216,-4.8155
22.636,-21.019,28.012,-13.558,16.336,4.2993,11.952,9.4874,-8.0799,-12.827,0.39181,-19.045,-6.7402,-10.343,-0.20005,-16.568,12.046,36.034,33.747,39.52,-26.562,-12.992,-11.876,-39.706,-1.9945,7.7833,3.3184,-2.3673,-9.2467,0.38986,3.0008,-6.634,2.0405,-9.4868,0.95603,6.9718
24.546,-20.561,21.208,-19.827,12.236,5.9192,19.579,14.646,-8.8592,-13.241,1.7767,-14.115,-4.989,5.008,14.358,-0.76435,5.6821,26.681,13.702,19.346,-21.311,-27.34,1.4719,-17.763,-0.69559,9.3476,2.4836,1.761,-8.1612,-9.6924,-7.8262,-25.5,3.9304,-2.8232,2.6253,13.582
21.035,-20.43,25.911,-13.732,14.151,13.911,17.759,14.191,-6.1359,-12.501,4.9858,-24.564,-7.332,12.816,-0.80903,-15.349,-14.323,8.6409,1.3265,-25.695,-2.1201,-18.228,7.4824,17.447,1.9294,6.0184,-0.73791,5.4958,-4.1245,-22.347,-7.3104,-24.965,5.1141,10.603,-3.6894,20.196
22.392,-17.954,29.311,-15.931,10.822,6.5873,6.738,12.124,-6.7131,-20.668,4.5448,-15.392,-4.6648,17.641,2.4667,-5.619,-9.7561,-22.163,-5.4735,-49.903,-9.9602,-10.407,-9.7276,18.632,1.6706,0.05618,-3.0864,6.3561,0.21874,-20.382,2.6928,-6.7168,4.2703,19.016,-7.2508,7.1518
20.047,-15.914,23.556,-23.181,9.882,8.2857,19.036,-2.099,-10.213,-18.227,2.749,-9.6826,2.7447,13.433,2.0559,13.338,-0.85731,-51.278,6.7832,-50.682,-6.6677,31.556,-24.723,43.075,1.5439,-5.0759,1.313,10.6,4.2565,-9.1271,3.9682,19.93,5.1244,11.985,-2.2344,-9.6403
22.707,-13.999,23.619,-17.912,9.4923,-2.3494,16.204,-2.1604,-11.801,-15.582,-1.9686,-12.239,-1.6743,4.9805,-2.5066,16.672,0.043037,-45.27,24.438,-1.7439,2.3138,42.847,-18.68,5.1814,0.27432,-9.1105,-1.6307,3.9528,-1.0478,8.2333,3.2803,25.244,6.6448,-0.35287,6.3908,-13.914
22.25,-15.691,29.785,-6.0726,14.387,-7.2594,16.418,-4.0078,-6.9259,0.7333,-4.1188,-4.6025,-1.1079,-6.2333,8.2427,26.505,2.0601,-25.441,6.2121,49.874,17.365,15.071,0.78656,-24.029,0.33777,-6.7066,-3.0201,-3.7662,-5.2321,16.163,-5.3481,14.332,5.8233,-10.564,10.013,-13.583
20.454,-15.575,24.943,-16.149,8.5908,-8.2753,20.266,12.206,-7.1997,-8.7254,-1.3611,-15.341,-1.3669,-18.079,-8.7804,7.5616,-16.454,6.0849,11.214,26.04,11.248,-3.929,9.4718,-17.388,2.7444,-1.2999,-0.73544,-3.0515,1.5501,11.679,-14.331,-11.615,3.9121,-2.8348,7.0014,2.3393
20.62,-18.243,27.015,-10.81,11.363,-1.4718,20.111,15.655,-3.8312,-14.12,2.8385,-20.146,4.2799,-8.5704,-9.9076,-0.93755,-18.769,3.8613,-13.345,7.0856,17.982,2.122,11.266,-13.553,3.5968,5.1829,-1.5593,-5.4264,7.0938,5.1364,-8.4362,-23.655,-3.1007,5.1421,1.1235,8.7444
22.839,-21.763,20.614,-11.762,2.7775,-2.2007,19.964,1.0283,-7.7243,-10.12,-0.7114,-13.161,9.3539,-0.35021,2.8913,15.136,18.208,-1.5276,-37.44,-38.426,21.566,35.147,11.088,11.64,2.2005,7.6872,2.6428,-2.2253,9.1783,1.027,0.34842,-9.8082,-6.8894,0.83552,2.0602,3.6738
23.197,-16.883,26.996,-8.7347,7.9089,-8.366,9.8961,5.1239,2.3273,2.4914,1.1892,-12.469,11.515,10.817,-5.3896,-4.4145,20.198,4.0471,-11.642,-36.17,-3.2977,21.244,5.5963,5.1791,-0.92616,1.6008,0.24489,-1.4057,1.1728,5.4603,10.163,3.6229,-10.21,-12.104,3.4609,-0.44281
23.842,-16.43,26.399,-9.6188,19.422,-5.592,6.6536,-1.7415,0.50397,0.54267,5.0074,-13.36,6.018,10.664,2.1744,-1.8265,9.9537,11.127,12.104,-1.373,-12.56,-9.3123,22.607,-8.3849,-2.7141,-4.0432,-2.6167,-1.8298,-9.9959,3.5818,8.7529,16.979,-8.8517,-21.782,-0.088436,1.6452
25.876,-15.5,21.428,-14.089,13.14,2.2474,20.945,-1.0453,-9.5942,-8.8291,2.7772,-17.457,1.317,-6.0732,-8.3247,0.51524,-8.7782,24.835,12.699,6.6733,-16.004,-36.167,22.81,-5.7545,-3.8121,-6.7357,1.2549,2.0184,-6.122,-2.5238,-1.071,11.913,2.9787,-11.539,-6.0035,10.706
24.508,-17.122,24.485,-9.9987,5.1389,-1.9438,20.491,3.4264,-8.0435,-9.1155,9.7983,-14.859,0.88258,-12.121,-8.7249,3.5218,-17.283,5.9874,-5.8458,25.045,-16.34,-45.056,2.0385,25.333,-2.9181,-3.4622,3.2468,-0.30434,1.3421,-5.5813,-3.6749,-1.9795,5.6053,0.93477,-14.47,9.6664
23.523,-19.573,23.791,-8.2871,10.661,2.2277,9.3265,5.8766,-1.4009,-10.763,10.199,-14.596,-4.9772,-11.469,6.3343,3.0036,3.2064,-6.002,-8.0217,10.184,13.486,-18.58,-14.137,41.848,-1.9713,1.5101,6.1147,-0.55088,2.8211,-9.4832,1.4822,-6.3804,5.9168,13.862,-9.5944,1.6491
25.46,-20.454,20.855,-10.759,12.02,-2.5884,9.5401,7.3203,-11.762,-21.018,2.3158,-2.1239,-5.4253,-3.9495,11.079,-4.5924,10.672,-1.3603,4.0898,-13.026,0.72196,-13.432,-31.269,16.146,-2.2138,1.7349,3.1993,1.4837,0.90901,-4.1938,4.7481,-5.2085,8.4503,25.282,5.6726,-11.856
22.912,-19.569,26.411,-12.207,11.303,-0.43136,22.41,2.0999,-0.99184,-12.168,-0.54991,-2.9009,-5.3856,-2.6083,12.347,1.8179,-8.6502,-18.907,15.142,-6.1929,5.0496,17.332,-8.5075,7.0845,-1.3363,0.089805,-2.5421,2.5145,-4.1317,1.2336,-0.95166,1.8909,-0.32328,13.12,12.629,-16.407
22.101,-19.099,28.715,-10.335,10.154,-1.2945,15.994,-1.1981,-7.887,-15.129,-0.46194,-12.634,-9.9821,-7.877,4.2655,11.533,-6.8096,-8.5292,6.3131,7.1916,30.13,63.398,27.587,-16.567,0.27341,0.71701,-2.2961,2.242,-2.4875,3.4915,-4.7951,5.5622,2.059,2.1864,11.504,-6.8719
22.509,-21.555,26.034,-7.59,7.2688,-7.8727,13.67,7.0394,-0.8138,-5.0416,7.3341,-5.7987,-9.3801,-9.0565,-2.9697,7.5131,-8.7111,3.7506,-13.892,9.5298,-2.8347,8.6029,19.581,-23.831,2.4206,4.0334,1.8692,-2.4863,3.1087,8.6758,-7.7811,0.47651,-3.7371,-14.75,-0.042463,-3.218
20.67,-23.399,23.176,-7.3005,10.632,-3.1324,17.067,8.4464,3.2135,7.1175,12.167,-8.9585,-2.061,2.8597,7.2567,3.7702,-1.7352,4.7687,-5.3688,6.9237,14.959,1.8649,12.207,-2.7563,3.7427,6.364,4.2633,-8.854,2.4168,3.2558,-7.043,-4.1701,-11.993,-22.302,-8.0344,2.885
18.937,-21.947,27.695,-9.9676,6.7084,2.3629,14.928,2.0425,-7.9594,-18.99,2.926,-16.654,2.757,12.19,20.197,-6.7322,4.3563,17.824,-17.923,-3.6763,-6.0505,-25.649,-1.0301,-15.911,3.1728,4.9336,-0.042894,-10.7,0.8706,-2.4923,0.30836,-0.70532,-2.1977,-3.4317,-3.8243,7.5299
22.857,-17.474,31.513,-7.2611,9.5668,-4.0279,12.681,4.7622,3.1653,-7.2224,7.8456,-8.5846,2.663,13.32,13.999,-25.614,-1.2596,0.71342,-26.886,-7.0557,-28.227,-30.985,-2.28,-6.1021,0.44946,-1.4879,-8.3532,-9.3317,-5.1203,-6.0901,8.6421,1.312,-1.4806,0.088362,-4.185,5.7445
22.795,-18.423,31.964,-10.976,9.9794,1.4869,6.9016,7.0433,-3.8149,-10.696,8.9798,-13.941,4.1218,10.381,-6.5551,-31.293,-4.596,-6.6835,-1.5912,12.993,7.7697,7.8695,7.7029,15.492,-1.6108,-6.5781,-10.195,1.0188,-6.5301,-12.14,16.97,4.3197,7.4579,7.0748,-0.4161,6.8755
20.073,-18.502,28.041,-19.604,8.3664,-2.3377,7.6368,2.4182,-12.972,-12.522,8.0002,-13.366,-0.49605,-3.6752,-21.133,-30.608,-22.861,-13.428,29.676,5.1492,0.64587,-14.453,-13.085,10.265,-1.5337,-7.5635,-4.0529,15.445,0.42909,-9.0112,13.025,4.2951,8.1833,6.866,-0.79807,1.8515
22.39,-16.242,26.153,-19.443,5.0106,-1.824,16.655,9.7109,3.9942,-12.405,6.7002,-6.5176,-3.7174,-12.203,-13.21,0.85834,-17.494,-35.806,38.646,11.82,16.802,1.4585,2.2917,10.283,-2.9804,-5.2333,3.9309,18.353,10.943,-1.5555,-2.5254,-1.7031,-6.4582,0.11148,-3.4594,-5.8665
22.811,-20.401,23.851,-18.331,0.62099,-9.0867,22.642,6.003,-0.41639,-13.594,2.4431,-7.1639,-1.0859,-13.206,-2.9385,35.535,7.3348,-29.781,18.121,15.007,8.1731,6.5504,-3.5648,5.7596,-2.1783,1.0994,7.9459,11.73,17.875,11.024,-14.491,-4.3937,-4.7959,3.7565,-1.0249,-3.322
19.567,-23.574,27.454,-11.183,5.1052,-13.042,18.722,11.161,-1.6918,-9.4308,12.904,-11.9,-10.485,-11.02,4.0022,27.401,35.023,-6.2845,-8.4408,-0.45118,-28.285,-2.0746,-14.354,-11.588,-0.27621,6.7909,4.2235,-4.4465,9.5964,17.333,-11.762,-9.6814,1.1556,1.4808,-6.1067,2.6969
20.942,-21.438,25.921,-5.9662,11.986,-11.62,15.664,9.1965,-6.0428,-10.734,3.1158,-7.7949,-8.0036,1.2305,9.9902,14.77,40.257,26.93,-19.237,-10.684,-0.78992,6.0966,-9.8864,4.5908,1.3986,7.1252,0.81094,-14.862,-6.633,10.263,-1.6116,-6.7137,8.3041,3.2849,1.4857,6.0946
18.082,-21.234,27.12,-11.925,16.839,-3.6998,15.924,7.8886,-7.335,-14.873,-0.81302,-11.996,-1.6396,14.534,1.4436,-10.991,14.027,22.503,-1.4834,-23.742,27.062,9.0895,-25.081,24.352,5.1903,5.1642,-1.7198,-12.34,-15.528,-1.3833,3.2867,-0.77101,5.3913,1.6118,10.391,8.8232
19.552,-20.957,29.014,-10.575,14.882,-0.29245,14.423,2.2972,2.0103,-7.825,4.3585,-4.8205,1.4842,9.6435,2.3955,-19.578,-15.332,7.1383,6.5841,-6.9168,22.02,17.393,9.2275,18.262,3.8571,-0.01768,-4.6424,-5.5104,-11.79,-6.7667,2.3182,2.128,-13.831,-6.7096,7.4036,-3.2373
19.442,-16.548,26.63,-14.374,10.671,-7.4537,18.6,2.7396,7.8126,-6.3404,-0.25765,-1.2115,10.722,10.595,-0.79935,-17.126,-14.823,-3.3051,-4.9179,-6.1898,-12.733,0.33622,28.045,25.692,1.4082,-4.5512,-3.3451,3.1274,-2.616,-0.34787,-0.3311,1.5912,-23.309,-9.6387,3.6249,-11.085
21.004,-18.959,27.364,-14.531,7.4046,-6.1734,17.617,8.3126,-2.6064,-6.3035,7.4519,-4.0562,5.1008,3.1116,-12.101,-9.715,-4.2678,6.0007,-5.9288,-8.8199,-50.049,-23.075,0.56894,-12.265,-0.55268,-3.7925,-4.7903,4.6324,6.2497,3.0388,-0.4317,0.69558,-12.509,-8.5461,-9.66,-9.8456
22.717,-16.935,27.545,-18.51,13.167,-2.4119,11.868,1.786,-11.393,-15.465,11.663,0.46754,3.5928,-4.956,-8.0341,-0.28551,-4.5852,21.332,3.1176,-14.834,-53.446,-18.87,-2.6274,-15.809,-1.577,-2.3855,-3.7043,3.8087,5.4785,-1.3711,-0.7616,1.3007,5.615,2.328,-11.962,-2.3977
20.465,-19.207,22.506,-13.365,11.501,0.18701,14.825,-1.636,-13.411,-14.8,-1.3172,-11.793,2.2855,-1.5434,-17.939,-4.8358,10.797,10.014,0.40788,0.88329,-20.168,-15.735,-23.737,-10.215,0.57796,1.7839,0.67097,0.35646,0.044823,-10.711,-9.5122,0.29842,14.977,7.9976,6.6804,14.519
21.508,-18.902,25.042,-15.1,6.3303,0.032301,21.555,0.29685,-13.508,-11.527,2.8132,-5.2478,4.2448,0.99495,-16.402,-0.5216,5.0373,-12.167,-11.894,-4.5381,0.40085,8.3061,-19.615,12.678,-0.78277,4.2761,4.9898,1.8442,-2.0523,-15.335,-13.742,-3.984,12.198,8.9234,16.265,12.553
22.751,-18.747,19.646,-18.654,16.221,-2.3887,12.977,9.4988,-11.633,-16.14,0.0082814,-6.3061,7.6646,9.0558,-4.562,-7.8147,-8.8549,-30.807,-45.984,-12.476,-2.0867,3.3251,42.465,46.085,-3.4036,1.9,9.847,2.7446,-5.2071,-7.7813,-4.2193,-4.5833,7.2555,8.3748,16.028,-0.92042
23.696,-16.667,20.774,-16.126,13.325,-7.2076,6.8443,-6.0505,-12.082,-10.642,1.1927,4.0634,-3.0106,11.125,10.226,10.425,-5.0204,-34.932,-42.399,-28.075,-1.496,16.217,45.595,18.806,-4.5013,-2.9469,5.8571,1.2861,1.9182,8.4598,13.437,6.9479,6.0579,0.8369,-0.89847,-18.942
23.203,-15.797,22.359,-16.759,3.5757,-11.596,-0.8113,-4.7002,-15.168,-13.58,20.725,6.594,-11.105,2.8919,17.982,3.4142,-10.209,-17.51,-5.4362,-10.265,17.058,22.183,23.799,-17.881,-2.6445,-7.6305,-2.0624,6.2026,9.4107,17.015,28.563,14.626,5.9167,0.50117,-21.271,-21.321
19.777,-14.815,28.798,-10.835,10.143,-12.83,7.2504,-6.6409,-12.489,-4.6985,15.252,-2.295,-8.8772,-10.658,1.6119,0.29431,15.305,23.484,35.015,29.096,21.118,3.0614,-14.774,-50.046,2.7286,-7.5225,-7.4713,4.7159,1.8317,13.331,18.235,12.803,3.2329,-1.0296,-14.923,-4.2851
19.158,-18.228,24.625,-19.592,12.708,-8.3329,10.056,4.6616,-2.9007,-8.0201,4.878,-12.067,-2.6243,-18.206,-10.567,28.263,28.036,25.059,58.126,32.069,16.19,12.409,-33.708,-26.094,5.2368,-2.378,-3.7774,7.0853,-8.3867,1.5569,-2.7188,-0.98102,-2.0702,1.1626,0.25023,10.117
21.28,-20.781,20.447,-14.562,16.412,2.9024,18.918,3.8167,-7.6566,-11.891,1.7292,-11.629,6.3921,-15.939,-12.855,21.58,-14.984,10.437,16.996,14.776,15.103,15.957,-0.26629,1.4869,3.1215,3.583,3.8981,0.15438,-15.894,-7.5696,-16.12,-12.388,-4.5452,-2.1026,9.8141,11.725
21.139,-21.917,21.251,-0.76311,14.459,-6.9329,22.418,6.1054,-9.4885,-3.7791,10.633,-1.7862,7.4445,-6.3574,6.3287,28.198,-36.998,-3.2027,-10.02,-8.0099,9.7149,21.549,17.796,6.9378,0.14076,5.6477,5.7256,-12.15,-9.2478,0.46399,-14.838,-15.483,-10.044,-13.019,7.4773,0.48867
21.983,-20.94,24.058,-9.4594,1.7752,-8.3109,9.5675,0.025149,-1.6435,1.1592,12.242,-6.6921,1.6957,1.3333,12.655,1.0988,-31.649,-0.2338,-11.509,-12.805,1.6292,-12.022,8.544,-7.9359,-2.0875,4.9033,1.8263,-11.843,11.089,6.1709,2.7779,-11.683,-15.76,-15.066,-2.6731,1.514
22.529,-21.327,25.984,-8.0448,1.5272,-4.3276,9.7214,2.5524,-1.0499,-3.7709,8.52,-11.067,0.42768,1.3968,5.306,-22.246,-9.8709,32.714,-1.8132,-31.558,-27.295,-38.699,-0.72627,-18.94,-2.3914,2.9978,-4.1334,-11.806,17.585,4.3622,11.769,-1.3788,-12.05,-11.786,-6.0816,9.7163
21.433,-20.409,24.408,-10.372,7.0529,1.4828,19.512,-0.80945,-11.061,-17.906,7.0577,-10.957,-0.53698,4.7005,-3.2124,-12.412,26.898,23.333,26.782,-31.866,-45.193,-29.248,-4.3703,21.995,-0.82852,0.81211,-4.0282,-7.7254,8.5376,-4.7338,5.404,12.995,1.4905,4.6862,-4.2567,11.853
21.628,-21.484,23.729,-11.43,6.885,4.5274,16.539,-9.2561,-18.427,-13.596,12.862,-9.1238,-3.3961,6.9478,-6.4049,-24.078,21.652,6.8246,29.679,-5.3734,-27.126,-28.769,-6.1544,40.553,0.95151,0.5621,-1.5978,-0.95493,-2.1529,-15.451,-4.3701,24.444,14.453,13.227,-4.3977,6.5305
22.165,-18.511,23.579,-13.973,12.545,-1.0717,19.55,-10.004,-15.551,-8.5525,7.8856,3.334,-0.53502,2.6183,-1.6306,-36.612,-4.7227,-10.958,-0.23555,39.076,8.9968,6.4443,-10.025,21.58,1.5731,-1.6218,0.74057,8.3705,-10.477,-14.939,-12.793,11.832,10.167,6.6329,-3.3068,-0.53035
20.465,-18.802,23.196,-18.283,9.6068,0.36201,24.542,4.4629,-12.368,-22.832,5.0288,2.0645,5.1843,5.2484,-3.4737,-14.92,-4.8251,-27.397,-10.155,55.194,17.872,9.5894,-19.887,13.92,1.9049,-1.9918,1.9312,19.846,-5.027,-6.7623,-10.704,-11.983,0.096493,3.0779,2.4861,-2.4321
21.747,-20.441,23.859,-25.251,3.3306,-1.9135,15.392,11.869,-9.5927,-10.066,5.9614,-5.7606,3.0384,-2.5586,-0.97513,24.861,-12.248,-34.253,-17.268,-2.991,-16.857,-15.263,-14.038,32.66,-0.0083283,-0.12435,1.8129,19.793,1.9082,5.502,1.0287,-22.366,-2.2396,-2.7652,10.642,-2.3617
24.429,-17.895,21.852,-13.251,9.0798,-8.7501,13.54,7.4044,-12.47,-8.0445,3.8802,2.3837,4.3418,-0.42257,2.9232,44.417,0.27918,-15.339,-15.323,-44.257,-13.716,-2.5257,8.2824,22.853,-2.5855,-0.85108,0.72088,0.1969,0.98477,12.162,3.9814,-14.634,3.618,2.5342,10.571,-10.967
21.702,-20.244,23.763,-4.0588,6.6849,-13.642,16.417,-12.97,-23.929,-23.578,1.4409,19.505,-0.15541,4.832,4.2352,32.685,2.266,10.524,7.4916,-23.029,13.593,-1.3241,29.099,5.3056,-1.7403,0.68826,-2.2159,-18.2,0.79775,11.12,4.007,6.0062,12.242,11.08,5.9113,-17.467
22.658,-19.112,24.706,-6.671,8.0692,-1.4433,16.368,-5.2462,-12.058,-17.339,11.43,0.85837,-6.1462,-2.7023,-2.4745,-17.848,-7.1581,11.027,-2.6276,-7.9572,20.737,15.291,11.401,-27.237,-1.0417,-0.91268,-3.8413,-20.613,-3.2008,0.85702,1.272,6.4076,1.5096,1.7724,-4.4234,-6.3276
22.554,-17.417,24.55,-12.199,4.9689,-0.30509,17.724,6.6799,-3.0023,-6.0807,16.736,-2.3451,-0.41916,2.0226,-9.3557,-35.004,-4.5404,8.1639,-3.5805,8.8898,27.126,31.229,13.959,-29.629,0.60488,-1.0049,-1.366,-6.0881,-1.1072,-4.6882,0.5468,-1.6276,-10.065,-4.0125,-8.826,2.287
20.93,-20.66,20.222,-18.105,6.3587,-9.905,11.573,-6.3991,-12.565,-9.148,1.9331,-0.31011,-0.73493,-3.5812,-9.4878,-24.804,-12.322,-9.8744,-3.4265,-28.179,-12.935,-9.9403,-6.2648,8.682,1.7665,0.49277,2.6585,13.505,4.5871,1.5593,5.7356,4.1299,-7.2787,-3.3563,-0.72039,3.1721
22.357,-18.459,21.327,-15.844,5.2699,-5.3293,17.024,-7.9487,-10.112,-12.059,13.169,5.2742,0.16332,0.24679,0.91191,5.7228,-0.68814,-2.4664,10.625,-21.056,-19.896,-8.7711,-6.1983,-1.2191,-0.40469,-3.4218,1.0022,16.29,5.8663,5.0415,5.8025,11.211,-6.2004,-1.0937,-1.9551,-1.4407
22.39,-20.381,21.573,-17.251,1.7578,-3.8684,15.005,-12.021,-14.97,-19.32,10.081,1.3897,2.3951,0.6494,5.6842,29.315,13.851,24.139,18.948,27.665,7.8545,18.509,17.878,-25.582,-0.83992,-3.251,-1.3965,8.6603,5.1099,4.7519,6.1199,20.435,2.9553,4.7627,3.6893,-3.1304
21.906,-17.432,24.33,-9.7643,6.9253,-4.5566,21.32,-1.0371,-11.747,-5.3802,9.5627,-3.8046,-4.0076,-17.202,-11.931,19.385,11.704,16.365,14.245,37.023,-14.27,11.536,-7.8875,-19.701,-0.74412,-3.5482,-2.4806,-5.3328,-2.3562,-3.7752,-2.4985,7.9411,3.5906,-2.3576,1.7171,6.1934
22.353,-20.848,21.562,-6.4868,12.457,1.778,18.898,3.9777,-7.8199,-3.2329,12.675,-8.5617,-2.8491,-11.112,-10.049,11.666,7.0314,4.4693,25.363,44.957,-0.97094,3.72,13.026,2.2711,-0.13949,0.76345,1.9753,-12.818,-6.5211,-13.519,-6.5531,-11.197,4.3182,-2.544,-5.7621,11.804
20.371,-26.826,15.367,-11.533,5.7727,0.03003,22.2,2.5634,-20.822,-14.335,7.9285,0.39949,-0.93522,-11.614,-3.6246,-12.116,-9.0591,-11.507,-5.0752,10.004,2.4702,-13.164,4.8125,15.821,0.53908,6.2512,7.9933,-8.1053,0.45819,-6.3615,-1.8648,-14.042,12.719,3.7945,-3.2282,4.1496
21.733,-21.24,21.03,-10.533,5.8498,-3.9271,27.247,8.6571,-10.918,-12.983,17.412,0.42321,0.16142,1.6726,11.408,-19.025,-8.3727,-29.519,-4.158,-14.811,21.075,18.139,-17.283,15.678,-1.4421,2.6927,4.4096,-1.5793,5.8336,4.4598,-2.9661,-13.899,2.5314,-0.51518,-11.822,-4.3997
21.748,-23.043,22.784,-13.799,5.6991,-7.4577,14.608,1.625,-8.9631,-7.0876,9.6006,-0.38632,-2.8175,7.6621,17.307,-5.7962,21.697,1.5517,19.681,-3.303,38.303,23.299,-8.8734,-5.6566,-1.1471,1.504,0.15923,7.936,6.3856,13.569,1.543,-4.2334,-6.8731,-10.685,-12.209,-4.8098
21.745,-21.903,23.558,-14.866,8.3071,-9.2375,20.615,-2.9585,-3.212,2.2131,3.1974,-0.32955,-9.1186,-7.2862,1.5331,0.60926,20.821,20.239,-1.8458,-17.886,-6.23,-17.087,-39.241,-8.9882,0.94751,-0.70166,-3.7731,9.0814,-1.3091,13.893,-2.6905,3.9764,-13.584,-21.361,-8.1659,-1.59
18.956,-22.664,22.757,-12.265,15.393,3.4611,35.356,6.7197,-5.5242,-10.283,10.599,-2.0524,-2.0306,0.38572,2.1089,17.746,8.2718,31.461,1.4837,-9.626,-18.243,-48.977,-45.252,4.1059,4.5815,-0.11991,-6.0481,2.8129,-12.776,-1.6244,-8.1776,3.7545,-13.049,-11.647,-3.22,2.3289
18.569,-25.073,21.81,-10.996,11.413,0.73296,15.95,-2.8332,-15.753,-19.928,-2.708,-3.2378,4.5055,1.8025,0.14138,14.611,-8.2052,24.994,-8.5116,8.2327,-18.571,-52.528,-39.923,2.8473,5.339,2.0206,-3.5908,-1.4785,-9.2054,-6.3511,1.8894,10.409,1.913,11.207,13.641,-0.29427
22.321,-21.266,24.712,-6.8614,8.2818,3.2876,17.683,-3.2507,-11.814,-20.506,-10.073,3.1207,13.278,2.5182,-12.237,1.2678,-27.669,-8.9476,-17.874,2.4101,-20.774,-17.214,-24.632,0.07028,0.75697,0.8007,-1.6453,-6.9875,-1.8526,-8.9133,-3.1738,4.4561,6.956,23.715,27.902,-4.615
22.315,-21.701,22.651,-10.263,7.76,3.346,25.196,6.143,-9.3527,-18.94,-6.4285,-1.4925,9.922,1.7507,-9.2479,1.4561,-7.2355,8.6879,17.28,28.139,4.6006,23.065,18.655,-8.4417,-3.221,2.2658,1.1432,-8.6467,1.4966,-6.4784,-7.9304,-2.8091,11.121,18.613,30.003,-2.4318
23.722,-23.09,16.218,-11.997,3.3848,-2.3193,21.797,3.4366,-19.111,-19.385,0.14305,-2.89,-0.95398,4.4151,-1.4231,-10.614,-1.4759,-4.9526,-27.281,2.7014,4.9512,31.802,64.97,-13.325,-5.1677,2.7136,5.8153,-6.4418,3.6013,-0.18939,-8.7853,-1.9836,10.478,-1.1044,19.766,1.1142
22.83,-23.285,21.433,-7.6999,10.244,7.8803,22.533,7.8927,-9.8039,-8.9561,1.5118,-4.4533,-4.4834,12.183,0.45045,-22.682,-13.819,-9.3958,-43.46,-5.9583,24.171,16.028,65.29,-2.6142,-3.1953,0.77602,4.859,-1.0607,2.1515,-0.91503,-3.908,-5.8695,-2.4667,-18.494,-0.20989,2.8307
21.587,-18.266,24.609,-13.45,6.3018,-1.4559,5.374,-2.7748,-9.1129,-9.5966,18.442,-2.0612,-5.3581,10.87,11.99,-18.872,-6.3711,-0.85278,-31.43,9.5406,21.829,-19.217,50.882,2.7276,0.69849,-2.8484,2.2485,8.8081,5.805,4.487,18.749,3.9418,-10.114,-19.255,-20.309,-1.9805
21.141,-18.022,18.68,-20.878,-0.60807,-1.7836,11.677,6.2696,-2.2662,-15.82,17.067,-3.214,-3.8527,2.4034,8.3407,0.28186,5.9696,2.0628,-0.18535,-4.6279,-16.172,-43.894,24.65,-2.3144,2.0631,-5.4893,1.3707,15.1,10.858,4.6586,19.714,-0.77253,-15.419,-5.4684,-24.689,-6.4811
21.887,-20.287,23.59,-14.845,5.6254,2.0863,11.509,9.0185,-11.966,-25.561,17.807,-2.1458,2.2231,-4.9367,5.8745,21.944,17.655,11.753,44.825,21.745,-25.447,-34.511,-16.254,-23.377,1.2731,-3.683,-2.8121,7.4388,3.6884,-3.3501,6.5033,-7.6207,-2.3059,12.003,-24.415,-2.3968
20.753,-21.073,26.114,-6.8616,13.567,7.1407,19.373,-0.3179,-16.463,-22.921,14.154,-5.5682,2.0417,-7.3599,10.362,32.409,28.458,7.5941,16.983,-15.923,-29.284,-3.6667,-24.585,-21.967,-0.72418,-1.0383,-5.6406,-5.2107,-2.1598,-10.099,-6.9899,0.35242,15.578,18.709,-12.947,6.2328
22.892,-19.209,23.83,-9.4856,8.0414,-0.041462,23.939,11.392,-14.738,-23.302,11.771,-12.573,-1.9396,-2.6635,-3.0809,2.258,0.82663,-20.369,-7.4981,-22.915,16.856,20.683,-46.573,0.5702,-2.5861,0.85524,-5.0864,-9.2789,-3.2184,-11.326,-16.451,-1.3897,17.159,13.511,0.05567,14.7
21.66,-22.241,23.741,-7.3525,12.413,3.0773,13.954,-2.8785,-15.522,-18.783,7.7921,-8.9841,-5.3922,-3.9249,-15.385,-15.928,3.5844,-32.374,-8.9733,19.464,40.568,22.055,-24.928,16.876,-1.6709,0.81006,-2.6138,-7.3049,-4.7646,-6.2382,-6.4357,3.872,3.8611,1.4537,6.9414,12.981
20.464,-21.035,23.235,-13.47,6.6158,-6.0665,10.469,-1.1587,-4.0085,-17.289,-2.2989,-0.15276,-6.9903,-2.378,-6.6846,-0.28122,13.999,-24.893,-24.451,-2.8971,25.421,20.181,-15.804,30.703,0.34151,-2.1885,3.0175,0.78289,-2.0162,4.6881,0.88562,-4.58,-20.09,-7.0072,13.015,5.5681
19.271,-22.122,18.719,-12.833,16.072,-6.0336,21.621,15.689,-1.5439,-14.9,8.7254,-3.3402,-3.7874,-3.4523,-0.9058,-2.8459,-1.9512,-21.335,-6.7187,-6.572,-14.262,3.8529,-5.2625,27.872,2.1805,-1.5216,5.7001,0.32659,-4.9481,10.131,-0.26611,-20.257,-24.374,-3.4202,7.5185,-1.4332
20.592,-20.457,22.999,-6.8857,13.212,-7.9325,7.88,0.65904,-9.0167,-15.153,3.4024,-0.042922,-1.0345,-13.842,4.7673,-0.3688,-6.4866,-2.4479,-4.1973,-32.797,-56.179,-5.2518,8.6684,22.913,1.9372,-1.0571,2.7116,-3.8871,-3.8816,8.6152,0.65426,-9.8511,-8.5774,4.7327,8.1442,-8.5735
19.702,-24.256,23.406,-12.068,8.1396,-6.6572,11.89,-7.0734,-20.149,-17.924,2.3102,4.8967,2.5323,-5.8008,7.3899,-14.252,-10.913,7.0613,-20.431,-66.869,-40.5,17.67,0.42844,13.605,1.4737,1.8468,-0.8484,-1.6633,2.4653,7.3556,-1.3211,4.3419,9.5745,7.3389,6.0335,-11.283
19.731,-26.889,23.275,-14.037,7.3389,-6.9786,13.236,-6.1759,-22.795,-18.402,5.2429,7.1852,-0.46406,-6.4895,2.7255,-14.014,-0.92771,3.9849,-14.324,-22.004,-4.3468,36.935,22.072,-5.031,1.8399,5.4979,-2.3733,0.69557,1.6106,3.6297,5.171,18.247,16.755,2.3948,5.1193,-7.055
20.967,-21.806,22.275,-16.383,13.552,-2.9799,8.7273,-14.328,-14.905,-4.44,8.0194,-0.15151,3.296,2.1053,-4.1269,-4.3399,7.5961,12.227,-8.2609,9.741,7.695,19.454,18.204,-14.573,1.2839,4.6897,-1.9633,4.1665,-4.4134,-3.374,10.379,22.757,10.792,-11.243,2.4169,0.0079729
19.727,-24.927,24.927,-11.735,10.041,-7.7787,2.2992,-6.7159,-13.812,-3.4277,11.584,-0.034286,7.7831,9.6945,-1.341,-1.8468,-7.688,13.118,15.573,20.132,3.499,5.8302,25.377,1.727,0.47257,4.6347,-0.25263,3.4074,-6.9429,-5.68,8.494,8.9617,8.9099,-14.801,-4.314,4.2523
21.352,-24.185,20.517,-15.389,10.586,-0.14384,13.228,-1.9329,-20.793,-15.685,8.2417,1.22,4.8281,9.5557,-0.39337,0.49745,-29.6,-14.375,16.518,25.846,9.5354,-22.993,10.86,10.266,-2.2549,0.47714,1.8045,3.4063,-2.2458,-8.5297,1.5504,-2.1528,9.5358,-8.5444,-11.733,2.9251
23.43,-20.853,23.484,-15.458,4.9777,-1.8376,18.773,-2.3072,-18.102,-9.8649,17.82,7.3629,1.1328,12.959,-0.40443,0.60439,-17.044,-11.114,15.757,14.752,39.282,-15.847,4.1732,3.811,-3.2445,-2.6557,1.9563,4.6983,6.9836,-4.9934,-6.708,-5.7631,8.3541,1.2402,-19.805,-1.3895
21.53,-19.065,22.8,-14.273,1.2838,-13.138,8.7495,-3.6094,-7.9923,-12.718,10.331,1.283,-4.6534,2.859,4.4273,11.466,1.0449,-18.306,-0.60085,1.6669,37.483,-12.429,-29.859,-0.98937,-1.2545,-2.3897,1.3647,1.6212,13.587,5.8321,-4.3107,-4.8054,3.2348,13.32,-17.89,-3.0983
20.205,-21.007,23.583,-11.991,6.1707,-6.8386,12.417,1.4984,-0.57172,-12.834,12.625,1.8397,-3.6989,-0.23557,6.0303,16.16,11.907,-9.8838,-9.4078,3.4062,31.296,6.7494,-53.288,0.40736,0.78749,-1.692,-2.5982,-3.9862,4.3479,5.6311,-3.6807,-7.2246,-11.664,13.737,-5.299,-2.4547
20.639,-22.678,22.681,-11.39,10.512,-6.7961,16.105,-3.0023,-10.817,-20.415,-4.0906,3.4869,0.97153,4.2045,3.2126,0.82578,23.859,14.17,7.5465,7.4915,29.702,32.311,-49.859,-3.5233,1.9786,0.28303,-5.5331,-7.9769,-6.7136,6.065,0.64226,-3.8848,-13.629,8.6595,15.715,-5.657
22.027,-19.164,26.559,-8.8197,6.3171,-9.9505,10.391,-0.90764,-1.0412,-2.642,-1.6129,6.4646,2.2578,3.8257,-12.788,-14.006,-6.7116,0.80358,-6.7207,-24.283,-15.146,30.47,-12.322,-7.1954,0.17352,0.12605,-4.6179,-5.3554,-7.9879,7.6446,6.7619,3.5899,-11.071,-7.4061,18.585,-9.6413
21.105,-17.885,22.919,-15.445,13.14,-4.4971,13.536,1.3394,7.0936,-1.6587,-7.4791,-2.7911,2.2611,2.2435,-13.829,-13.335,-23.214,6.6756,1.2669,-3.9123,-7.4426,19.008,28.23,-25.473,-1.5163,-0.59737,-1.2646,-1.2754,-9.4723,4.7601,4.1331,7.1044,-3.7567,-10.907,11.608,-5.2137
21.101,-21.491,17.07,-16.966,1.5009,-7.5863,10.341,-12.814,-17.1,-6.9775,8.1588,1.381,-3.4761,1.3752,-8.5384,-3.5363,-4.4957,32.086,27.541,27.058,-5.4886,-23.63,0.59427,-36.824,-1.6077,1.4928,4.1276,-1.532,-3.1066,0.3516,4.5192,12.185,14.156,-1.3088,-1.3855,0.46766
22.232,-20.393,20.511,-13.984,1.3136,-4.6405,16.764,0.99477,-6.5088,-8.743,5.1388,-6.7078,-3.7432,2.4429,-5.235,-10.786,-24.61,22.329,11.081,17.343,6.0901,4.8262,1.7208,-14.777,-1.1282,1.039,5.0707,-2.5665,1.1523,-11.105,-1.6217,0.46153,11.008,5.4962,-5.0072,8.2694
19.725,-17.222,23.494,-11.318,9.9825,6.1643,22.548,12.794,3.0157,-10.915,-7.6247,-9.9892,-2.7785,11.19,3.5529,-22.941,-21.546,-5.2653,10.968,26.016,48.868,31.017,-5.9945,-10.205,0.7114,-1.1447,4.9124,-0.78474,3.8049,-17.981,-9.4136,-12.157,-0.59853,1.4526,3.7531,10.329
19.921,-18.797,17.09,-23.662,-3.4058,-0.20771,12.973,-2.7929,0.080888,2.723,1.2731,-4.4946,-3.7286,2.5312,5.479,-16.466,-8.9266,-30.174,1.4448,-1.0839,20.42,19.165,6.4889,2.5643,2.0543,-2.5675,3.8518,7.8396,14.169,-6.0778,-5.9343,-10.376,-11.635,-13.078,1.3814,3.9317
20.867,-16.694,20.557,-23.597,-6.9125,-12.435,17.72,2.0879,4.0391,2.7978,7.0944,-4.828,0.07363,-4.3925,10.667,-4.6203,6.6869,-31.569,-14.708,-24.516,-15.646,-23.536,16.976,6.1507,2.5622,-4.1121,-2.3058,10.42,14.232,11.172,-4.6491,-11.72,-18.625,-13.182,-2.306,0.59533
19.797,-19.392,24.718,-16.078,5.2978,-10.428,19.9,5.8057,3.1895,-6.0165,1.0237,-8.0062,5.1024,-2.6033,10.467,19.252,32.12,5.0922,-5.7521,-9.2729,-19.827,-33.289,-2.8574,-3.2969,2.8529,-1.8921,-6.2962,6.1518,2.192,15.779,-2.5223,-2.7953,-8.0601,-1.9199,-1.3893,0.80746
19.824,-19.121,25.012,-17.421,8.9742,-4.5101,11.73,-3.7637,-6.3618,-18.313,0.98793,-5.158,5.6168,-6.8036,-10.47,11.3,29.092,32.963,-8.6791,-28.487,-24.132,-8.6674,-12.851,-4.2977,0.33011,-1.9576,-5.4226,1.9533,-7.3051,5.1463,0.47259,10.892,8.2687,12.162,3.0622,2.5776
22.994,-18.885,20.096,-17.125,4.7108,-1.6242,13.092,-4.5035,-4.632,-3.3662,2.8976,-5.9781,7.7646,-5.7239,-15.433,6.3331,-9.1693,16.456,-14.181,-13.075,-15.637,2.1315,14.456,11.826,-3.4604,-2.8277,-0.99818,-3.1033,-10.809,-13.056,-1.56,17.265,13.573,7.3486,6.8512,0.703
22.077,-20.349,17.633,-17.424,7.927,-0.35547,16.784,-7.0011,-4.1162,-2.8611,-0.26829,-7.991,0.39308,-12.62,-3.4961,11.605,-9.1939,-11.519,-8.131,31.846,23.603,19.562,23.63,11.477,-4.2346,-1.8944,4.159,-2.4076,-5.1933,-15.271,3.1021,21.044,10.789,-3.5899,2.6137,-1.8225
22.552,-21.64,20.691,-12.91,1.2367,-4.2769,10.282,0.88705,-5.752,-12.677,8.8797,-0.67684,-9.5875,-13.833,1.9894,3.5825,-2.7841,-37.949,-13.826,46.884,24.17,-10.661,13.158,-7.6695,-3.3985,-0.84193,2.2251,-3.6328,4.9152,-5.3685,9.2596,7.4066,1.0559,-5.5343,-6.4531,0.80701
20.241,-24.054,22.967,-13.726,6.1143,-8.9432,9.0697,9.464,5.9997,-3.8767,9.8121,-2.0699,-6.8799,-12.221,1.6131,0.63762,-0.067202,-16.187,6.6537,46.752,9.9085,-20.221,0.86601,-3.6624,0.13161,2.5565,0.24915,-1.7968,8.0282,9.4785,8.8156,-12.826,-15.208,-8.1211,-10.869,5.7233
19.118,-23.949,18.424,-17.182,4.2251,-16.305,10.036,10.706,2.395,-8.1888,4.4363,-12.773,-5.5916,-10.133,-6.8625,-6.3469,10.844,-8.0521,24.725,16.505,-3.5108,-5.6486,-6.4275,23.431,1.3251,3.8018,0.012199,-1.2015,7.4435,16.378,2.6964,-18.2,-14.026,-1.2972,-4.2834,6.3395
20.354,-25.305,19.574,-14.968,6.3992,-2.4351,20.234,11.466,-3.2354,-15.216,2.3864,-3.7739,-0.94681,-1.6876,2.1755,7.5862,24.134,20.925,16.672,-17.093,-38.597,-23.55,-20.923,24.544,0.51067,5.4424,1.0408,-2.8678,2.1556,5.1745,-10.198,-13.154,-5.509,2.7181,2.3969,-5.5258
19.7,-26.081,18.956,-15.462,6.516,-11.557,17.062,8.1387,-2.8898,-9.8316,9.3788,11.891,-5.9285,-0.091212,1.7691,-5.8991,22.333,25.385,-5.3531,-12.195,-21.706,-15.483,2.6354,9.9248,0.84412,6.2432,2.5377,-2.8709,-5.3284,0.93078,-14.99,-1.9587,2.1578,5.8065,3.0548,-15.93
19.477,-23.832,23.788,-10.793,17.036,-0.85477,13.893,2.2012,-10.657,-14.83,-3.1207,-2.1298,-4.1581,9.9704,2.5014,-13.925,4.9663,-7.0336,-29.295,-4.6696,-8.5393,-1.7136,8.3192,-24.538,0.5684,1.779,-0.5407,-1.8368,-11.209,-4.8567,-10.204,4.2762,9.6441,11.854,1.9331,-12.126
16.592,-24.731,17.201,-22.22,10.073,-4.4025,10.53,9.2405,-4.7471,-16.123,8.5075,-8.633,0.23463,15.253,5.663,-9.9459,-6.2147,10.581,-27.241,0.50008,-7.7506,12.466,-5.7746,-31.679,1.6955,-2.9062,-2.4388,7.0903,-8.4376,-4.0344,2.4335,2.0888,9.8931,11.974,-5.7211,-3.4946
19.829,-20.994,21.702,-18.552,7.1037,-9.5291,8.8522,8.5799,-6.5764,-12.927,6.9817,-5.7813,-1.1864,-0.46508,-2.4749,0.42555,-17.639,4.0434,-23.406,-2.0594,2.6454,21.744,-7.0522,-15.285,0.24967,-7.8841,-5.7016,4.4537,-3.6326,-1.052,8.0781,0.80322,9.1285,7.5565,-1.2527,3.6645
19.641,-19.873,22.831,-16.555,8.3746,-1.9293,5.9617,5.1994,-8.8052,-4.5504,1.4403,-2.1231,1.0631,-9.4044,-7.9366,22.377,-8.5526,-0.32528,3.8696,-3.0564,22.168,32.659,-18.285,-12.175,0.24524,-6.0035,-4.1179,-2.0384,-2.799,-10.848,1.3699,1.3251,9.0232,-3.5512,6.6913,8.2425
17.359,-26.493,19.736,-13.412,9.0656,-0.069663,4.4744,3.1921,-7.3049,-9.7443,-3.1132,-13.027,-3.324,-17.121,-19.207,-7.818,-12.028,-6.8403,-4.4599,1.1247,22.144,25.972,8.3106,-15.967,2.52,2.8177,3.0036,-5.9662,-5.1789,-10.464,-2.8704,-1.0761,-0.20874,-11.285,6.3695,12.856
18.359,-26.684,14.216,-13.601,4.8162,-9.2949,14.654,10.406,6.701,-1.3847,4.4127,-11.098,2.5296,-6.436,-6.5608,-16.016,-23.015,-38.215,-29.865,5.5336,27.616,-7.4043,20,9.8752,2.0183,8.27,10.472,-2.4825,-2.7338,-0.064522,-3.2262,-7.7696,-14.787,-19.994,-0.94335,10.718
18.808,-26.15,16.406,-23.938,2.8691,-9.2665,2.276,6.5389,-3.2575,-1.5234,9.6508,-9.2777,10.68,12.139,11.855,-10.209,-36.302,-29.332,-20.89,-11.735,-1.1224,-14.649,5.6525,37.972,0.72604,8.091,11.989,11.248,5.6016,9.9253,14.308,-6.3908,-14.567,-11.01,-2.9392,7.6291
20.181,-23.263,21.215,-19.3,-0.03483,-16.438,-7.8714,6.2928,2.9791,-12.363,5.0585,0.93977,4.1524,17.315,28.892,11.16,-10.084,10.598,-4.0465,-35.475,-40.135,-47.003,-21.672,14.446,-2.3168,0.94077,2.737,10.196,9.644,17.36,25.259,-2.208,-7.1079,6.362,3.6211,-5.0968
21.788,-22.134,22.164,-15.667,-6.66,-11.164,5.292,-0.61856,-6.0052,-11.58,-0.60986,-0.059792,-0.50514,11.458,23.012,34.836,9.5146,18.38,54.169,-10.325,-16.817,-9.278,14.451,19.893,-2.5371,-4.12,-5.4787,1.8595,8.8463,6.3842,10.934,4.1546,7.8008,15.543,10.95,-8.9755
18.945,-20.034,25.783,-12.157,4.5387,-3.0473,11.123,-3.7524,-11.993,-19.858,-1.2931,-8.4836,-3.4616,-1.3916,1.5456,12.444,2.2965,24.729,58.899,-6.2111,-0.075711,21.72,33.707,-6.5691,1.4819,-4.5231,-11.043,-6.6897,-0.015123,-7.9119,-7.2744,1.6309,10.382,17.588,10.516,1.8678
19.174,-22.035,25.629,-10.092,5.3397,-6.7721,19.863,6.3989,-4.1803,-2.4149,20.052,5.3803,1.8019,0.89276,-1.8649,-1.5532,1.7391,-4.4766,2.3051,-5.5934,17.852,28.705,32.712,3.6023,2.7985,-2.3127,-9.5169,-9.993,-2.015,-8.5757,-21.121,-9.6179,-2.4739,-2.346,-8.65,2.7897
19.758,-24.008,20.256,-15.866,-4.8864,-6.2699,14.293,-0.32146,2.0289,-6.0853,11.581,-5.0648,10.408,-0.017346,-13.886,-4.0944,-6.272,-17.533,-14.487,-29.686,-5.5603,21.946,21.778,31.93,0.88265,-1.5528,-3.5148,-1.1281,4.9975,-4.2838,-16.236,-4.8285,-11.365,-15.601,-15.559,5.2815
22.282,-19.701,23.995,-14.589,-1.0779,-11.791,4.8596,-5.1307,-4.0899,-4.1136,9.3091,0.031949,6.5523,-0.79268,-16.856,-6.8604,3.724,-3.3672,-14.745,-46.677,-26.445,-21.121,-22.834,14.591,-4.0325,-3.4034,3.091,5.6029,7.1551,6.9154,-2.9488,5.2562,-6.5258,-15.551,-12.903,-4.8041
22.595,-21.21,19.657,-11.956,4.6115,-9.3046,11.381,-12.831,-14.818,-8.0358,14.967,10.156,-1.4236,-8.3126,-8.5328,9.4569,26.292,2.755,-13.754,-9.8118,-34.753,-31.37,-16.316,14.344,-5.5288,-1.2168,9.2862,2.1649,1.7159,8.7873,0.84191,19.77,7.7512,-1.3095,-6.5988,-16.027
21.031,-23.831,17.5,-15.477,2.4527,-6.9383,13.946,-10.685,-8.9791,-12,6.9418,5.0657,-12.445,-11.977,10.913,19.686,21.233,19.956,-12.805,10.75,-0.18017,-22.391,-12.754,-11.625,-1.4957,2.502,8.4842,-2.272,-3.6218,5.2511,5.2354,24.672,14.144,15.001,5.3836,-10.934
19.672,-26.1,19.237,-10.693,6.4942,-7.3187,2.8725,-2.4502,-12.903,-17.827,4.6064,-0.40979,-7.7369,-0.50929,18.66,-6.5431,-6.4469,14.742,-11.247,40.45,20.063,16.033,-16.256,-35.098,2.5122,5.2717,3.2748,-7.8504,-5.406,3.6102,12.692,12.363,12.776,17.793,1.9831,-7.5754
17.522,-23.244,29.661,-5.3773,8.5972,-2.8058,2.7113,-4.9458,-5.1374,-10.414,8.1124,-0.49795,2.2305,7.8155,11.968,-10.221,1.9841,16.895,10.178,51.55,16.865,30.184,4.0534,-15.359,4.1719,3.1462,-5.0023,-7.0221,0.56006,3.2283,13.716,3.8181,4.7674,9.0254,-2.0773,-2.4017
20.481,-21.758,22.906,-20.277,-1.6842,-4.0001,11.375,4.5246,-6.7072,-0.81253,6.2536,-4.6114,3.7996,8.1497,7.3139,-14.842,8.886,22.336,38.213,31.605,20.603,31.308,-14.805,-21.666,-0.24201,-2.7573,-7.5204,0.6951,4.3032,3.0418,5.7314,-8.3733,-0.40976,-8.4952,-1.8691,3.6211
21.742,-22.094,21.65,-15.796,7.534,-0.15011,14.784,11.603,-3.6447,-5.4155,8.1449,-0.51312,2.6465,-0.57505,-8.4251,-11.275,16.367,32.3,31.042,34.263,23.387,15.098,-23.867,-30.349,-3.7305,-4.4937,-7.5056,-1.7416,-3.6196,-4.104,-4.5206,-18.043,-8.173,-15.436,1.5364,6.7941
19.461,-22.6,26.9,-12.905,11.469,2.5217,15.943,5.0781,-3.3477,-4.672,-2.8121,-11.235,-9.1549,-10.101,-8.7457,-2.5403,7.8778,22.248,6.9779,7.227,14.754,-18.9,-11.642,-9.4974,-2.6732,-2.5312,-5.1641,-1.8988,-10.987,-15.985,-12.044,-14.085,-13.537,-11.495,11.966,13.455
19.355,-23.111,23.452,-14.701,10.204,10.083,15.949,11.909,4.8762,-0.9346,0.71205,-12.361,-9.9449,-5.5277,-17.53,-25.079,-15.61,-3.5809,3.1929,-26.477,-21.075,-21.891,10.154,12.527,1.0292,-0.16376,0.8784,1.8144,-11.72,-25.441,-12.807,-12.801,-13.204,-2.4011,13.431,14.964
17.097,-26.3,17.632,-22.095,0.9197,2.0072,14.282,7.9849,-3.5909,-12.503,4.1492,-3.4364,-3.2707,-2.0301,-13.954,-17.434,-30.063,-39.647,-8.0808,-8.4513,-24.852,-7.6734,28.013,24.172,6.2295,2.243,5.4634,8.0938,-1.7705,-15.848,-8.9168,-4.0748,-3.1676,9.6835,7.7127,6.7373
17.951,-23.008,17.519,-23.741,5.0035,-1.6833,17.211,-3.0894,-14.061,-12.446,9.7414,1.8507,4.8504,-5.4291,-1.4288,5.2435,-23.263,-63.956,-25.462,-21.905,-22.833,-2.5203,23.459,27.634,4.7813,0.16959,6.0135,10.827,5.4525,3.4254,-4.8276,1.4994,6.9827,5.4448,-1.002,1.6028
18.528,-23.667,22.889,-17.102,-0.96255,-11.418,11.271,8.3517,-6.3056,-2.7531,6.6798,-6.2549,14.595,1.0651,10.521,22.767,2.8518,-26.805,-23.279,-15.433,-0.20544,19.832,20.269,16.636,0.44799,-1.0732,-0.28526,2.0921,6.6434,17.078,7.2612,0.89144,5.3211,-5.4956,-9.3036,-1.7126
21.065,-27.142,20.109,-14.575,-0.48644,-15.182,4.7232,0.77324,-5.1828,-7.0697,11.176,2.8657,5.029,-6.2273,0.30014,8.9564,-4.805,7.1254,-13.346,-15.489,1.515,-8.4202,9.0158,24.309,-4.3497,-1.0669,-4.7436,-3.3517,1.7953,16.865,18.243,12.106,4.6412,-8.1106,-17.299,-12.801
22.838,-23.7,21.597,-15.294,5.0906,-4.6462,8.8862,-1.6629,-8.1325,-5.2749,13.567,4.3739,-1.1201,-6.9972,-16.245,-8.8297,-6.0752,10.202,22.167,-7.2019,-10.421,-32.202,-11.284,17.272,-6.5652,-3.7474,-5.761,-1.6729,1.2658,4.4741,18.069,18.274,6.147,-1.6743,-14.119,-14.831
18.311,-26.105,18.315,-20.167,-0.42556,-1.5066,11.73,-5.8266,-12.39,-15.395,10.806,8.6906,-9.0405,-6.7326,-11.764,4.2832,-9.8234,1.8653,43.031,34.508,5.4812,-17.056,-47.261,-36.691,-2.2113,-0.89557,0.95381,6.932,12.543,-2.4852,8.941,15.849,9.5775,13.75,-1.2717,-9.4845
19.345,-27.684,15.664,-18.721,-4.0306,-13.155,18.851,8.0507,-7.9126,-14.691,1.2231,-0.53142,-11.196,-17.419,-12.252,16.739,11.69,-1.8049,38.879,50.936,28.547,15.778,-22.187,-27.018,0.15358,0.71372,6.5524,6.0401,13.573,-1.1561,-11.862,1.2132,9.9624,14.64,13.146,5.5598
18.291,-28.516,17.194,-10.72,-0.83754,-9.995,21.256,13.171,-2.5522,-10.89,-6.2828,-13.027,-0.98935,-5.4941,3.0729,30.832,49.028,0.70318,23.003,34.688,29.919,36.341,8.109,-0.96901,0.76503,1.0841,4.3873,-7.0618,-0.7685,-5.435,-27.909,-16.031,-0.3803,-0.76905,17.205,18.988
17.25,-31.204,16.032,-11.647,11.142,-1.3045,23.563,14.307,1.2221,0.36166,11.017,1.7239,-4.3778,-4.0478,9.0988,8.0962,32.363,5.0029,-27.131,-1.2255,27.172,14.298,26.764,27.21,-0.21266,2.3322,0.21519,-16.896,-22.89,-11.755,-32.573,-22.05,-8.3767,-13.084,4.4629,10.77
18.863,-27.092,19.667,-8.2876,16.502,-7.0802,20.876,8.3892,-1.9976,-4.7507,9.9633,7.0785,-8.6246,-7.9976,-0.50288,-26.704,-24.002,-28.714,-63.511,-19.567,4.2668,-20.162,14.291,31.137,-1.7388,0.11138,-5.6615,-18.43,-29.822,-4.9963,-19.162,-18.637,-13.897,-14.429,-0.76497,-2.5373
16.869,-30.42,18.976,-15.889,3.4808,-12.111,5.476,9.8286,5.3963,-10.611,6.4818,3.0206,-8.4419,-4.5066,-9.3886,-38.972,-66.244,-45.869,-80.726,-32.185,-0.51063,-21.39,-2.9636,10.779,0.24283,3.0441,-3.37,-3.1074,-7.5525,9.8477,9.984,-6.3679,-14.95,-1.8267,4.7397,-13.399
14.169,-32.907,15.47,-21.951,-9.0082,-18.949,-1.456,5.6263,-2.5059,-15.484,3.1303,1.8927,-7.6513,-4.7078,-15.991,-37.782,-50.778,1.1579,-46.01,-43.018,-25.726,-17.958,19.148,-5.4403,2.8583,4.4748,1.3821,9.3804,14.537,17.859,24.574,5.4531,-5.9486,8.5627,10.103,-14.437
15.376,-30.549,13.436,-24.302,-9.2252,-18.305,-5.6342,-0.40458,1.221,-4.9666,12.952,9.7065,-3.6503,9.5277,-0.0069701,-1.902,7.9884,39.306,14.039,-21.34,-32.579,4.0634,48.033,-21.495,3.6439,2.0744,3.7828,11.261,20.873,10.212,23.648,13.451,2.5376,7.3928,3.1013,-11.171
15.785,-29.381,14.442,-22.972,-2.5339,-3.4042,3.4256,-8.0032,-12.773,-16.552,16.302,1.0154,3.271,7.359,1.7167,1.6628,11.566,17.994,11.977,2.276,-9.4423,9.9256,39.305,-24.91,3.0633,-0.74753,4.9715,5.4825,11.251,-6.5502,8.2372,16.385,10.731,4.1518,-9.8516,-1.6198
14.236,-27.419,19.487,-16.33,4.2378,-0.23023,10.055,5.9737,-5.7596,-8.0455,23.913,-7.2885,4.3162,-0.1679,0.67132,-2.3895,6.9478,-3.2269,8.5218,12.423,4.0355,1.6327,2.4642,-35.34,0.88624,-3.8924,2.5953,-2.4064,3.3689,-4.6478,-2.2654,5.1228,8.0158,-4.2036,-19.435,6.4812
16.374,-30.793,13.303,-25.105,-9.9567,-18.989,-3.3118,3.5752,-3.7368,-8.9815,17.302,-2.0647,3.6821,-3.5976,8.5272,-10.125,5.999,-10.327,-2.0657,22.027,9.6199,4.0161,-7.3258,-6.6171,-0.70483,0.34206,6.5785,5.7707,12.188,14.576,2.3467,-0.67519,4.7822,-4.8146,-12.172,8.8033
17.239,-29.927,14.341,-24.43,-2.0398,-12.126,1.9954,0.017756,-1.2793,-7.9356,13.684,-6.4233,0.57534,-4.4562,9.5645,-8.0398,27.616,30.227,9.7335,-5.6008,-2.031,-14,-25.827,1.7641,0.070342,4.4784,6.9959,14.174,9.913,13.142,-1.8823,-4.3718,-0.64801,-4.7935,3.2587,12.468
16.124,-29.926,21.278,-23.985,3.6044,-2.6197,6.4225,5.988,-10.203,-14.599,17.754,-2.7257,1.6173,11.213,30.163,33.342,62.174,74.148,23.105,7.912,17.502,-6.3309,-7.4081,0.55484,1.5658,7.2619,0.99246,15.87,-1.2036,-5.9797,-3.7466,-4.0335,-5.5925,-3.745,12.212,11.695
14.649,-30.081,20.281,-20.91,11.265,6.6989,10.054,1.9668,-3.542,-12.237,10.773,-6.0759,5.7004,14.818,24.833,46.748,28.426,20.248,-13.475,-2.3787,-3.1455,-17.161,18.799,23.417,2.6412,5.9826,-6.9429,3.6744,-16.065,-31.241,-3.0099,1.6914,-9.2133,4.8312,15.606,12.775
18.478,-25.109,25.414,-10.195,14.477,8.673,4.2112,6.5567,6.1455,-9.9964,15.054,-1.9609,8.9484,23.074,5.8553,41.831,-0.42387,-35.235,-9.1945,0.24797,-17.785,-13.128,31.423,41.03,-0.59157,-2.1541,-16.821,-15.606,-22.467,-36.936,1.7544,-0.065437,-7.905,11.216,2.7128,6.3064
18.913,-24.927,24.689,-7.9509,6.7365,-7.6484,-3.6363,-1.4559,-11.026,-18.818,24.433,4.9027,10.116,19.526,-12.996,6.0874,-21.41,-71.288,10.834,6.688,-30.454,13.554,32.787,45.402,-2.1767,-4.7923,-11.91,-19.017,-9.6494,-9.2626,8.5308,2.3183,5.5391,16.38,-8.8737,-6.8741
18.467,-20.966,22.002,-9.5488,5.657,-13.064,8.6706,7.8234,-15.353,-17.873,26.635,12.3,-3.5482,-1.9107,-35.027,-24.359,-25.243,-64.766,19.723,3.0514,-8.3686,34.392,-0.83783,21.094,-2.1092,-6.9797,-1.6325,-14.929,0.85197,16.637,-0.86896,-1.7551,14.819,12.828,-15.869,-18.019
19.713,-22.39,15.489,-18.189,4.9708,-18.077,13.242,4.6775,-8.0196,-1.5214,21.376,9.4948,1.0654,3.3495,-14.274,-15.239,-7.4115,-11.3,14.721,7.811,19.842,40.979,-9.4391,-0.9859,-0.97465,-5.5441,8.7848,-3.5172,4.2435,28.127,-8.9282,0.11126,13.599,-5.3408,-13.761,-15.792
16.304,-27.333,12.501,-17.255,2.7386,-18.496,5.6335,5.0157,0.45781,-1.4486,16.163,6.29,2.9277,-3.7358,-1.6687,-22.153,-3.1631,17.953,-15.483,-9.089,31.162,37.298,-26.807,-25.87,1.4031,-2.3992,11.433,4.1906,2.6156,25.078,-1.9337,5.036,4.5845,-17.751,-7.3528,-3.1864
20.527,-20.068,22.303,-11.717,4.4899,-10.582,5.2426,3.8535,-9.0111,-6.5402,24.95,7.4146,2.0044,-7.282,14.248,-12.602,-11.232,27.986,-16.205,13.315,17.774,-14.603,-23.035,-10.076,-2.1724,-6.7944,-1.5132,3.5342,-0.072235,8.1445,8.9161,5.7225,1.1019,-17.788,-5.6208,9.5075
19.523,-23.994,17.761,-23.861,4.3158,-7.8345,4.9288,3.6909,0.72329,3.2858,11.445,0.40472,2.9977,-8.5909,7.8781,-4.7247,-10.255,40.982,25.517,25.48,15.588,-26.57,-30.804,9.7073,-2.5804,-3.5459,-7.3689,8.5288,4.5848,-1.167,18.496,5.2817,1.971,-6.3756,5.1515,14.051
19.105,-27.7,19.984,-21.187,-1.4341,-9.4142,5.4916,11.997,0.73482,-11.19,12.218,7.3994,-9.8315,-28.195,-26.613,-6.2822,-4.2268,17.909,38.801,19.139,33.138,-16.029,-35.545,28.763,-0.51061,2.5373,-8.6859,7.3366,11.155,-6.9712,11.951,-3.6277,2.6452,9.622,8.6719,-0.39179
18.514,-27.813,17.599,-14.883,0.57309,1.4111,18.268,13.684,3.3787,-12.409,7.1275,11.151,-4.0565,-11.008,-18.082,17.331,16.258,17.157,49.494,14.407,33.335,6.1332,5.2054,24.964,1.0945,5.2971,-2.0603,2.9285,7.3585,-14.902,-9.0762,-8.0198,-5.3888,7.0413,7.2473,-13.26
16.116,-32.257,9.0774,-19.348,4.2479,-6.2508,17.974,8.4265,6.2303,-6.7075,9.336,16.423,2.9785,6.6134,-16.201,13.054,31.285,5.043,31.561,0.7125,22.127,17.156,2.3201,-19.664,2.6438,8.5111,8.4283,-1.9001,-1.9519,-12.221,-21.977,-5.3742,-14.413,-1.88,-0.26315,-19.206
18.99,-27.22,14.172,-16.115,9.6039,-0.83779,23.435,12.68,14.643,4.1112,15.488,8.3753,2.0654,0.49041,-7.6292,0.2497,8.7817,-27.095,-16.244,-5.4059,-5.8504,-7.9557,-13.5,-32.378,-1.0807,1.8848,6.3189,-8.2256,-9.7479,-15.318,-29.851,-6.9437,-19.804,-6.7529,-8.4191,-7.453
20.356,-24.689,13.597,-14.044,9.6932,-5.7683,18.689,12.855,6.166,-10.872,9.1975,-1.0444,0.32661,8.6109,10.302,-7.2421,-10.248,-21.07,-38.216,2.1743,-19.336,-18.385,-27.508,-38.594,-2.6519,-1.8145,5.7891,-6.4053,-9.1515,-8.7215,-22.652,-3.6523,-9.9122,2.0845,-0.56504,10.706
17.426,-31.351,11.525,-17.41,2.2413,-12.378,9.7881,8.7664,0.48567,-14.304,0.44682,3.6957,-8.1342,-2.5833,0.26048,-13.649,-11.715,-46.377,-64.872,-21.042,-44.953,-9.8608,-21.976,-2.8351,0.56733,0.25851,2.718,-0.036775,-0.67119,5.0535,-5.3204,-7.6988,-1.5212,11.038,7.6876,16.277
17.061,-25.886,15.552,-22.321,2.805,-11.016,5.6894,11.47,3.6408,-6.6922,3.1028,-0.53477,-5.1812,-0.9222,8.7997,-12.024,-4.2242,-28.923,-57.383,-9.7309,-7.8829,28.531,3.7331,19.093,3.0187,-0.70383,-0.14246,6.2752,-1.0792,11.737,12.335,-13.453,1.6835,8.008,5.8564,12.756
16.57,-27.914,13.325,-18.801,7.1907,-21.402,-2.5013,2.8512,-6.5712,-2.909,7.5476,6.703,7.656,6.5495,6.712,2.4567,2.4137,2.0985,-33.262,-37.947,-19.183,23.779,9.3177,20.161,3.7636,3.5362,2.0462,7.6189,-4.0223,19.777,30.245,-6.8365,8.8501,-3.0068,-4.489,-2.3463
18.194,-26.869,17.097,-19.36,5.1064,-15.718,-3.8584,10.947,5.753,-2.3039,7.5136,6.9984,7.5249,0.52532,6.364,16.081,-22.708,13.377,7.6529,-56.641,-23.804,4.8355,-13.873,13.69,-0.16746,2.9055,-1.4801,5.8564,-1.965,12.444,30.929,-1.4221,5.1857,-12.074,-8.3595,-10.299
20.688,-27.585,14.109,-17.662,2.2975,-8.9778,-2.069,-9.9457,-10.162,-4.6091,2.9003,10.01,4.3306,14.374,11.71,10.393,-22.584,31.358,53.833,-31.77,7.2578,-13.047,-35.618,-11.865,-3.946,-0.4293,-2.4005,1.9344,4.6796,0.50558,15.841,17.533,11.624,-9.573,0.03855,-6.72
18.765,-25.788,18.342,-14.85,-6.1025,-10.54,9.2997,-10.451,-6.4657,-3.4243,-1.5098,4.6567,-4.3558,9.6932,-1.0996,13.29,-1.5503,18.668,53.712,-19.93,4.8252,-13.429,-15.596,-16.388,-2.2969,-3.1973,-3.1431,-0.13201,14.662,-4.3008,-1.8046,27.747,10.48,1.3534,13.9,-0.96828
18.45,-21.267,18.557,-15.859,1.5031,-8.3125,17.836,-2.3343,3.167,-8.8723,-5.7498,1.9412,-6.1339,-0.18091,-1.5589,13.525,15.233,1.9809,22.915,31.363,24.623,-14.954,10.372,1.5993,0.93906,-6.6767,-1.4948,0.91549,6.7721,-9.1762,-15.036,21.025,0.65593,11.284,18.287,2.6151
17.135,-25.181,14.323,-13.617,4.7285,-6.7164,13.045,-2.8232,1.5011,-6.8866,4.0404,2.8388,1.2726,-8.1838,-2.7175,13.855,31.695,6.5614,14.089,50.526,19.916,12.556,32.633,2.116,4.2492,-0.85641,2.33,-4.0006,-6.9382,-7.9228,-15.507,6.0085,-6.4987,9.5901,6.5691,-0.55802
18.436,-27.978,15.339,-11.516,4.4985,-9.899,7.5161,1.9218,-1.8338,-10.355,5.3114,11.718,6.2117,-10.071,5.0444,14.688,-5.3465,-8.4699,-1.5337,38.127,2.9919,30.381,31.704,-8.0413,2.6137,5.6367,0.60505,-10.897,-11.892,-2.4958,-6.1318,-16.319,-14.111,3.9142,-2.9744,-2.9334
19.408,-26.524,18.592,-10.094,8.2474,-6.4658,21.504,12.683,5.9928,3.5952,9.2761,0.82626,10.717,10.356,7.2486,-7.2949,-25.951,-15.721,-11.599,6.7307,-16.853,11.854,6.583,-14.357,-0.91338,5.9842,-1.4689,-13.603,-9.818,0.25228,-2.5994,-26.551,-12.918,-6.91,-10.61,5.5691
20.419,-25.631,18.944,-10.277,-2.9296,-12.673,12.84,8.976,2.4172,1.0774,7.4846,-1.0732,2.2125,18.733,-3.5167,-30.387,-15.405,0.6428,5.1002,-28.335,-27.546,4.9675,8.5254,-4.831,-3.1295,1.7326,-1.9909,-4.7584,4.5674,4.945,3.213,-17.689,0.18394,-8.9153,-15.854,10.603
21.502,-21.177,16.144,-17.884,-4.5331,-13.19,4.5837,-2.9849,-9.0507,-6.6758,6.2453,2.0557,-1.2947,7.3355,-5.7812,-31.62,-12.366,3.2665,-2.225,-48.996,-29.407,-9.2871,-8.8283,28.356,-3.7048,-6.5602,-0.89867,7.62,8.6834,4.7299,4.1236,1.0528,12.709,-1.7725,-12.955,5.8126
18.495,-21.286,14.805,-22.815,3.1863,-6.2156,18.526,-4.4114,-8.0853,-2.736,11.089,8.6879,-3.4301,0.1026,1.6047,3.0585,10.698,6.7617,9.8442,-22.456,10.189,-3.6249,-39.858,23.616,-0.36323,-7.9087,2.0356,14.439,5.5278,3.6814,-1.1626,12.935,6.107,-3.6126,-8.8568,-6.8664
19.722,-25.029,17.772,-19.635,-0.99344,-8.0611,17.548,-5.1212,-3.4593,0.85835,3.0595,10.124,-4.9854,-13.13,0.19458,14.082,4.4145,4.8697,6.647,9.0553,27.823,7.2879,-33.998,0.48239,0.95024,-3.0707,1.7863,6.8195,2.069,6.7302,3.4499,13.434,-8.4439,-6.5529,7.0353,-12.27
19.594,-23.654,18.933,-7.872,0.64928,-11.856,11.28,-1.184,4.7157,-4.5021,-10.851,6.7006,2.2417,-10.578,3.6734,18.958,3.8437,18.248,-5.149,7.3129,-25.626,-21.383,-23.174,-25.226,0.48239,-0.61245,-0.83193,-9.7357,-2.0785,5.5829,6.6252,6.2883,-15.719,-4.608,24.033,-2.5549
18.46,-26.558,14.177,-18.314,-1.0574,-7.9347,11.531,-0.070958,-1.5396,-2.1488,0.21671,3.2906,0.62062,-2.6775,2.116,-5.4722,1.4061,31.174,22.521,3.2914,-53.719,-33.173,18.006,-8.5713,-0.96848,3.4858,0.88084,-9.7901,3.275,0.065902,5.9158,5.7127,-4.3159,-2.7844,19.218,6.9134
20.248,-25.811,18.438,-13.996,5.1401,2.8452,18.961,-3.2801,-21.858,-11.924,0.92409,-0.50834,-3.8211,-8.1858,-3.5157,-35.843,1.8094,21.524,35.033,11.867,-27.635,-6.4348,54.306,15.368,-3.2001,4.2065,-0.67076,-5.955,1.9099,-13.334,-4.7936,13.331,24.602,12.858,6.422,6.3121
19.706,-25.289,19.077,-19.309,-2.5358,0.17518,24.968,-2.4275,-17.032,-12.017,6.175,9.4427,-6.7963,3.1032,8.1933,-7.4681,21.807,3.5613,16.135,35.342,7.2481,-14.108,23.354,14.752,-2.0413,2.552,-1.5437,6.0679,-1.5206,-17.548,-17.971,13.066,29.79,14.558,-11.069,-8.8311
17.06,-28.381,14.726,-25.296,2.2932,-5.1492,22.077,5.9277,-1.3558,-2.7853,13.322,11.309,-10.05,7.5641,-2.7191,-9.8191,3.1931,-34.615,-25.924,57.941,66.899,33.376,6.2626,-5.3271,0.60576,1.2771,-0.52107,11.695,-10.345,-15.778,-18.48,1.5964,11.354,4.2728,-21.489,-18.463
16.655,-23.721,20.131,-16.399,11.269,-2.1568,18.04,12.996,-8.1668,-13.772,5.6944,4.7582,-6.4714,2.2073,-6.0008,11.856,-6.8887,-28.497,-36.853,45.585,47.962,19.714,-13.316,-42.379,1.5927,-2.8704,-1.7515,2.0535,-11.73,-7.2979,-10.347,-16.495,-9.1187,-1.863,-9.7175,-12.22
16.748,-22.813,16.552,-20.361,-0.16592,-13.296,9.4629,17.979,7.1585,5.6419,4.2957,-0.82966,-0.95478,-1.3522,0.97604,12.968,-35.57,-41.339,-30.874,14.727,8.777,-1.9815,-34.802,-48.382,1.7492,-2.1093,3.2991,0.42142,3.3389,10.332,4.8385,-25.701,-29.552,-16.543,3.4384,6.0662
16.626,-26.97,15.163,-15.848,-4.7506,-10,12.849,14.34,2.6925,-6.3739,4.0302,-5.6779,-3.3805,-6.7906,-2.4117,-8.5939,-17.464,-29.566,-33.127,-25.524,-9.2848,-5.7442,-4.7018,-24.82,0.79126,1.2762,5.1162,-3.3298,9.0394,15.394,9.4184,-19.016,-24.606,-11.874,11.176,18.346
16.597,-27.432,17.697,-19.087,-7.4818,-21.897,9.2361,12.62,-2.3969,-7.4752,-3.2467,-7.6641,-2.8496,1.5165,11.982,2.5129,25.175,17.579,-3.5948,-35.009,-52.236,-36.61,19.147,16.224,0.79153,2.012,3.2024,-1.6225,8.3505,20.973,9.9646,-6.1308,-8.5094,-1.4449,14.296,15.563
15.04,-24.807,18.352,-21.332,6.1955,-12.639,1.5899,2.9134,-8.0315,-10.086,7.1146,-4.2346,-1.5677,7.1537,14.078,0.43425,7.9357,19.016,-3.4006,-24.628,-44.558,-22.341,15.59,17.049,2.8647,1.475,1.1134,2.7616,-2.9304,11.295,8.201,7.3251,10.729,7.772,2.9978,3.6922
16.116,-23.136,20.949,-16.363,6.9487,-3.1871,13.295,6.1872,-13.598,-10.807,12.327,6.5608,2.0965,1.7356,8.7433,0.34126,-6.5175,39.235,4.0863,-16.375,-16.133,-0.90773,26.534,8.5008,2.8613,-0.8967,-5.8675,-1.7314,-7.1862,-4.5918,-0.10493,4.2384,20.455,10.438,-7.187,-6.3161
16.083,-25.541,20.576,-16.994,-7.998,-9.8471,9.1191,5.242,-13.986,-15.878,4.0384,-4.2657,8.4701,0.47502,4.7747,6.3001,-16.269,16.081,4.0378,1.784,26.309,15.265,6.5938,-2.4974,0.79207,-2.9698,-8.6132,-2.1038,3.7542,-6.2638,2.207,2.3953,14.059,5.5854,-8.1953,-1.008
17.124,-26.197,20.957,-21.086,-3.6438,-3.6759,7.5146,3.2678,-7.486,-5.0328,11.558,-3.3982,6.4382,0.3724,-12.704,-9.0771,1.347,-3.913,-7.8386,-27.023,14.604,-3.223,-12.29,-5.5829,-3.0374,-3.1756,-3.9765,-0.6571,6.0397,-9.0606,2.6038,4.1069,-1.4497,-2.4505,-8.8803,1.1585
18.771,-23.038,20.735,-15.821,3.3571,-4.3545,6.4989,5.2651,2.0671,-5.3405,10.796,-0.5038,0.2218,-7.0139,-18.264,-5.3758,22.775,9.2709,13.597,-7.3275,10.37,6.7442,-5.9745,19.052,-3.3823,-2.9491,2.1533,-1.7005,0.84346,-4.6392,3.1333,7.2923,-13.579,-3.4949,4.278,-0.81097
17.991,-24.201,14.517,-21.488,1.9446,-7.8898,10.686,-7.3356,-14.323,-17.687,2.8036,1.8885,-8.9666,-10.398,0.38045,2.8937,4.1589,-2.6633,12.326,8.7152,-15.412,-8.9001,-11.584,3.519,0.5814,0.92143,7.455,1.2018,-4.8296,-2.0892,4.7147,15.602,-9.3107,3.4515,13.463,-1.661
15.761,-30.046,14.664,-19.481,0.59511,-3.1047,14.332,6.88,-5.3832,-6.1789,5.4285,2.6168,-0.73886,-8.8855,8.9985,-8.188,-13.458,-7.7396,9.6219,20.376,-26.577,0.62903,27.631,-11.103,3.3908,5.5569,4.9034,0.92556,-4.9175,-4.5419,3.1608,7.8401,-2.99,2.8075,9.5341,-3.4168
14.146,-27.892,24.183,-17.809,-0.18343,-5.6325,9.7611,6.8179,-11.467,-9.0637,8.4503,-3.199,9.8255,5.9154,10.939,-1.6619,-4.6844,-5.8537,17.722,37.137,-13.476,17.092,38.224,1.1897,3.3614,6.7042,-3.6176,2.7904,4.9255,1.3326,3.7042,-2.3785,7.725,5.2778,-1.4711,2.7916
20.324,-25.636,20.402,-21.754,-2.3079,-9.353,11.772,8.3765,-12.649,-9.3379,21.788,-3.5116,7.7795,12.614,0.9732,1.5298,2.6089,-11.843,26.703,17.662,-5.5479,7.7859,16.792,3.1323,-2.2244,2.495,-7.5853,4.9597,10.85,6.7985,0.23247,-11.806,9.8948,2.7389,-18.398,2.2055
20.622,-23.449,17.118,-21.182,1.0539,-7.6925,20.827,10.485,-17.428,-7.562,13.736,5.5475,3.5812,12.374,-13.695,11.987,20.753,6.0515,22.307,-1.82,12.698,13.911,-13.52,10.359,-4.0514,-4.1657,-6.3033,3.2248,8.1959,6.2403,-11.15,-19.856,9.8567,0.98707,-18.339,-0.89276
16.412,-25.961,18.683,-17.029,1.2809,-7.9963,22.151,13.878,-5.1768,-3.0368,11.182,-0.19034,-8.7385,0.36019,-16.611,9.7861,28.072,20.3,8.4921,-19.173,9.8093,15.914,-38.485,-4.6605,0.095094,-4.7951,0.68449,3.7217,4.7303,6.2862,-13.654,-17.487,4.6311,-0.84305,-8.5512,5.2031
17.893,-21.543,18.194,-14.178,8.3987,-3.2851,15.725,3.1574,-8.8541,-5.2589,6.9938,0.31989,-2.1723,-8.7865,-11.785,10.334,23.564,9.2758,-28.922,-43.727,28.129,17.963,-25.833,0.62234,3.2836,-4.4031,6.7766,2.4439,-2.9111,1.6871,-5.6938,-6.2699,-1.6513,-5.7613,1.6269,6.504
17.32,-26.408,11.558,-20.363,8.0556,-1.4066,18.569,2.4539,-12.032,-2.5323,5.9165,-3.2281,11.132,-0.78144,3.4407,20.965,24.855,17.976,-15.955,-48.817,9.8922,1.5444,-19.807,34.016,3.1701,-0.48745,10.405,3.9891,-5.4309,-0.42389,-0.88612,5.8328,-4.0992,-9.0028,2.7542,3.0043
19.082,-27.618,14.788,-14.348,9.4483,-6.3495,8.1565,-5.6668,0.063995,1.1673,3.452,7.3776,10.064,-9.0709,10.162,18.617,7.8059,15.649,6.0614,-18.347,4.4005,-7.711,-14.724,23.541,-1.4475,2.1331,6.8504,-2.1855,-6.6301,-2.5501,0.4142,17.288,-8.4867,-8.6417,0.48446,-11.81
21.384,-23.314,22.107,-6.4619,13.184,2.5237,17.957,-6.1189,-4.6897,-5.4777,3.049,13.289,0.99375,-1.9348,24.441,25.59,8.7962,14.994,-13.43,-2.6985,1.1775,-16.262,-30.269,-1.0981,-5.3059,1.5137,-2.2614,-9.3066,-8.9521,-11.517,-6.8699,19.749,-3.493,-0.61688,5.6908,-23.357
20.893,-27.626,18.001,-11.82,9.7376,2.5744,19.062,-1.7298,-10.325,-7.6417,1.0655,3.8318,-4.3409,2.4559,11.967,-2.9066,-1.5576,-1.9838,-28.113,19.652,-9.9477,-16.342,-18.18,-40.868,-3.7662,3.8749,-6.6772,-11.292,-9.2551,-11.886,-6.7938,11.343,3.5436,8.002,14.656,-11.54
16.911,-27.372,22.172,-8.8318,12.309,1.6286,6.4012,-0.86385,-6.2485,-6.259,-8.0247,-2.0042,-8.1953,1.0237,-8.7685,-14.806,-15.223,-30.793,-33.217,30.93,-0.39874,2.7754,10.375,-50.566,1.1076,2.7868,-8.6,-8.8571,-10.205,-10.121,7.0318,1.6704,2.8022,11.636,19.692,8.6315
19.148,-24.361,20.738,-14.617,9.1068,-6.8939,-0.12211,1.5317,-4.1305,-6.6131,-0.10106,-5.4099,-4.1722,8.8242,-6.6189,-17.643,-26.46,-20.886,-18.014,21.551,22.907,22.78,38.235,-9.4244,3.1586,1.7078,-1.1551,1.8265,-6.5772,-0.059783,15.13,-8.6138,2.0972,6.0801,7.3056,23.047
18.159,-24.434,16.354,-12.467,5.8874,-8.1386,10.941,7.7155,-7.9862,-4.6043,8.8196,-7.3734,6.4474,8.8149,-9.2663,-11.327,-29.777,-26.159,16.679,4.704,-1.2385,22.355,39.984,26.338,3.2678,0.74064,4.8519,0.12817,-6.8308,2.7918,10.964,-16.245,-0.62746,-4.5422,-9.2902,20.71
18.183,-24.682,17.6,-18.824,-0.28137,-2.9852,7.7849,4.7561,1.9974,2.921,11.761,1.8042,4.1306,7.0993,6.44,4.4858,-27.167,-4.5998,22.59,-10.304,0.95847,4.2687,3.5438,35.916,2.002,-0.53464,3.5504,-2.1426,-2.2398,-0.99232,1.6805,-13.161,-3.7314,-10.063,-18.058,0.85901
20.617,-22.804,19.108,-12.391,2.1147,-13.405,10.787,-0.12404,-9.9317,0.15151,6.0361,7.5576,3.9924,5.5894,8.9614,-25.23,-49.024,-24.977,1.2998,-34.365,7.438,-10.68,-18.731,30.312,-1.6956,-0.79556,-0.48448,-7.45,3.3747,2.0446,-5.9644,-1.314,4.1296,-9.4832,-14.583,-14.415
19.984,-21.627,22.582,-12.411,-2.5903,-6.5605,11.25,0.29953,-2.6785,-6.8567,3.0626,5.0827,7.0652,7.7638,2.0192,-21.405,-28.035,-26.439,-1.9221,-24.718,-0.088728,-11.017,-22.698,-7.1167,-1.9318,0.033441,-5.9361,-6.6261,9.5495,4.7909,-2.7001,13.609,2.2249,-3.651,-0.95535,-18.337
19.254,-23.167,18.344,-28.288,-17.47,-18.84,9.8583,-7.2386,-1.9292,-5.0553,3.8034,6.1435,-3.4977,4.5049,-9.4783,-35.631,-12.47,-5.0162,-0.8869,5.3411,19.933,-17.418,-19.81,-24.223,-1.7006,0.35658,-1.9939,9.8621,17.984,14.845,1.5105,22.313,-1.2856,-0.78256,9.1708,-14.363
22.397,-20.619,18.992,-21.578,-4.5066,-13.487,7.2883,-4.0455,-2.0481,0.015716,1.5284,-1.0471,-1.7834,7.8088,-14.021,-23.444,2.3033,9.3741,10.183,37.889,5.8356,-10.617,-0.69315,-28.5,-0.85036,-2.5105,1.9943,15.472,9.3056,11.185,0.53259,14.471,-1.4988,0.67687,11.295,1.2313
17.662,-21.056,16.163,-25.624,-3.162,-12.45,12.325,4.719,-0.2804,-11.994,-3.1019,-1.4891,-0.086319,7.3497,7.0117,25.1,25.726,31.342,2.7997,45.895,-1.9522,-14.793,16.121,-30.81,2.1295,-5.3149,2.5689,16.614,0.93853,-1.1532,-3.7655,-3.5664,-5.1921,8.5746,9.9904,12.865
19.888,-18.778,16.662,-25.466,-8.5928,-5.0683,15.108,13.265,-0.58513,-8.6961,6.1687,-5.3511,1.1077,-6.2112,3.7458,25.591,-0.60486,11.307,-1.1024,27.359,3.3599,-8.9456,15.811,2.3332,0.24992,-6.4122,-0.6613,5.224,-5.6885,-13.155,-6.3893,-19.107,-1.9705,8.2112,-0.96505,18.092
20.466,-20.413,23.015,-13.794,-2.5639,-7.378,7.3483,7.0534,-3.6368,-8.0957,9.5437,-7.1096,5.7043,-15.059,-5.5173,22.921,-6.3228,-11.749,-14.071,-7.2258,-4.7899,24.62,21.89,24.686,-2.5825,-3.2593,-8.5644,-12.471,-6.4238,-14.548,2.0148,-21.199,-1.6082,9.7652,-8.4134,17.256
21.549,-24.046,17.439,-14.697,-5.108,-10.37,9.2253,8.4669,1.31,-6.406,3.1109,2.9298,-3.4291,-13.048,-11.063,3.7658,-10.115,-34.857,-13.328,-31.083,-2.5983,10.733,-8.4028,34.214,-4.4539,2.0411,-4.743,-12.361,5.7933,-1.6778,5.4728,-15.31,-4.1155,4.4553,-6.9746,3.8504
19.684,-25.952,13.016,-19.548,-8.0658,-15.674,8.2303,3.5053,-3.623,-0.82874,9.3719,6.7133,-10.73,-5.5285,-28.406,-26.342,-1.6377,-18.318,18.987,-30.88,-7.0141,24.194,-13.839,39.53,-3.0081,4.8735,4.8373,-4.6801,12.004,7.6403,-0.39341,-7.7747,0.86744,-1.235,-0.20234,-5.3336
18.565,-22.533,16.13,-20.706,-10.899,-18.349,8.0031,-0.50229,-1.8912,-6.9633,2.0532,4.8443,-12.945,-0.77094,-8.5248,-11.584,26.019,6.2025,9.7326,-37.366,-16.106,13.544,-1.198,14.163,1.4103,4.0215,11.545,3.6611,8.5822,7.6213,-11.043,-5.2191,1.4501,1.0848,12.101,-8.3735
16.592,-23.934,9.4665,-23.961,-0.48722,-12.547,17.453,-3.9018,-5.5432,4.28,3.153,11.698,-4.5787,3.1698,17.4,7.195,35.631,5.9226,-27.569,-42.958,6.3009,17.039,17.276,8.0429,3.5464,0.099713,9.1765,4.7156,-4.5618,-3.1392,-20.224,-6.6935,0.7312,-9.2244,4.7642,-9.6824
16.622,-25.44,14.951,-18.283,4.1122,-8.8317,9.4804,-6.5124,-5.7826,-2.1886,5.6213,7.5189,0.54672,2.7107,23.76,5.3027,14.162,-8.8704,-45.265,-51.14,-2.0051,19.734,36.545,8.0894,2.363,-3.0796,-4.8669,-4.1915,-13.07,-7.2924,-7.4755,-1.2956,-4.7889,-13.377,-9.2226,-2.699
18.365,-22.913,22.306,-17.162,2.244,-17.471,-6.2928,-14.969,1.4732,5.3034,16.226,9.3974,0.25612,-6.7708,1.3335,-11.207,-18.518,-26.477,-54.635,-57.46,-10.408,-25.023,-8.8896,-5.845,0.017839,-4.9102,-15.098,-6.794,-7.9043,3.0366,13.463,12.914,-6.6301,-13.008,-15.854,0.43053
17.952,-21.688,21.59,-21.454,-5.1839,-20.322,-2.7569,-20.539,-6.402,2.3923,13.789,10.039,-3.5471,-11.199,-24.826,-23.341,-12.255,-14.06,-14.112,-36.593,-31.695,-32.311,-34.228,7.6123,-0.08558,-2.2745,-7.2659,2.0089,4.412,13.308,20.039,21.509,4.3152,-0.45583,-6.3331,-0.2928
16.056,-29.195,6.8137,-27.978,-5.0982,-20.04,-3.7461,-25.619,-10.438,-10.522,-5.3759,7.5155,-2.4426,-14.427,-33.798,-12.453,9.3175,23.7,24.169,14.341,-12.004,-21.978,-26.606,10.434,2.7904,5.2135,10.734,9.9257,8.0562,12.891,14.06,16.841,8.6411,16.552,13.704,-0.45065
16.004,-27.898,10.284,-24.545,1.6559,-14.577,1.151,-19.484,-15.675,-10.432,-0.69197,12.266,1.4682,-4.8341,4.9965,15.971,22.304,32.583,15.527,20.503,20.369,15.933,13.738,-1.5141,4.0118,8.2176,16.948,8.0405,-3.2517,0.99373,1.8963,4.8136,8.7124,15.672,16.296,-6.9057
18.118,-27.021,11.06,-21.843,3.4828,-8.4936,3.8376,-8.3258,0.10746,0.72643,10.163,13.501,11.701,16.115,40.094,18.766,4.4835,14.656,0.84439,-1.805,6.7652,33.613,35.646,-3.535,2.0635,6.3142,10.579,1.0653,-12.939,-12.214,-3.4373,0.89696,2.5363,5.812,7.294,-9.6026
17.655,-25.192,21.966,-16.537,1.6777,-9.8041,1.2147,-18.934,-1.4901,4.7344,12.889,6.2894,9.4402,14.619,22.968,1.2522,-26.097,-4.5692,7.0313,-4.4516,2.4821,18.254,16.127,-19.932,-1.3873,-0.40168,-6.4277,-3.6004,-12.827,-11.149,4.4452,16.2,1.1496,-7.2488,-6.4359,-5.592
21.081,-22.491,21.02,-22.6,-2.8673,-15.099,-3.3557,-26.796,-14.148,-1.2985,5.6568,8.7362,3.889,7.418,10.113,0.23232,-31.177,-18.794,11.23,31.303,9.6204,5.9216,8.6695,-28.37,-5.9365,-6.8997,-13.995,-1.4019,-2.2232,1.882,9.5929,24.763,8.407,-9.268,-10.151,-4.9166
19.242,-22.854,16.788,-23.541,-8.2174,-13.559,8.2633,-12.474,-7.3063,-0.29193,9.6249,4.6825,-1.5624,-2.4942,-12.152,7.2353,-24.002,-6.435,32.56,84.951,24.689,-6.4657,-4.9536,-17.057,-6.4768,-7.8696,-10.6,-2.1006,6.8648,3.7395,-7.1219,1.8173,-6.342,-10.205,-5.7923,5.4604
19.269,-24.481,18.705,-18.225,-7.158,-16.013,5.9281,4.0959,7.8257,6.2004,16.13,0.11952,-12.481,-9.8274,-12.323,8.7649,-7.6794,24.999,36.045,77.308,37.696,-0.3675,-4.5674,-29.556,-4.0453,-4.4854,-6.2307,-7.5237,7.675,-2.0096,-18,-30.117,-25.378,-14.615,-7.9897,10.782
17.779,-25.444,17.047,-15.106,-8.1781,-12.564,12.853,8.0957,-0.13216,-2.2479,5.1752,2.0695,-14.759,-16.107,-18.812,-13.517,-3.5214,-7.7684,-40.985,-18.368,-43.266,-29.628,-6.216,7.963,-0.92836,0.016794,2.0758,-8.126,2.6866,-10.177,-12.766,-35.339,-21.806,-11.354,-7.5472,6.2002
15.572,-26.11,14.729,-22.434,-6.7266,-3.0962,12.372,1.5731,1.1137,-0.5043,5.598,-4.7351,-9.7392,-8.2027,-17.71,-27.01,-3.0424,-28.175,-42,-67.624,-83.29,-55.57,-30.648,13.029,4.8203,4.8663,5.8519,0.94524,-0.79869,-5.8734,9.4843,-9.1278,-0.64294,-0.33911,-3.558,3.4805
13.711,-30.093,9.3705,-28.195,-10.194,-23.902,-15.451,-20.397,-25.583,-11.753,11.783,11.091,-7.5749,-3.2226,0.92084,-15.507,-12.888,-30.733,7.7508,-19.277,-23.848,-35.633,-29.649,-7.3477,8.0334,8.1532,8.5265,13.445,3.7107,19.237,35.472,27.373,34.732,17.641,4.0022,-5.4287
16.433,-26.258,13.688,-25.186,-7.6714,-24.432,-0.91974,-15.47,-21.094,-16.832,-2.4978,2.1229,8.0287,8.0619,7.0702,14.486,-6.9896,7.1147,59.098,32.124,24.773,0.93957,-10.641,-4.4978,6.8456,5.7381,6.783,18.126,13.938,29.251,22.624,29.583,34.763,21.856,16.16,-0.045589
13.561,-26.981,18.028,-21.484,-14.15,-17.263,23.374,6.9786,-0.95232,-11.901,-5.6016,-5.0333,16.524,16.527,11.431,32.961,17.006,70.77,85.828,68.623,76.362,30.322,3.7918,-10.417,3.8633,3.1318,2.5661,11.157,21.532,17.401,-9.5443,2.2057,5.5687,10.126,14.234,6.0702
19.661,-23.634,13.935,-18.547,-8.2435,-2.8584,22.508,3.9473,1.1847,0.039083,8.9698,1.0783,12.44,10.613,10.949,39.386,51.703,67.327,32.079,36.34,40.418,20.734,33.433,14.335,-3.7487,-2.3405,0.56446,-2.49,13.165,-8.3833,-28.627,-17.923,-20.336,-6.4534,-1.454,1.2033
20.359,-23.141,14.962,-15.034,-1.4049,0.69622,15.749,4.206,1.4587,-5.0278,7.945,6.405,9.5361,11.161,11.812,27.829,65.423,26.167,-26.461,-10.356,-3.827,5.1015,19.483,13.586,-6.5645,-5.2761,-4.0667,-12.057,-5.3339,-27.172,-27.95,-20.853,-29.793,-14.537,-12.724,-5.5478
19.254,-22.872,20.696,-8.7182,11.808,0.25196,18.933,4.0866,-2.0903,-9.9014,7.4455,3.5715,-7.2211,-0.95758,9.7019,4.602,34.626,-12.501,-27.891,-18.002,-36.813,-18.717,-25.757,-10.483,-3.6864,-3.6974,-7.0118,-15.086,-24.79,-26.088,-12.385,-9.101,-17.237,-11.505,-14.926,-10.515
18.533,-21.782,20.554,-12.484,8.5364,-5.7343,11.931,1.7307,-1.2283,-4.3797,4.9021,0.5133,-6.4685,-4.0681,-8.2789,-9.9308,-1.1255,-25.175,-23.936,-8.4715,-33.987,-22.636,-30.234,-25.747,-0.085335,-3.4932,-6.9915,-8.3683,-23.877,-10.775,5.2563,0.48344,-0.64927,1.805,1.9721,-2.2593
16.964,-24.793,15.99,-17.52,4.099,-5.8934,10.471,-3.8161,-15.878,-9.6436,-2.387,-1.2175,2.0097,-0.2593,-14.064,-17.166,-38.97,-37.441,-31.109,-10.107,-30.688,-22.925,-16.338,-18.575,3.2638,-1.6279,-2.2178,1.6323,-6.3194,7.2946,13.12,1.815,11.277,13.892,15.565,4.7456
18.27,-24.215,13.175,-15.598,1.8867,-8.8183,8.0114,3.9216,-8.6411,-16.474,-2.2559,-4.074,4.494,-6.6544,-11.262,-3.1287,-17.163,-15.236,1.4291,-11.886,-10.135,16.23,24.634,6.3357,1.4143,-0.79603,6.406,6.5586,11.62,18.434,15.785,-0.52447,6.6459,12.322,11.797,6.3147
20.39,-21.785,17.353,-15.744,-4.3524,-16.926,5.3378,-2.0625,-13.728,-15.316,2.8556,-3.4221,3.6167,-7.804,0.10455,9.3626,11.048,19.003,25.024,-7.2194,7.6453,31.31,24.636,-2.7967,-1.2884,0.27776,8.457,5.0454,16.474,16.526,6.9163,3.2214,7.9512,3.3132,0.22492,-0.30876
19.067,-26.613,14.241,-14.936,4.1808,-7.8358,15.212,-5.0892,-7.3711,6.5718,14.598,4.7834,-0.2006,-4.2759,16.667,9.5981,31.967,38.773,26.923,-12.538,-19.925,11.855,8.2633,-2.0624,-0.66369,4.7019,6.3427,-3.8271,3.3977,1.8446,-10.795,8.0897,12.812,-8.3791,-12.086,-5.1942
18.374,-27.495,15.51,-13.17,8.4759,3.1169,19.383,-2.9203,-12.69,-5.5118,1.5043,-7.0446,-2.0848,-0.059768,14.256,1.6979,18.837,18.183,-9.2748,6.3255,13.962,-4.1709,-7.0278,-15.919,0.32802,4.8506,-0.75804,-8.3444,-12.756,-16.006,-19.097,4.9073,14.026,-0.38841,-4.0615,8.6118
19.178,-23.497,22.43,-12.086,11.456,0.54629,14.451,-1.9184,-19.122,-15.449,2.5515,-3.294,4.0263,12.983,13.375,-18.432,-4.0687,-5.6032,-35.398,21.79,50.767,-7.9251,-19.965,-13.074,0.19094,1.6064,-7.1844,-5.2559,-17.406,-19.761,-15.299,-0.95708,11.414,9.1256,5.8704,18.182
19.292,-23.373,20.386,-16.32,1.4286,-12.026,1.0813,-0.48521,-0.87133,-6.3912,5.3648,-7.3431,3.1433,7.8196,-2.0397,-18.344,-34.712,-38.838,-39.3,0.1537,42.428,39.258,18.443,45.768,-0.94023,-0.63836,-6.4565,1.914,-7.671,-7.5909,-0.79596,-8.5009,-10.667,4.6704,12.05,18.465
20.621,-22.183,18.491,-22.577,5.6701,-3.066,6.6639,4.588,12.103,3.0489,2.6852,-1.6044,-1.86,-0.1838,-11.107,-6.6604,-28.286,-31.524,-34.56,-14.237,22.913,35.769,24.88,58.004,-1.4936,-2.3677,-1.2291,10.745,4.2789,1.2285,7.4113,-9.9427,-24.119,-6.2713,6.6159,1.5368
19.224,-24.243,16.46,-17.097,-5.9873,-14.496,3.626,-6.0967,-7.0889,4.868,10.659,14.995,-3.8428,3.3318,-5.7854,5.3823,-7.4091,-6.811,-13.674,-18.165,-25.447,-2.6655,30.8,40.868,0.32675,0.15932,7.5736,8.6898,15.693,13.328,13.653,-0.075548,-14.831,-16.519,-10.68,-24.021
18.282,-23.154,18.84,-15.028,1.0208,-13.981,-4.1018,-6.2313,-4.5572,-3.1945,12.345,14.539,0.051283,3.3885,9.1023,23.432,3.6742,-15.474,-11.155,-18.764,-35.891,-18.32,6.9366,-2.9399,1.984,0.0019837,6.8652,2.5047,13.543,12.088,19.465,8.7602,-0.39177,-5.7333,-15.196,-26.292
18.54,-21.221,17.319,-17.404,0.048624,-9.9742,-0.37282,-4.1583,-5.265,-4.6022,15.935,5.0193,3.8214,6.8301,25.723,10.058,27.774,19.778,17.262,2.0394,-2.3237,-16.294,-25.984,-43.863,1.852,-3.1581,-0.89076,-2.8668,5.9991,5.7076,16.175,8.6991,8.8635,5.5765,-14.025,-13.858
20.988,-21.999,22.612,-10.708,4.4892,-13.064,3.0858,-5.7634,-6.7546,-1.3761,3.5154,1.9133,4.228,-1.923,7.4645,3.525,21.84,15.62,47.299,19.461,9.3923,13.916,-22.71,-31.091,-0.23549,-3.8891,-10.448,-7.1065,-1.3723,5.4305,11.86,4.5272,2.2151,2.4596,-5.843,-0.25656
19.782,-21.405,27.435,-14.228,6.1653,-5.0656,8.663,-5.3109,-7.152,-4.1881,2.0812,-0.62377,3.3287,-9.803,-9.4203,1.0018,13.503,6.1797,37.973,6.2174,-3.7713,9.0987,-24.5,-14.349,-2.4915,-4.4678,-14.572,-6.9043,-10.313,-3.2729,-0.57905,-2.498,-6.4372,-3.8668,3.175,8.5414
19.775,-24.024,17.514,-14.854,8.8824,-8.6248,15.03,4.0757,1.0825,3.5565,7.9163,1.8153,-0.87983,-7.7403,-25.566,-7.5722,3.9476,18.477,37.787,1.7827,-24.091,-18.718,-23.021,-18.98,-2.6805,-0.34593,-4.8482,-4.6746,-10.094,-4.2733,-11.58,-1.8967,-1.4988,-4.4344,6.462,10.13
20.811,-25.111,15.158,-14.83,4.6037,-9.1039,12.642,-5.9691,-11.069,-2.5192,1.4845,-2.106,-6.0821,-12.6,-30.619,-18.914,-14.848,1.9846,19.122,-1.6113,-17.768,-19.311,-9.954,-7.2112,-1.7008,3.37,4.0113,-0.48809,-5.6889,-6.6311,-11.506,10.297,15.838,7.9744,11.767,13.127
20.034,-24.017,15.968,-14.193,7.2438,-1.8062,19.99,-4.5429,-16.842,-11.57,-7.6965,-6.8355,-4.4689,-2.254,-6.1772,-9.8901,-14.455,-3.6487,-1.1751,13.892,8.8966,5.949,2.3267,15.99,0.24071,4.9504,11.904,4.506,-4.0385,-10.198,-11.71,14.103,24.482,13.035,10.233,14.563
16.611,-27.709,12.899,-24.015,-0.43922,-7.4826,15.744,-1.8072,-7.0737,-6.2803,4.9106,0.096022,-3.3805,4.3036,0.9413,-0.27968,-5.74,-15.913,-0.07791,51.65,58.925,36.637,21.664,33.799,2.3971,6.9644,15.845,9.6854,0.058359,-2.7287,-5.6589,7.9635,10.913,0.45102,-0.60452,3.9173
19.641,-23.852,15.555,-15.206,4.1764,-11.26,12.891,8.9408,3.5331,8.4115,7.3666,8.7095,-1.0271,8.5595,18.171,5.6402,-20.799,-23.562,-11.165,45.666,59.971,18.485,12.335,33.332,1.3523,2.0438,10.081,7.5367,3.601,9.7786,-1.7648,-11.494,-15.831,-18.703,-8.7423,-9.8703
19.317,-23.041,15.835,-14.463,3.2675,-12.333,16.152,13.114,8.2059,5.8086,4.7847,7.0211,4.1826,16.815,36.431,21.747,-11.384,-1.7024,-4.1771,22.319,11.261,-23.323,-17.98,3.7043,0.49647,-2.3186,2.2936,3.746,6.8618,17.086,-4.763,-29.373,-32.599,-21.143,-5.9593,-11.768
18.167,-22.071,23.585,-16.149,-5.0089,-11.162,14.203,10.829,5.5037,-8.3718,-1.4663,6.3681,-1.4889,1.7093,26.482,16.78,6.372,38.139,-7.9498,-28.911,-46.427,-57.587,-21.563,-18.314,-0.011069,-4.5412,-9.169,-1.8269,13.356,15.712,0.066625,-26.324,-24.247,-2.3632,8.8345,-3.7747
19.439,-20.192,27.099,-12.67,-1.5384,-8.3829,12.999,8.4083,-2.4285,-9.5503,0.33683,3.1189,-0.66722,-3.8641,8.2539,12.881,14.984,38.668,-25.501,-57.925,-50.87,-31.044,8.8155,0.78208,-1.5545,-5.5003,-17.025,-7.4864,12.686,2.6452,3.8639,-9.6109,1.3078,15.993,15.266,3.413
18.835,-24.422,23.164,-7.7124,9.7654,5.8345,10.493,-3.162,-14.363,-12.703,-1.1907,1.5038,1.3425,-3.8068,-13.585,0.93875,32.799,34.813,-0.1704,-45.831,-30.198,10.529,43.109,15.92,-0.88461,-0.44181,-11.262,-8.8718,5.224,-14.092,7.6861,12.149,20.574,23.389,10.151,1.041
18.65,-23.798,20.172,-12.241,3.372,-1.4975,5.2573,-8.8531,-7.2957,-7.5481,9.0547,9.8443,-5.0054,-7.9285,-28.663,-7.7642,38.831,13.186,11.253,-17.275,9.6856,22.582,26.012,3.6525,-0.97675,1.4089,0.021554,-4.9887,1.271,-13.847,6.856,21.384,15.428,9.721,-4.8858,-7.0992
19.233,-22.171,20.256,-15.894,8.9356,2.8023,17.989,-3.4556,-7.1618,-4.1084,15.729,10.965,-3.7429,1.5324,-11.369,-17.257,20.568,-19.58,12.104,11.509,26.165,32.544,20.593,-14.544,-1.6907,-0.51491,4.25,-0.21525,-10.592,-8.1044,-0.34094,14.067,-0.14209,-7.4056,-17.967,-2.3549
16.738,-25.281,14.222,-12.461,18.292,-0.27359,14.877,-0.082525,-1.1864,-2.5564,4.883,0.21437,-3.0083,0.51072,7.2537,-2.9647,27.454,-3.3708,2.6421,20.326,-1.913,6.5533,-4.3556,-19.482,-0.11,0.51527,4.6533,0.6257,-20.796,1.7725,1.4377,1.2417,-14.338,-11.744,-15.493,8.8295
17.92,-22.914,20.454,-16.23,12.589,-4.5676,11.735,-1.7927,-4.3354,1.0738,11.192,-0.95315,-8.1096,-10.601,-10.293,-2.5372,-14.471,2.5698,2.4301,5.7021,-25.109,-18.485,-31.54,15.713,1.6954,-0.58953,-2.3902,1.1186,-17.888,6.3264,-1.2719,-13.091,-11.542,-9.9817,-11.606,11.431
17.802,-23.171,23.7,-13.555,15.272,0.50206,9.7056,0.47857,-9.6654,-6.8626,9.1456,6.0626,-3.3721,0.71456,-5.9343,-11.995,-47.631,10.974,23.278,-8.1633,-36.367,-10.626,-25.384,32.672,3.5098,-0.083113,-4.7689,-2.3535,-12.564,-4.4107,-8.8275,-16.542,5.6464,0.57407,0.31784,0.34261
14.646,-28.527,10.37,-16.616,3.2099,3.6994,21.79,-0.8851,-15.477,-11.198,-2.1719,15.898,4.9158,-1.5171,-16.727,-7.1485,-31.331,4.8796,-4.5737,-39.701,-14.319,-8.7748,-26.922,16.535,4.3507,0.9243,3.4903,-0.29833,5.3012,-11.377,-13.893,-2.6631,19.809,9.0424,12.087,-10.471
16.688,-22.118,16.297,-18.266,-0.83359,1.0798,21.489,-4.618,-13.799,-1.7334,-1.1272,8.1248,8.0282,-4.4468,-13.374,-12.426,-26.935,-26.579,-37.994,-39.68,20.924,4.5685,-5.0752,-18.18,1.2873,-0.61923,6.6651,3.4112,17.19,-9.7794,-12.499,10.292,18.381,2.2164,6.9717,-8.6789
20.935,-24.199,15.793,-17.449,4.9767,-2.4167,3.5561,-19.095,-9.4279,-5.8782,2.8672,6.2835,7.9439,-3.3988,10.878,-3.8133,1.6873,-35.536,-36.398,8.1449,45.29,19.13,18.743,-11.216,-3.1328,1.5483,9.2797,2.9874,14.731,-1.2724,1.7153,21.467,6.9763,0.12243,-5.5294,-3.0544
18.672,-27.558,14.302,-19.352,0.92147,-9.7294,-0.17439,-10.257,-2.2282,-7.2381,4.0884,1.7794,1.5502,-1.4408,13.589,3.393,21.81,-17.716,-23.306,19.371,25.735,-13.496,-13.358,3.1528,-3.7234,3.644,5.2372,1.7082,8.2065,6.8814,13.355,19.433,-5.7054,-2.4148,-13.699,1.6396
17.626,-27.506,16.807,-17.98,3.176,-8.6642,14.422,6.0066,1.3827,1.1196,4.5917,13.462,-7.5091,4.7215,16.19,-0.12112,17.952,-5.914,-3.341,38.108,18.157,0.86963,-50.428,-9.4033,-2.4855,1.9411,-5.1537,-1.3228,-0.17828,4.6472,14.277,4.8442,-8.9532,-3.8575,-7.9942,-0.7695
19.118,-21.185,22.584,-16.304,10.971,-4.6542,4.4028,-7.4832,-6.3368,-11.98,-8.6683,6.1118,-2.8622,9.713,10.155,-5.7316,5.9655,-6.9832,12.252,42.504,5.9629,1.6247,-38.983,-10.889,-0.88009,-1.8938,-8.0191,-0.68222,-3.6717,-1.2887,15.965,2.0277,-1.7821,4.5048,13.957,1.8867
16.957,-25.025,19.747,-19.033,8.9275,-7.9112,-0.40294,-1.4278,1.7051,-3.0723,-15.968,-0.58436,-2.2772,0.72979,-13.174,-5.865,8.7179,-17.666,17.21,20.799,10.41,-7.718,-8.416,-8.043,0.54023,-3.3067,-6.8279,4.6055,-1.5156,-5.3558,9.5658,-4.5401,-3.5504,-1.1017,26.185,8.1211
17.576,-23.942,17.91,-21.691,1.0285,-13.597,13.364,14.713,0.59206,-4.3298,-5.123,3.3583,-5.4662,-8.9137,-11.824,2.8538,8.0677,-18.283,46.246,38.164,20.698,13.322,35.422,11.906,0.56322,-3.1736,0.12603,8.5242,-0.32173,-0.4163,0.8662,-11.683,-7.9513,-5.1785,12.991,6.8758
17.259,-25.762,12.557,-18.219,12.506,-13.026,18.546,5.3084,3.1234,-6.5647,-1.389,10.817,-3.506,-2.4988,-6.9594,18.614,9.3225,-27.043,27.491,17.577,-6.9624,-10.488,43.293,19.805,1.706,0.35819,8.6705,4.3569,-5.8919,7.8862,-9.7466,-13.613,-12.494,-5.4072,-1.5212,0.57993
16.234,-25.273,20.267,-15.284,13.216,-11.239,18.051,8.2307,3.303,-3.5732,1.7531,6.3641,0.56831,-4.541,7.6782,24.65,4.0545,-4.3764,11.443,-14.301,-25.107,-22.883,0.11574,9.5663,2.1396,1.8856,8.8985,-0.78805,-4.3237,16.425,-14.533,-17.878,-8.3837,-1.0058,-7.5728,-4.2144
15.875,-25.609,15.088,-12.93,7.4951,-22.612,10.999,10.602,-3.1315,-8.6944,2.2403,7.815,3.2354,0.33437,20.427,5.021,-18.735,14.811,-14.121,-21.034,-29.157,-16.651,1.6313,-3.9733,0.19412,1.9842,8.3623,-5.2517,4.1123,24.161,-2.5663,-7.3144,0.87273,13.049,-2.5694,-6.4433
18.551,-26.289,20.483,-12.011,5.5614,-10.993,22.859,4.9153,-8.834,-14.706,-6.8798,9.6426,1.8613,-0.90255,18.975,5.7098,0.47819,42.916,-5.6108,-31.92,-10.123,11.375,18.389,2.7231,-1.539,3.4348,1.7175,-3.3307,11.284,11.003,-0.67212,1.2657,3.3953,19.115,8.0582,-3.274
17.718,-25.087,22.663,-17.346,6.9661,-5.7431,9.0815,-3.5508,-5.3866,-9.3238,3.7431,7.1915,-3.1819,5.6032,29.204,1.8252,31.672,70.115,23.186,-10.185,-10.091,37.631,21.31,-8.9903,-0.34313,3.0683,-4.9384,2.0744,8.1367,-6.3582,-1.1165,5.3038,2.604,8.5734,0.066118,-1.0585
16.243,-25.986,25.968,-10.222,13.719,1.785,16.205,-0.65288,-0.63094,2.4288,10.196,8.0374,-3.9182,9.9986,11.877,9.5948,35.272,22.985,-10.572,-13.397,-17.664,45.553,30.568,-4.295,1.7794,2.8949,-10.643,-3.5034,-9.9014,-19.53,-6.1749,8.0501,5.2189,-7.413,-10.212,-0.3965
15.438,-22.959,26.948,-12.912,19.252,6.0569,25.92,8.2932,-12.278,1.5534,4.3571,4.1225,4.4095,10.225,-0.71601,13.451,4.5514,-7.0141,-17.224,-3.7761,-12.367,9.1268,-4.1274,-5.7565,2.3777,-1.5539,-15.318,-6.612,-22.881,-18.786,-6.6451,9.0459,13.575,-16.803,-11.718,-0.47511
17.732,-22.354,24.279,-9.4302,17.055,-5.4,9.1545,-7.705,-14.22,2.6313,8.097,9.0296,6.9625,11.261,-19.282,-17.62,-35.468,-16.171,-16.28,5.1262,17.11,-11.439,-19.953,-0.8763,1.0283,-4.0708,-10.535,-6.8411,-13.926,-4.3521,11.316,14.67,12.632,-15.422,-13.63,-2.8625
19.178,-21.79,23.149,-11.016,7.5742,-5.6577,3.9948,-1.9127,-4.7755,-4.8617,2.7291,3.8171,3.2662,-2.7974,-31.805,-17.627,-47.365,-4.2361,-7.1847,25.783,40.4,-17.888,-12.022,-13.075,-1.6678,-4.0251,-1.9155,-1.99,3.822,-2.5126,15.086,9.2177,4.6209,-4.2192,-7.2951,-0.536
17.855,-20.94,18.226,-19.98,1.8241,-0.44326,19.027,7.0132,4.1725,-0.083031,1.0336,7.7519,1.7948,-3.844,-25.255,-9.0714,-8.4013,-0.16451,40.988,45.175,19.116,-18.05,-33.635,-14.948,-1.2015,-2.1265,8.6971,12.643,14.874,-7.0382,4.6598,-4.3486,-7.516,-4.0329,-3.9555,2.3198
17.01,-25.065,14.072,-16.451,3.1851,1.4605,17.391,13.825,-1.2748,-6.0336,1.878,-1.7763,-1.3456,-2.3475,-7.3071,-0.77349,10.128,-27.58,29.57,22.288,9.7347,-8.6637,-33.762,-1.4007,-0.40627,1.8025,13.424,15.809,11.462,-9.6483,-8.6374,-15.392,-8.9422,-0.25961,-0.026202,11.582
19.714,-22.638,16.19,-11.249,15.049,-9.0413,22.951,7.0134,-6.4123,-5.8076,-8.2947,4.3524,3.2607,0.40353,11.954,37.167,10.157,-39.69,-11.359,-14.869,-5.1378,-36.216,-28.861,4.8856,-1.6729,-0.016767,7.735,7.3703,-4.2892,-6.0737,-23.164,-18.862,-1.2838,5.7086,12.205,11.419
17.576,-22.115,20.513,-15.768,6.026,-15.149,16.818,9.2312,5.3843,-6.3312,-9.488,4.8166,0.50192,4.0913,16.709,38.297,0.66442,-32.715,-24.198,-21.157,7.815,-10.104,-14.54,34.916,-2.1915,-1.4375,0.66343,-1.6941,-4.3818,4.8816,-16.539,-9.1445,1.3466,7.7102,13.491,2.9661
19.202,-22.213,20.982,-1.7373,5.4822,-11.984,13.634,1.8756,-1.726,-18.042,-7.7138,6.8983,-7.4933,-7.1472,1.4116,8.2453,-25.115,-27.966,-47.95,-27.414,13.656,11.213,17.777,23.988,-2.6756,-1.0321,-3.2185,-13.615,4.2391,12.235,2.2902,5.6206,3.4538,9.5046,9.0231,-4.7507
17.517,-23.232,20.03,-2.0579,8.3005,-13.426,9.9503,5.816,0.2895,-4.9682,-5.6823,14.409,-6.9262,-5.7597,1.2814,5.2167,5.8549,-9.0343,-34.83,-17.162,7.0707,6.1732,10.373,3.8788,0.66164,1.7677,-1.7337,-11.776,7.4642,16.323,16.172,9.263,-3.4875,-2.4669,6.8487,-13.099
15.997,-25.653,17.137,-13.981,1.3536,-23.886,2.4097,-4.9862,2.9633,-0.88261,-1.3093,11.55,-6.4034,0.1687,3.5757,-14.37,28.757,9.6471,5.4082,11.236,12.503,3.1689,3.7986,-3.3494,3.485,3.516,1.3733,-3.5886,5.4495,15.931,21.984,15.605,-6.744,-6.769,6.0377,-7.5261
15.715,-23.274,23.076,-7.038,11.018,-13.715,5.0153,4.0812,6.575,-11.824,-7.5039,4.4301,3.2651,9.2721,6.9583,-9.2779,11.049,30.091,29.981,5.8327,-9.0461,-18.416,26.693,-16.909,3.3259,0.5204,-0.78161,-3.2926,-5.7316,4.2982,8.9989,6.1781,-6.2862,1.7651,7.5951,2.92
16.901,-22.107,21.247,-6.4324,18.502,-7.0155,18.806,8.3611,1.3829,-13.029,-4.9037,10.213,4.836,2.9167,5.4394,-2.4505,-0.46491,32.127,29.563,39.113,-12.005,-10.337,39.805,-3.2492,1.6483,-2.3374,-1.5856,-3.2454,-8.8071,-8.1127,-13.922,-9.3694,-5.163,7.6584,0.25095,8.236
18.697,-20.369,21.454,-10.471,5.2508,-6.8151,16.743,2.0587,-3.4434,-8.1028,9.4613,6.623,4.0835,-4.5317,-3.5585,-17.206,-8.1921,1.2171,-1.9129,-0.20973,-12.106,21.752,30.345,18.429,-0.89629,-3.7355,-1.2525,-3.2658,0.57806,-9.5677,-18.035,-13.304,-3.1651,8.1985,-12.233,9.3305
16.924,-25.648,20.668,-13.49,4.0046,-11.272,11.328,15.582,1.9698,-7.9119,10.11,8.8291,1.4292,-4.6166,0.90596,-26.633,-5.6579,-16.479,-48.256,-32.59,-11.782,21.377,3.2272,20.162,-0.70001,-1.7287,-2.3953,1.3375,3.0049,-3.5649,-5.267,-18.426,-5.6606,1.0182,-19.234,-2.1743
17.746,-23.77,21.587,-12.112,14.17,-10.978,7.7978,0.36608,0.22863,-3.5072,0.1616,14.336,0.48714,-5.6386,2.9625,-13.516,16.536,6.5558,-21.286,-24.836,-24.984,6.7194,-16.185,18.038,0.010159,-0.4331,-5.0524,6.6181,1.739,5.018,11.025,-3.1492,-4.1147,-7.2958,-13.767,-12.922
18.091,-22.715,21.634,-18.928,11.213,-13.174,-0.84966,-7.0874,-6.3439,-4.6389,1.3597,16.437,3.1341,-5.1732,-9.7977,2.3917,2.1955,11.633,12.915,-40.706,-33.87,2.2702,-33.102,-13.925,-1.0549,-0.90911,-7.2237,5.53,-4.3735,1.8709,17.709,8.6633,0.38099,-7.7939,-0.045365,-14.547
18.357,-24.655,22.453,-14.51,9.9145,-2.5865,12.188,0.97502,-11.778,-6.3797,5.744,11.838,3.2818,-6.4189,-23.468,1.3723,-3.4237,12.251,22.627,-11.898,-21.635,-5.1737,-20.323,-29.137,-2.7616,0.2486,-3.9283,-3.6559,-9.2133,-13.971,-3.1936,7.1975,9.8144,-2.8218,10.825,-5.0222
18.185,-27.792,15.336,-11.095,7.2304,-9.6516,15.59,-5.0756,-8.9616,-5.3406,-9.2315,3.1158,-5.2428,-8.772,-21.997,-6.4274,-17.545,-9.9723,18.332,4.2575,-11.551,-11.646,5.0694,-28.988,-2.5407,2.5623,4.3254,-11.751,-6.4222,-13.005,-13.074,11.081,14.162,4.6439,19.999,7.5174
19.34,-24.441,13.001,-15.343,14.45,-6.6136,10.892,-6.5885,-9.2803,-5.7432,-4.7044,6.4283,-9.1323,-2.5962,-10.58,-27.386,-19.66,-52.499,-39.962,-11.33,12.929,-0.43177,18.856,0.45826,-0.32709,3.6498,10.938,-5.779,-3.7059,-5.7951,-5.4891,5.9252,9.2832,9.1365,11.38,7.4685
14.978,-27.208,15.361,-21.726,0.17282,-16.146,8.9648,-1.1768,-13.368,-10.78,9.1186,4.6483,-3.3625,5.7269,5.3846,-41.982,-21.797,-21.017,-21.162,14.414,19.657,23.119,47.302,8.8641,1.9544,2.943,8.5876,5.7779,6.4223,10.058,10.321,8.1181,4.5588,4.7022,-8.7731,2.9727
15.394,-26.245,17.151,-22.887,3.6132,-25.589,-4.4803,-6.6394,-3.1103,-3.8759,5.9968,11.301,0.70626,4.5804,17.531,-9.7452,-19.828,-11.202,14.929,12.65,9.1769,23.127,15.459,-10.721,1.014,-0.40446,5.3352,17.747,11.315,20.666,22.396,7.6266,-6.7362,-10.997,-22.539,-7.2618
18.477,-24.027,15.954,-28.314,1.7504,-10.673,12.695,2.1569,-2.2181,5.285,9.0688,5.1116,-0.39024,2.3546,6.8855,13.642,14.65,19.67,42.494,32.858,13.119,0.085971,-37.098,-8.5343,-0.61192,-3.9475,-0.99782,16.968,9.3994,6.95,-1.89,-6.2601,-8.0238,-22.805,-23.036,-4.7413
17.944,-23.742,21.47,-16.921,3.7475,-14.951,16.491,-1.9304,-10.267,-2.2124,3.0501,0.83625,-5.5485,-2.9324,15.346,33.536,18.69,30.485,40.191,17.581,-17.483,-43.9,-51.64,-27.152,1.1516,-3.7822,-7.8017,1.2525,-0.51267,-2.9974,-19.712,-9.1597,-0.044934,-13.889,-2.2935,5.0417
13.509,-27.282,16.644,-17.888,7.4305,-11.63,19.726,12.898,-3.2303,-11.569,-7.9569,5.6134,-3.2948,-10.254,1.488,21.219,5.9412,-7.1106,-43.243,-19.352,-7.1323,-57.391,-34.328,-6.6271,3.4207,-2.5028,-10.386,-9.3042,-14.375,-12.334,-19.908,-13.132,3.4474,6.8477,17.38,8.5192
15.104,-26.083,24.478,-11.332,10.118,-9.8677,12.1,-3.2193,-11.346,-17.399,-11.311,-2.5259,7.9167,-8.0259,-18.779,-7.2715,-18.037,-12.799,-40.762,-7.0435,19.078,-17.58,2.607,13.534,0.70702,-0.17737,-12.072,-13.145,-16.453,-8.4512,-0.89839,-2.7731,8.6044,27.33,22.633,10.196
18.249,-27.983,15.194,-20.499,1.5356,-16.77,-6.7311,-6.8746,-5.2449,-15.817,-0.91492,3.4791,9.9807,-7.6124,-27.981,-12.475,-38.864,-20.36,-16.568,-20.491,12.076,21.165,22.681,13.719,-3.8822,5.8138,-1.0238,-6.4137,-5.3953,6.6836,23.566,3.8481,0.034974,30.954,10.638,1.8355
19.532,-27.404,12.806,-19.251,-2.3233,-18.781,9.3386,4.4341,0.27942,-8.8782,0.83266,8.6705,-8.6511,-5.1402,-30.281,-15.339,-41.173,-5.1467,22.362,4.2852,15.935,53.471,33.021,13.657,-5.2592,7.9717,11.492,0.37484,8.246,10.303,16.643,0.12979,-11.76,14.345,-3.3082,-3.376
16.285,-30.428,8.4897,-20.166,-5.7807,-17.353,12.823,-1.1746,-3.0049,-5.2468,-2.688,6.8746,-14.422,17.372,2.1204,-6.8154,-9.4672,22.481,43.026,-5.7756,-5.3861,61.852,3.6554,2.4891,0.75852,7.3663,15.226,3.0447,17.919,9.7085,5.2288,2.2677,-10.09,-5.4942,-9.6025,-2.1365
11.76,-27.431,12.69,-19.169,-6.8101,-12.149,13.504,-3.9267,-4.498,4.0512,6.0866,2.6046,-6.1778,19.341,23.629,-8.2272,8.4949,17.298,12.658,-13.752,-30.989,33.803,-4.4212,2.2691,7.8761,1.6918,10.129,7.2365,18.918,1.4953,-10.276,-0.71252,-2.3484,-20.218,-9.3203,-0.86135
14.924,-19.284,16.312,-23.948,-0.95465,-8.8449,12.699,-5.582,-5.5492,8.644,-1.7142,7.7566,12.537,16.979,21.196,-0.80808,25.899,16.96,14.428,-0.13401,-14.914,3.5274,-6.61,8.7298,5.6434,-7.6801,0.17899,6.6703,4.0903,-9.3332,-18.641,1.2925,9.1799,-23.036,-0.21929,-3.5986
17.123,-23.306,20.71,-21.474,-0.48891,-14.386,15.729,-0.23839,-13.943,1.0778,-1.8648,9.3641,17.25,3.5151,10.824,17.839,35.736,5.09,-14.721,-2.0982,8.9574,-18.456,-8.4476,6.2295,-0.63493,-8.4125,-5.0109,1.8392,-7.6535,-6.8987,-15.133,1.3459,12.248,-15.974,0.5417,-3.7742
19.872,-24.001,15.078,-19.417,4.0081,-7.7548,18.924,-3.0857,-5.7395,-1.9965,-2.0172,7.8598,2.0814,-13.116,9.418,13.503,-2.6362,-18.081,-36.49,-5.14,20.54,-27.201,4.5721,-17.484,-4.1483,-4.6659,-4.4733,-6.1105,-13.891,-2.8624,-6.2899,3.6993,1.5249,-7.3832,-1.5668,-4.1163
17.912,-23.315,18.719,-12.514,8.5764,-10.149,3.031,-6.224,0.075873,0.14352,2.0143,5.6678,-4.1249,-7.6742,4.4636,-6.1867,-15.505,0.32535,-37.547,-4.5197,12.524,-30.703,-7.3037,-3.4952,-0.86915,1.2299,-5.9462,-9.9592,-8.4845,6.9575,12.967,4.5402,-8.1154,5.1697,-0.45031,-4.0838
15.57,-25.837,22.016,-21.676,-6.8054,-20.003,0.80357,-5.1593,-2.2884,-4.4894,-1.3677,0.86276,2.4825,-0.75626,2.0092,-19.347,-17.936,5.0309,-5.6089,19.573,-9.0734,-27.265,-15.016,-6.9891,4.613,5.2019,-6.407,-1.2935,6.4334,10.819,19.251,2.5811,-9.4592,14.234,6.0154,0.46684
17.212,-26.225,19.472,-23.437,-2.8347,-8.0988,6.0157,-1.4615,-9.4063,-13.027,-5.8414,11.115,12.704,3.4845,-15.203,-15.531,0.96332,28.322,34.672,8.246,-16.813,7.4249,-0.90508,-19.437,3.0154,2.4264,-1.0113,9.1385,7.9235,-1.0071,9.9887,-1.1716,-3.3499,15.143,10.344,0.085344
21.463,-22.924,15.706,-23.629,0.74552,-6.2647,14.627,4.3197,-5.5352,-9.0435,-5.5974,1.6416,16.732,7.3137,-12.784,11.707,21.297,22.017,23.655,1.3829,-12.087,24.903,31.45,-7.1789,-4.9765,-2.5478,5.0426,11.292,2.7727,-9.6302,-1.0177,-1.8338,2.4035,6.5641,3.3856,7.3525
21.317,-23.029,14.273,-19.303,5.2826,-2.8578,13.455,-6.8404,-6.7071,6.1331,3.6766,-4.44,3.8276,0.42294,6.8037,23.979,4.4959,-13.203,-2.2359,-1.2825,-2.7184,18.927,21.183,-2.9735,-10.256,-5.196,8.9589,3.5805,-3.7918,-14.907,-4.8189,5.5642,5.8355,-6.514,-7.8074,11.422
21.884,-23.778,18.224,-17.89,-0.21571,-11.615,8.9112,-1.7783,-9.6814,-1.6181,9.5982,5.0508,-17.962,-11.965,16.219,17.356,-5.8389,-22.358,7.7562,15.169,-4.1032,-0.19535,-9.1321,21.542,-9.0535,-4.7256,2.4896,-6.36,-3.1819,-4.3454,-0.36043,0.1416,6.1568,-7.5766,-12.032,4.4017
18.915,-25.586,21.615,-14.318,-0.10611,-12.025,7.7557,0.94626,-8.6924,-7.2767,-2.8478,7.9236,-21.231,-12.856,15.091,-0.45326,-4.428,-24.025,18.527,29.174,8.373,-12.596,-19.651,23.312,-0.309,0.69561,-5.1684,-9.1448,4.3435,10.231,2.5951,-6.6309,2.2912,-5.9791,0.22492,-1.4572
13.683,-27.628,20.144,-17.444,0.52043,-12.86,21.355,8.0107,-6.5941,-2.4363,-6.9012,6.2305,-16.006,-9.6747,-4.4795,-7.8768,9.8493,5.7009,11.471,-13.137,13.151,2.7814,-8.2935,1.6866,9.0313,5.393,-6.2291,-5.3777,6.8743,15.6,-2.2947,-10.845,1.2931,-1.7665,8.0034,-5.2827
14.802,-27.532,20.858,-19.753,2.7005,-14.248,16.497,2.8521,-4.0642,0.24415,2.1008,6.6261,1.3047,2.756,-8.6893,-9.1289,18.369,23.921,8.8819,-20.284,0.11018,-12.457,21.888,-0.33195,9.0678,4.1175,-5.5435,-1.8288,2.937,8.8169,-4.5859,-3.4799,4.0325,8.6224,8.061,0.85999
15.937,-27.643,16.362,-19.111,3.3056,-7.6535,10.277,-9.3,-5.4198,-3.9878,2.9772,6.5428,15.927,7.1944,-3.0367,-5.1949,17.134,31.669,1.1052,-14.33,6.494,-9.0975,10.115,6.9499,3.6148,-0.44885,-2.1552,-3.1924,-5.259,-9.8466,-9.5799,6.863,3.5916,12.558,4.6647,8.8991
18.44,-24.201,19.161,-18.049,7.6858,-2.6677,17.736,-0.54045,-9.2244,-12.729,3.1571,7.6015,8.1415,-0.70327,-13.348,-10.938,6.6147,7.0755,0.7801,12.371,31.864,36.456,11.45,24.98,-3.1966,-6.779,-4.5121,-1.9101,-10.36,-21.781,-19.993,-0.24601,2.2911,8.8595,-3.5645,5.3626
19.827,-25.697,19.474,-20.894,6.5949,-2.8157,21.288,2.5421,-0.76699,-0.49825,-2.3716,9.2178,-1.3506,-10.189,-12.926,-22.934,-10.569,-35.109,-32.377,4.8501,15.232,41.113,20.249,33.526,-5.9782,-4.1805,-3.175,3.1521,-7.3908,-20.541,-23.065,-8.5267,-6.7136,-7.6189,-3.6158,-5.6345
16.928,-28.857,12.628,-24.33,4.3632,-13.129,11.381,3.1165,9.5416,16.727,10.5,17.779,-6.0394,-22.447,-26.305,-9.8099,-19.582,-51.597,-74.342,-31.104,7.1964,6.7353,-1.0011,13.193,-2.3388,6.2714,6.5673,8.4033,-1.8815,-3.7104,-8.4445,-9.2813,-12.898,-22.034,-4.5768,-14.288
16.018,-30.409,13.166,-27.437,-0.31739,-19.977,-2.7347,-8.7034,-7.1868,1.8402,9.4305,18.217,-6.8739,-2.836,-12.433,10.002,-6.7214,-41.697,-76.657,-35.226,-14.74,-32.332,-1.738,-15.329,1.8015,14.474,12.68,12.424,5.1476,16.972,22.153,-0.0065569,-9.2759,-11.5,-2.0183,-13.133
17.325,-33.068,9.1628,-19.682,1.3511,-19.885,-7.4237,-10.47,-2.4163,-10.531,-3.2446,9.6982,-0.79088,26.977,19.242,14.61,-4.7167,-8.1826,-19.302,-13.998,-17.639,-36.991,-0.44075,-22.031,4.3219,13.581,13.432,9.4235,10.794,25.377,38.574,7.8669,-12.008,1.8866,5.5824,-2.3528
16.192,-25.009,14.99,-18.217,4.7402,-20.286,-7.6386,-8.2777,-2.1581,-3.0351,3.6316,5.5936,5.0325,37.469,27.699,26.975,7.7368,28.041,50.87,-3.7358,-18.73,5.4761,9.8777,-14.524,3.3804,-3.9313,-1.3018,3.4125,9.9617,22.918,32.912,10.889,-6.5269,5.8624,1.5231,3.4816
16.446,-18.069,21.337,-21.636,-0.52392,-17.066,4.1817,-4.0953,-1.7924,0.66928,13.179,13.075,9.6171,25.303,20.79,28.821,27.159,40.417,54.766,-7.5144,-50.848,-2.7356,21.103,1.0269,0.9474,-16.639,-15.342,-1.7553,5.2951,8.0682,7.7702,7.7847,2.3007,0.33521,-9.0896,-1.1819
18.974,-19.174,20.929,-12.973,4.4885,-7.3664,16.897,-13.759,-16.864,-1.0219,6.1576,9.2666,4.8243,-21.655,-19.716,19.959,27.149,48.591,50.868,15.976,-30.77,-20.148,-4.8945,-9.4503,-0.8107,-14.583,-13.596,-9.477,-7.3232,-12.105,-16.304,7.2573,14.984,-7.8018,-14.398,-5.7299
20.742,-23.334,16.588,-7.8935,15.057,-6.137,7.6912,-11.486,-20.488,-12.905,6.0439,8.3752,4.0502,-26.654,-33.759,9.3417,12.053,21.884,19.549,15.07,-0.1156,-22.503,-38.503,-30.478,-2.1889,-2.8573,-1.9878,-11.544,-21.161,-22.912,-18.611,1.7001,16.843,-1.7372,-13.314,-2.9905
16.456,-33.204,7.5065,-15.109,10.525,-1.4553,16.041,3.4059,-8.1957,-6.3216,4.7519,3.2183,3.7625,-9.4673,-13.005,-10.671,-21.326,-23.217,-13.043,21.258,30.825,-23.649,-32.311,-27.422,-1.3456,10.176,12.764,-6.6375,-16.489,-20.49,-16.3,-5.9138,2.7186,2.2334,0.23491,9.582
19.73,-24.381,11.169,-15.897,2.4844,-9.0797,14.385,-5.1425,-6.1842,-7.9325,-5.3695,0.86018,-0.79652,4.9225,7.4954,-13.585,-54.41,-38.237,-6.3346,-1.6549,2.569,-9.6709,-31.759,-4.94,-2.0738,6.8495,13.284,-1.6591,-2.731,-3.0418,-4.7295,-0.77465,-1.8456,6.6509,15.446,16.375
21.362,-23.385,17.136,-14.307,0.11185,-17.504,7.029,-6.3014,-8.6029,-15.333,-4.291,-0.6866,0.51964,13.438,23.478,-1.7652,-22.067,-23.798,-17.692,-5.2304,-18.52,-15.397,-7.0916,25.691,-2.0511,0.83129,2.7572,-0.9166,8.0959,7.8989,1.8804,-2.4368,2.5133,10.695,13.479,11.586
17.891,-25.782,15.521,-15.087,-6.9417,-17.231,9.0298,-7.4603,-18.999,-13.235,-5.3143,7.8577,-4.6973,-3.8587,14.418,-3.4065,-1.2317,6.9651,-1.7738,24.441,15.329,6.6251,26.118,24.842,-0.8739,-2.4953,-5.0531,-1.8361,15.548,9.1486,0.86154,-2.9946,12.28,8.6519,3.1431,-2.5977
17.635,-25.784,17.069,-16.396,4.2042,-9.2787,9.8721,1.9496,-11.048,-11.369,1.1785,12.565,-4.5425,-0.92024,-2.6808,-20.343,-7.4349,-6.324,-5.9215,-3.9736,37.012,21.68,6.1463,15.619,-2.1426,-3.9603,-6.3292,1.414,9.3055,4.4418,2.1075,-8.211,4.8596,8.4193,-4.7172,-10.394
19.245,-25.11,18.411,-16.556,-0.17761,-9.7097,12.076,2.9525,2.7026,-6.6021,4.9546,6.6552,-2.635,-0.37454,-4.6905,-13.477,16.013,-1.2313,-7.9122,-17.256,36.201,15.05,-22.663,-12.892,-1.2988,-0.41445,-0.34757,8.9388,9.933,4.8357,4.1516,-8.8518,-14.422,1.8152,-2.2919,-6.3666
18.413,-24.181,14.351,-23.744,-6.9877,-24.427,2.5451,-13.495,-0.9482,-7.8093,-6.3523,7.7241,-11.224,-8.1056,1.3862,10.34,15.838,2.509,-4.0853,-25.437,-4.658,22.488,-6.2873,-7.4118,0.6844,0.79391,6.4447,15.428,12.214,10.156,6.0718,5.2157,-20.691,-5.6876,11.683,1.1464
16.184,-26.771,14.535,-18.152,6.6607,-10.273,8.7371,-8.3663,-5.9487,-7.4899,-12.88,3.8319,-7.8503,-2.3383,10.647,25.946,36.797,26.727,18.066,-9.0864,-35.946,15.298,20.875,4.5238,2.6184,3.2332,6.3039,6.6168,-2.0856,-2.1743,-0.86415,9.1613,-12.728,-10.067,13.538,10.313
13.553,-29.006,19.7,-10.428,8.7042,-7.7426,9.499,-5.1095,-9.0513,0.31919,6.9523,10.271,1.4872,4.0312,21.874,37.086,43.243,30.477,11.448,18.02,-30.371,-6.8816,42.793,12.643,4.0907,5.4258,0.27722,-9.0561,-10.781,-12.794,-4.7977,10.326,4.5311,-11.317,-3.6352,7.4174
17.75,-23.867,21.06,-10.241,10.375,-4.6881,17.632,-5.7833,-11.219,-3.0175,8.7397,7.6438,4.1014,9.7231,16.585,6.2339,-8.1172,-26.087,-20,6.822,-14.582,-20.598,20.489,28.646,1.6481,0.66354,-6.0183,-16.954,-17.737,-17.347,-8.8175,6.8997,15.4,-1.0279,-11.969,2.9265
18.374,-23.617,22.026,-9.1564,12.777,-11.98,3.8217,-5.776,-13.498,-13.486,4.2343,12.14,3.2534,12.993,-0.19688,-25.085,-15.609,-35.053,-9.0409,18.237,7.3154,-16.148,-24.27,17.614,-0.93345,-4.7534,-10.382,-16.585,-11.529,-6.6539,1.4825,1.5333,10.627,6.135,-10.792,-4.6091
15.824,-24.604,21.665,-15.671,0.56578,-21.198,1.5759,-4.622,-11.016,-10.886,-1.277,17.221,-0.49307,-3.5015,-8.4094,-27.741,-22.463,-27.242,-15.777,25.304,22.209,14.791,-5.4386,16.67,-0.79468,-7.6784,-8.2683,-5.2149,6.3171,13.469,10.21,1.8878,0.43213,3.0156,1.2258,-9.7845
16.143,-22.141,19.299,-20.256,5.8045,-17.014,13.007,3.4284,-5.4949,-3.8207,-0.1743,14.29,-0.8828,-13.124,-17.537,-28.854,-7.2266,-2.2145,16.749,16.446,4.3681,6.0989,1.7962,-4.4147,0.6202,-5.6974,-2.4536,7.1406,7.1033,18.723,5.8591,-4.5443,-7.0494,0.241,12.497,-10.347
18.619,-26.356,18.218,-18.561,2.6298,-15.792,5.1514,2.2665,-4.1158,-0.45472,8.2248,14.904,2.1961,-15.611,-16.086,-17.956,19.277,24.84,18.153,17.156,-10.948,-16.643,13.585,-9.2621,1.252,1.2137,1.6104,13.521,5.2487,16.457,5.3479,-7.7006,-6.9092,-1.6336,4.7923,-10.034
16.535,-29.304,14.98,-22.138,8.1316,-15.79,10.409,-0.99742,-14.765,-15.653,0.38151,11.09,5.0098,-9.4396,-8.6266,5.7263,-0.962,32.522,3.2898,-0.41054,-11.353,0.77391,28.706,-21.153,0.84912,3.9432,4.4729,15.001,0.28843,9.0038,-0.22668,-6.5045,1.1494,4.1709,-1.2064,-1.9026
16.726,-28.828,15.781,-23.707,9.0408,-9.3894,11.951,6.1691,-11.855,-13.292,5.2373,14.189,2.8205,0.725,-4.8127,22.577,0.64866,37.672,17.692,-4.7713,-4.4758,9.2859,5.0685,-25.129,-1.7523,3.026,2.6732,7.6886,-4.2453,-4.6436,-0.71214,-5.1643,0.69217,4.282,-6.0557,7.4209
19.594,-25.625,16.204,-14.819,2.1179,-3.9546,11.252,1.2718,-7.3017,2.9849,15.672,4.0708,3.0506,-1.5755,-0.8096,25.883,3.5298,36.388,15.846,-5.1131,6.8792,13.989,0.022291,-5.9943,-3.1756,1.047,1.8356,-2.1954,0.96462,-15.889,-2.2357,2.6458,-2.7866,-5.0507,-10.368,14.598
18.5,-27.832,15.2,-10.932,5.9609,-2.8739,13.576,-1.2538,-10.085,-5.1305,3.1137,5.8494,-5.5861,-4.4129,-6.6286,10.408,-4.1954,-0.31076,8.3139,-6.3137,-16.603,-1.8406,-2.3522,20.263,-2.3216,1.5102,0.67209,-11.601,0.71232,-21.35,-8.3406,4.8898,-0.51001,-1.6004,-5.7272,11.248
17.174,-30.589,14.866,-15.584,11.436,-0.85392,17.519,0.15747,-12.21,-12.739,1.4545,12.263,-6.6648,-1.6359,1.4593,0.83317,6.2831,-27.929,-3.1993,13.59,-19.223,-18.916,-19.424,29.143,-0.15731,5.0117,0.28911,-13.058,-3.5204,-14.611,-6.5251,1.1651,3.6415,6.986,-3.9422,-3.0556
15.143,-28.552,13.136,-18.121,2.2839,-11.095,12.974,3.5694,-17.703,-6.3503,11.17,20.224,-3.9297,8.3064,-2.5867,-22.904,2.8336,-36.919,-14.488,10.326,6.025,17.737,-13.844,13.541,3.108,5.078,1.9825,-9.494,-4.6982,4.5616,0.065053,-3.6001,8.4045,8.3327,-4.5472,-18.712
17.94,-26.083,17.966,-10.808,7.098,-13.809,9.9527,5.6551,-13.104,-5.8633,1.9321,11.455,1.4358,17.124,-1.385,-22.753,-17.587,-18.362,-5.3787,-7.6074,13.773,39.13,-13.943,-17.911,2.9569,2.6944,1.2558,-6.5374,-5.5294,20.363,5.9318,-8.1966,4.6998,2.1585,5.1218,-19.635
16.152,-25.933,12.357,-24.772,9.5469,-14.856,10.115,1.1605,-6.6255,0.30003,-4.0473,13.024,5.9037,11.597,4.7059,-25.268,-15.751,17.714,9.7289,-13.716,8.9218,10.8,-27.829,-49.77,1.888,-1.2907,1.7653,2.4112,-0.65459,16.802,1.8425,-2.4872,-0.91239,-15.565,9.9839,-10.99
17.387,-23.337,14.563,-23.635,-0.98844,-8.1545,16.259,-2.4418,-10.862,3.5011,2.0918,6.908,3.2029,10.191,4.0921,-30.672,-12.072,46.568,14.351,-15.372,2.8281,-4.6554,13.177,-37.378,0.13471,-3.4447,0.31393,5.8051,7.2989,-1.6354,-8.3319,3.1107,-0.50516,-19.767,8.7083,5.7491
18.372,-24.126,17.19,-24.342,-1.5485,-5.0652,14.686,0.75991,-14.363,-5.6327,-2.8242,-2.387,4.6269,5.3194,3.5015,-6.8887,-3.1969,14.628,-15.14,1.7726,6.9353,-38.195,22.515,-31.677,-1.4746,-2.5013,-2.8083,8.4106,7.1798,-20.521,-18.327,1.0009,1.3564,-5.6131,6.776,18.208
18.432,-21.89,17.595,-26.359,6.6099,4.5803,14.843,-1.8306,-7.8217,-5.2246,7.9092,0.47133,2.7477,3.0389,0.78686,-2.9171,12.631,-24.996,-34.603,0.20175,12.24,-35.207,4.4271,1.7882,-1.938,-2.3014,-1.8078,11.841,2.671,-23.217,-12.774,-3.0126,1.6612,12.386,-1.0922,15.901
17.943,-23.996,12.591,-26.854,4.1493,-13.909,3.2533,1.7412,-4.6782,-14.435,4.3014,0.40367,-1.2415,2.6668,-7.6829,2.9073,7.7967,-49.111,-57.428,-16.498,10.998,-1.9899,10.426,21.687,-2.8507,-1.6994,1.8484,11.541,0.99397,-2.2068,6.6892,-4.2951,-0.94772,26.318,3.5946,11.091
18.975,-21.883,17.256,-23.837,2.478,-16.231,4.6738,-2.8315,-9.5846,-9.7017,0.74257,6.4067,-3.5527,0.0097957,0.64528,23.636,-4.2133,-37.647,-28.375,-21.3,9.1031,39.17,13.76,15.446,-2.7367,-3.2805,3.2323,11.1,1.793,15.895,22.557,2.8605,1.6987,21.474,5.1376,2.0784
17.479,-22.797,13.518,-24.15,4.4158,-19.215,-8.9437,-6.9888,-7.9824,-4.3892,5.9723,5.489,-6.4763,-1.6629,12.814,37.54,10.195,9.9197,15.191,-8.9521,3.7651,56.209,35.821,16.951,-0.59934,-5.1291,5.1916,7.7724,4.0767,21.303,32.653,10.997,0.2807,-3.0319,-5.405,0.53952
16.888,-22.485,17.454,-15.894,4.37,-11.59,6.7542,-8.1154,-1.618,9.3375,13.954,5.6518,-8.3184,-11.199,6.6996,35.268,20.397,24.961,41.87,10.731,24.35,43.066,17.418,14.549,2.309,-2.8814,1.6424,-4.2603,1.8771,10.568,16.4,12.043,-7.0186,-27.922,-14.428,2.2567
15.749,-24.527,18.899,-12.056,8.3008,-11.27,9.8086,-0.092916,-6.7789,4.1501,15.606,9.2566,-1.8554,-17.375,15.248,35.953,15.875,26.102,70.716,22.472,4.7779,-19.098,-18.427,24.834,5.1929,2.8057,-2.2044,-15.669,-8.4454,-5.1522,-5.3691,3.1963,-8.9004,-24.39,-11.859,-2.6586
15.681,-26.617,17.915,-12.25,10.734,-7.7227,16.232,-0.91387,1.9885,7.5616,4.6344,11.797,5.6819,-6.5414,7.6403,3.1276,2.332,7.1021,25.86,23.201,-26.496,-62.789,-31.254,22.788,5.1252,7.5671,-3.2307,-17.977,-12.766,-12.835,-20.179,-3.2611,-7.6287,-5.5248,1.4273,-7.5664
17.155,-29.418,20.912,-7.9947,9.1716,-8.0977,21.675,0.64667,-7.3967,-13.05,1.4184,14.833,12.488,10.037,1.3221,-24.732,-23,-6.9116,-3.6498,0.79465,-15.314,-12.812,0.86337,-0.46195,1.2476,7.2256,-7.1782,-15.863,-13.41,-13.964,-21.661,-3.767,3.5072,15.645,7.8184,-11.233
19.026,-23.31,20.268,-16.36,5.1006,-9.6249,13.751,3.1152,-14.557,-13.457,5.4208,14.258,10.136,12.931,-2.4908,-24.275,-23.998,-22.708,-21.841,5.2644,-3.748,12.299,14.909,-10.635,-3.0854,0.89187,-5.8114,-4.074,-7.3246,-6.5166,-4.9905,-2.1488,11.211,14.16,-0.91841,-10.158
20.321,-21.162,18.384,-22.367,-0.38255,-13.774,9.2244,-1.7101,-6.1631,8.2534,15.645,7.7954,2.1554,9.0174,-15.578,-29.659,-38.012,-28.815,-13.737,12.606,10.94,21.582,-2.4167,-14.619,-4.9579,-3.2157,0.29662,8.3714,7.1076,5.7494,8.1009,1.3412,3.8606,-6.6778,-13.421,-3.0977
19.166,-24.28,17.934,-17.202,3.5119,-16.238,11.537,2.8967,-0.50233,3.0594,4.9757,9.9984,-4.5787,-1.5722,-12.967,-14.779,-26.785,-14.529,5.9515,6.5515,16.434,-9.1886,-34.206,-20.925,-2.3849,-1.8717,3.5207,10.536,13.857,15.787,9.8169,-6.4771,-4.4193,-5.5289,-6.7292,2.2156
18.162,-24.425,14.29,-22.403,-9.04,-19.198,15.914,7.0587,-8.9544,-10.517,0.43255,9.6533,-4.9442,1.2099,8.0431,12.377,13.932,17.746,22.958,6.857,-6.1017,-35.457,-41.686,-10.806,1.8927,0.28375,6.3391,11.122,15.987,14.916,-0.28317,-14.168,-5.4569,5.1793,7.5805,7.973
17.816,-22.465,15.832,-23.732,-3.963,-14.177,13.382,2.0066,-4.9448,-8.6663,-4.0762,2.8664,1.7614,7.4763,3.3021,7.3881,19.314,32.947,8.8957,-24.247,-17.324,13.174,0.89725,-1.464,2.9841,-0.69977,2.5552,5.1478,4.7783,2.8058,-6.9593,-11.096,-4.4558,9.2688,16.284,10.439
18.524,-21.464,23.457,-12.913,10.321,-5.9318,19.781,2.1634,-6.9927,-3.6124,-0.67225,5.9584,8.4491,5.9118,7.9832,14.869,18.875,22.029,-16.625,-42.836,0.53389,36.297,17.934,15.516,0.84272,-3.8399,-3.9261,-4.1669,-8.785,-7.9646,-7.9954,-3.3928,0.94878,-0.29473,6.719,-2.7729
19.866,-22.022,15.002,-18.253,3.4884,-6.3982,14.051,-6.7791,-10.145,6.1943,5.9767,11.114,3.645,-7.4221,-0.1606,9.7133,-5.3651,-2.6418,-9.0533,-24.084,-9.1634,1.2783,17.403,18.111,-1.6099,-4.2255,-1.4725,-3.2889,-7.5888,-8.0975,0.30216,10.204,4.0188,-16.097,-9.2291,-14.852
21.361,-21.69,18.697,-17.709,-3.328,-12.073,7.2664,-9.9665,-6.0874,0.20134,4.3731,13.288,-1.6725,-10.541,-9.8557,-9.6205,-17.654,-4.2826,-8.0443,-10.189,-5.4379,-30.983,-16.344,-34.458,-2.2083,1.1629,2.6443,-1.6666,-0.67215,-4.3441,6.9969,15.117,2.1148,-12.485,-10.087,-14.13
18.219,-26.063,18.131,-16.477,0.17883,-12.428,15.113,-3.9704,-9.9792,-9.934,2.1025,8.2573,-1.2274,-5.4252,4.8592,3.1884,-0.36536,5.6153,6.116,10.447,5.7561,-33.673,-28.11,-50.737,0.66657,8.6347,7.0707,1.2546,5.474,-1.4715,2.8145,9.5406,6.2308,5.0404,-1.518,0.40024
18.511,-24.714,16.964,-18.611,3.1486,-5.0584,15.228,-4.3352,-9.7945,-11.04,-6.907,-9.8425,-0.15629,10.728,18.695,9.7983,13.015,-3.8198,10.774,15.484,3.648,-8.6514,-9.7464,-20.708,0.011418,7.3548,6.1174,2.8352,6.9613,-3.2278,-4.2933,2.1734,3.8955,15.358,9.1802,21.393
20.678,-23.223,18.298,-16.207,0.067413,-7.0981,13.129,-4.3711,-5.4134,-5.0217,-2.438,-2.6895,6.2198,25.117,20.917,6.277,6.6704,-10.231,-4.3903,10.783,17.448,15.315,6.5141,13.237,-0.30787,1.4049,-1.4128,-1.5526,2.6408,-0.58167,-10.933,-5.6555,-2.9399,15.122,9.1775,16.375
20.054,-17.746,27.961,-12.945,3.235,-16.648,13.646,-2.0243,-6.5463,-6.5805,1.7702,8.4072,-5.339,10.962,12.702,3.0112,13.635,-12.499,-24.257,0.5107,8.1939,21.316,12.245,40.519,0.24508,-6.8456,-7.1359,-1.1553,-5.6632,3.7232,-13.035,-9.9402,-7.2786,7.0909,3.6048,-0.48879
20.558,-16.988,23.091,-16.172,3.4708,-11.748,13.709,0.2658,-2.8795,-4.5061,1.021,5.7509,-0.17537,1.482,0.79186,-1.1811,12.529,7.0463,-31.033,-10.344,-11.216,26.954,6.7819,0.52672,-0.35199,-8.33,-3.0896,3.4621,-10.762,-1.2598,-9.8994,-7.1803,-10.206,-7.4154,-1.1515,-10.788
15.901,-22.35,20.918,-17.123,8.2643,-8.9828,2.8092,-6.3983,-6.9645,-0.63949,-2.5138,6.1967,4.2667,-11.682,-6.9219,7.7509,-18.231,6.1576,-41.081,-23.654,-18.413,20.983,8.1439,-16.797,0.53391,-3.1487,1.0561,2.7183,-9.9194,-6.3815,5.0236,2.5967,-2.4794,-15.813,-1.0918,-8.2395
22.666,-20.18,22.215,-14.709,3.8172,-7.4076,3.0305,-7.356,-10.812,5.4846,3.0949,-1.3209,-0.34301,-5.2105,15.281,21.218,-31.207,-25.857,-45.476,-13.036,-20.281,-21.596,2.8074,-12.046,-2.5411,-1.6574,0.039003,-1.8202,0.66429,-10.26,16.413,11.003,6.5655,-16.108,0.20763,10.755
21.133,-21.992,24.938,-9.8009,-6.0535,-15.739,-1.5553,-10.04,-11.786,-1.0842,4.8052,3.5448,-2.5856,-1.4349,10.738,5.4033,-14.094,-27.954,8.082,14.84,0.32915,-33.477,8.7738,5.6076,-1.7829,-0.96464,-5.2142,-9.1569,14.559,-0.84739,17.171,11.893,9.785,-1.5089,2.1531,13.769
17.77,-19.773,28.722,-9.2243,-4.9737,-21.298,-6.8465,-4.4312,-10.609,-15.082,-1.2348,1.0538,-9.4549,-11.929,-7.843,-9.1084,13.782,-27.197,26.453,25.426,12.24,-26.355,7.5051,43.099,1.0591,-2.9324,-11.79,-11.357,14.684,12.202,10.521,-0.0043055,5.7975,11.616,0.34699,3.0171
17.057,-23.271,23.034,-17.163,5.6125,-16.014,11.789,-0.44049,-6.9018,-7.0946,4.038,7.8131,-0.092012,-13.146,-21.431,-22.87,32.072,2.5903,8.8098,16.581,14.251,15.819,16.561,24.475,2.1154,-1.0976,-7.9908,-5.9447,0.20501,12.277,-9.6124,-12.103,-3.369,8.4812,-9.9892,-11.482
19.977,-25.505,19.246,-15.581,4.8752,-20.869,9.5849,0.55703,-7.1348,-4.6877,7.2311,18.094,3.7058,-14.017,-27.585,-21.429,19.128,19.88,6.7638,-13.928,1.746,11.834,0.64901,-6.394,1.2892,1.9819,-1.3052,-1.4917,-12.356,8.7588,-9.5166,-10.279,2.4411,5.3813,-15.797,-23.927
19.984,-25.699,18.961,-18.058,5.058,-14.659,-5.3662,-4.244,-6.3977,1.6281,8.8525,7.2621,1.4112,-5.8789,-19.345,-18.16,-15.742,9.891,-30.136,-25.999,-11.269,-10.165,-37.744,-27.055,-1.3905,1.9572,0.91949,4.8745,-9.6112,5.2826,13.286,6.0472,8.6249,-0.34615,-11.364,-16.311
18.159,-25.567,16.966,-19.492,4.8678,-12.036,5.1128,-9.4934,-9.9879,-13.526,-3.3176,-1.8677,-3.7603,-5.6529,-15.412,-18.922,-24.089,12.947,-1.6575,-4.6793,37.206,13.543,-44.328,-50.773,-0.73003,3.5451,3.7889,9.7619,1.8611,7.54,21.97,16.813,11.398,4.5586,2.5287,-3.7216
18.671,-26.179,14.501,-24.288,-2.255,-15.485,-1.0431,-8.4149,-11.11,-7.758,-9.5598,4.2667,-3.3114,-7.5424,-22.92,0.24879,5.625,32.47,79.451,42.192,39.646,13.233,-17.77,-34.891,-0.087331,5.6628,7.9792,12.793,12.825,9.5812,26.864,11.572,1.5229,-1.3227,9.4174,7.4916
18.753,-28.091,13.77,-21.927,-3.513,-13.982,6.5947,0.30282,13.824,6.7769,-5.7267,-5.7944,2.417,4.5402,-6.8533,18.176,17.75,46.29,61.822,36.043,33.278,22.928,3.3053,-21.084,1.4135,8.1585,12.259,10.012,10.877,1.3814,5.425,-3.4719,-20.902,-12.619,6.016,19.379
18.031,-28.208,9.0984,-16.715,12.061,2.5486,33.618,11.954,1.5195,-1.9068,1.172,-8.22,-2.1141,17.338,16.272,27.256,27.463,41.125,72.443,11.5,-1.691,-21.471,-14.474,-4.4412,1.3079,4.5381,13.633,1.7852,-3.9926,-17.037,-25.521,-18.193,-22.753,-7.1639,2.7215,20.173
19.688,-22.283,16.24,-14.19,6.5849,2.0921,18.693,-1.6566,0.33672,-4.988,-7.0308,-6.1664,2.7086,22.699,26.289,17.634,19.376,15.526,28.971,-6.6923,-46.638,-32.2,-15.896,30.895,-0.095748,-4.7262,5.1794,-5.2883,-13.767,-26.17,-31.983,-15.141,-16.026,0.15125,11.207,12.634
17.147,-20.414,21.402,-14.529,6.4275,-2.9598,29.129,-1.6853,-5.2116,-12.611,-16.145,2.2322,3.0824,6.0685,28.672,9.446,-15.151,-37.331,-31.728,-27.404,-34.159,4.9778,5.4382,39.983,-0.34376,-12.37,-4.9333,-7.334,-14.884,-21.457,-36.773,-9.793,-1.1079,9.5068,23.962,-0.22543
20.55,-20.638,20.763,-14.203,8.9916,-3.4649,23.325,3.7763,-6.1294,-3.9711,-5.0163,4.4273,-0.66002,-13.456,12.844,0.63946,-29.778,-45.331,-46.005,-20.212,-30.618,10.46,49.384,19.875,-2.6392,-10.637,-9.6548,-4.6431,-3.7851,-9.0397,-16.468,-2.5191,12.407,7.7767,16.784,-5.487
19.141,-25.996,21.173,-11.986,3.282,-13.338,15.439,-4.4646,-12.327,0.073768,2.8838,6.4744,-2.1486,-26.433,-1.6722,-0.91667,-22.382,-35.732,-73.934,-30.705,-15.24,4.733,72.695,-0.057963,-1.3461,-0.25797,-9.8872,-2.6794,13.392,7.3341,11.174,10.452,12.358,0.71945,-2.2216,-1.3513
18.361,-26.219,22.777,-15.142,-6.7315,-15.384,2.5363,-10.373,-11.415,-6.1007,8.1468,1.6498,-7.8718,-14.237,-6.8131,-0.40001,4.0657,-30.472,-32.264,-17.637,5.9351,6.8055,34.394,23.481,1.6678,8.7085,-4.2681,3.2617,19.484,14.169,26.473,22.084,14.986,1.1001,-21.323,0.96872
17.167,-30.84,19.559,-14.518,3.0981,-14.866,2.5564,-9.9633,-10.189,-9.1799,13.621,3.5919,-0.04238,5.1696,-10.936,-3.4314,34.888,-8.0902,17.274,23.569,9.3541,10.402,1.8253,31.423,4.0802,11.336,-0.031945,4.4682,8.0243,15.114,25.36,25.22,12.7,3.0338,-24.631,-2.7435
17.601,-25.335,18.163,-13.137,11.116,-17.937,13.634,-2.293,-4.2309,4.0585,6.8117,17.609,6.626,14.285,-3.8648,18.205,39.007,11.695,40.757,63.07,32.017,13.126,-21.799,8.978,3.7821,3.335,0.29216,-1.5554,-11.742,11.955,2.8867,13.743,5.4378,-3.6367,-12.111,-18.631
19.5,-23.854,18.012,-14.704,11.802,-16.107,18.527,3.2798,-11.242,0.19526,4.464,14.206,11.004,15.988,-3.3061,12.122,0.26886,18.754,16.357,55.041,35.219,16.742,-22.362,-6.5239,0.64538,-1.486,3.0876,-6.5235,-22.3,0.22435,-12.475,-5.8233,-1.8238,-8.1237,-0.83592,-20.331
20.507,-22.57,21.618,-5.9465,8.4199,-8.9166,14.93,14.541,5.1201,-4.2254,1.8262,0.8317,5.5159,-2.9715,-9.1673,-15.954,-37.335,15.881,-17.372,35.34,20.191,-14.548,-14.066,-50.699,-2.5479,-1.4828,6.0822,-10.626,-16.504,-11.051,-11.507,-21.015,-15.293,-8.7447,7.2948,-10.65
21.216,-24.229,16.179,-12.052,4.5808,-9.9995,10.087,9.1403,2.7452,3.3329,4.9331,8.7186,3.7396,6.3679,7.1532,-18.969,-38.441,-9.0617,-16.034,8.3177,6.1478,-16.38,-6.2208,-40.396,-3.8612,0.35823,10.988,-1.5177,-0.41177,-12.536,2.9033,-18.009,-11.096,-4.0026,6.091,-0.19725
19.501,-26.633,14.496,-22.44,-3.9403,-13.05,9.1679,12.447,-1.1288,-4.7841,-0.45559,-4.9969,-2.4816,11.681,21.317,-19.378,-24.156,-29.654,-0.58114,-18.641,-29.914,-14.037,6.6047,-27.334,-2.7184,-0.1255,6.1792,8.0192,15.171,-7.2827,7.8443,-11.821,-0.86102,5.6166,0.87598,17.318
21.873,-18.638,25.149,-15.942,-1.238,-18.571,13.391,8.4856,-5.0436,-7.7154,2.4945,-3.0776,-4.3038,10.452,36.392,6.2455,-8.3794,-21.161,22.478,-8.014,4.7934,-3.5264,-2.242,-19.193,-2.151,-7.3168,-7.2965,5.1414,19.556,8.1652,1.9844,-5.6378,2.1804,3.1967,-8.3257,15.536
18.938,-19.525,27.791,-13.69,-0.74875,-19.458,12.987,5.5472,-5.9427,-5.7197,6.3478,-6.9374,-4.0542,-5.6413,7.1095,11.535,23.487,-14.483,2.5938,-15.599,16.564,7.1085,-11.675,25.291,-0.36011,-9.2403,-17.058,0.12333,12.209,16.851,-1.7651,0.94618,3.9351,2.3539,-8.5652,8.8967
19.345,-22.557,27.727,-13.304,-1.2047,-17.376,19.416,8.5829,7.5488,2.0375,0.41036,0.092577,-6.229,-21.555,-22.226,-8.7185,35.519,24.179,-7.6992,-21.392,-6.1893,-10.969,-38.709,10.969,0.3261,-5.2765,-17.689,-4.5334,-0.86093,16.32,-3.4037,-0.38966,-7.7356,-0.077675,5.1879,2.9112
18.738,-27.494,16.762,-17.991,7.7867,-20.889,7.4522,4.5982,0.85671,-6.1064,-5.2511,6.0634,-3.3195,-18.517,-34.665,-11.279,14.942,31.933,5.6819,-7.2213,-4.7475,1.4542,-17.988,2.0679,2.2762,2.8481,-6.3107,-2.3999,-16.207,3.5339,0.76704,2.9111,-9.9649,1.2111,16.503,-0.90599
18.858,-25.431,19.55,-18.151,12.254,-5.7659,12.309,-1.736,-11.538,-13.007,-11.061,-4.0932,-3.0406,-9.492,-31.167,-5.0148,-8.4112,37.229,3.9151,-14.151,-23.229,-1.0876,26.854,6.9749,3.191,6.6743,1.1952,1.3479,-17.435,-17.564,-1.6157,4.9736,-0.64722,5.5867,15.558,9.1954
17.522,-27.346,14.547,-16.907,-0.0072535,-9.2963,19.382,7.096,1.227,2.5295,3.0895,-3.8105,5.7324,2.5677,-19.973,-2.3168,-35.583,-3.3385,0.62183,-4.6644,-24.741,8.2233,38.057,22.758,2.1284,5.6956,8.9276,1.2697,-2.9501,-21.36,-7.0742,0.75605,2.7569,1.9336,-4.4341,10.839
18.433,-27.377,13.251,-16.354,-1.5133,-4.5581,15.409,0.25835,-4.2508,-2.8242,9.6669,8.517,5.1998,1.2743,-23.596,-6.4598,-26.394,-46.004,-13.248,2.1972,0.57143,13.58,11.058,46.601,0.33622,2.2417,11.729,1.6358,8.9991,-13.465,-5.9366,-1.4021,6.0169,3.4677,-17.304,-0.75599
21.816,-25.238,9.9249,-20.048,-3.121,-23.162,6.213,1.2688,-15.157,-7.0859,3.4135,11.137,3.2024,4.5778,6.187,-4.2078,9.1821,-33.25,-21.107,-11.615,-2.8629,3.7888,-32.26,36.451,-2.7004,-0.75704,12.286,5.6983,14.873,10.248,-0.94504,-5.9587,4.8001,1.5274,-13.021,-16.892
19.311,-25.848,10.063,-19.81,0.61385,-21.835,12.269,2.2762,-3.06,-1.4092,-5.6936,11.733,-0.094568,0.71141,14.398,4.1098,14.202,-15.139,-14.903,-17.686,-4.0835,18.468,-24.508,-3.6516,-1.8768,-0.7808,10.448,7.5865,5.8962,19.449,1.1029,-4.5967,-4.8346,-5.8983,-3.6927,-30.005
18.684,-25.822,19.234,-17.283,3.5202,-17.283,10.398,0.27948,-0.79986,3.7164,-5.3604,12.807,-5.1225,-0.93602,22.459,20.89,18.483,32.471,-3.2758,-24.516,1.5867,13.416,-9.2667,-36.574,-1.8207,-1.3324,-1.5908,4.665,-0.90249,14.144,4.0134,2.2699,-4.8361,-8.8732,-0.40783,-23.568
19.952,-26.729,15.796,-15.682,2.267,-15.067,5.8649,-8.09,-13.471,1.0086,1.7998,5.8564,-0.021587,0.12728,20.507,18.924,-1.563,18.382,-16.649,-14.336,-25.826,-20.725,-18.902,-66.913,-2.1625,-1.0403,-5.8895,3.608,2.3067,6.3618,7.4111,7.2782,4.17,-7.9989,-2.1934,-2.3677
18.935,-25.265,18.288,-11.667,5.294,-10.31,7.7772,-5.8062,-9.1585,-1.5868,-4.9666,-4.2113,-5.9375,-1.7921,-4.8211,11.71,12.552,20.71,-0.1674,-1.9407,-16.172,-20.98,-37.102,-49.759,-0.89947,-0.53496,-8.2612,0.049851,3.3366,-3.9537,4.3607,6.9872,7.2007,-5.5393,-0.36955,18.011
19.175,-26.063,20.79,-13.156,-1.0546,-16.13,5.2547,-1.8489,-11.794,-9.1204,-15.342,-13.214,-10.5,-4.0621,-1.4096,26.74,28.701,22.55,20.598,7.4171,25.646,-4.3284,-21.557,-8.8978,0.78723,1.6333,-5.7402,-3.4127,5.0947,-2.2415,-0.23032,-0.66552,7.4419,0.97842,10.059,30.244
16.104,-27.051,14.326,-12.691,11.457,-6.3965,10.619,-3.8114,-9.7245,-1.7093,-15.341,-2.5375,-4.3808,-1.5161,-7.8891,17.231,20.035,10.619,-0.095971,-0.45688,11.854,-22.479,-9.7869,24.471,4.7005,4.2375,1.4364,-10.459,-5.8981,-8.7311,-6.0164,-0.42767,0.40775,-0.26761,16.656,23.001
16.118,-27.867,17.072,-1.8002,13.536,-5.7493,14.743,-5.3789,-0.36542,-1.0943,-3.7917,0.57062,3.1362,8.156,-6.6606,-0.90015,20.169,12.22,-17.837,-18.405,-2.6299,-15.084,17.734,47.195,4.9069,3.8831,3.8324,-21.537,-14.453,-12.67,-2.7034,7.6004,-5.0098,4.0738,12.76,10.501
18.273,-25.121,16.203,-8.7293,8.0161,-10.191,2.985,-4.2696,-8.9455,-16.839,-15.635,1.1321,10.747,13.286,4.9866,-26.763,-12.673,-17.78,-11.032,8.8322,0.0046514,-16.94,26.531,37.2,1.7265,-0.84817,4.4446,-16.742,-13.83,-8.4181,13.217,15.389,4.8233,12.692,4.6527,-2.6372
19.658,-22.95,16.521,-15.586,10.751,-8.1229,0.15353,-10.823,-13.498,-9.0975,-6.3274,8.5486,6.4708,7.9522,11.315,-58.949,-27.209,-26.602,12.549,40.775,6.5217,13.271,24.084,37.244,-1.1155,-5.2565,0.63491,-2.1439,-11.016,0.27276,18.095,12.927,5.2461,5.3709,-8.4781,-14.497
19.707,-22.867,17.095,-19.179,6.5132,-14.1,12.398,3.3265,-3.1558,-6.1779,-0.80754,12.073,2.5842,-5.6551,5.3463,-37.456,-25.425,-12.061,50.795,46.9,31.395,26.802,10.302,16.261,-3.1905,-5.8305,-5.4127,11.479,-0.059377,14.144,4.8735,-6.1976,-2.3501,0.95434,-13.332,-18.084
18.636,-25.018,22.283,-26.05,0.68257,-17.096,16.311,11.21,0.00056018,0.21063,0.83641,13.722,1.6402,-8.6557,-3.6659,-6.273,-28.537,10.724,41.724,27.196,7.9053,-10.101,-16.541,-14.823,-2.4247,-1.5107,-6.261,23.924,9.4169,14.318,-12.958,-22.337,-10.449,-2.5259,-7.429,-18.29
20.076,-26.914,15.995,-22.226,0.33753,-11.735,20.304,8.1638,0.0025582,-8.0921,-14.066,6.6759,-2.7902,-7.5622,-14.587,4.2937,-12.306,34.276,-1.2516,-15.366,-12.438,-0.48266,-19.814,-27.188,-1.8063,4.7674,1.9731,18.528,11.943,5.1729,-19.992,-19.01,-10.379,1.8697,4.7657,-7.0533
20.294,-25.254,15.238,-17.2,-0.42995,-3.9432,17.062,0.35685,-11.125,-13.191,-7.9687,3.8361,-2.9655,1.352,-10.024,39.798,13.316,21.819,-26.217,-39.778,-23.808,14.284,1.9965,-32.481,-0.38067,6.5721,7.7906,5.1114,5.9879,-10.625,-12.559,-6.0417,2.6394,7.657,13.253,6.6248
17.483,-26.53,13.324,-21.457,0.91649,-3.5381,11.397,1.0701,-3.8119,0.28153,-6.3121,3.4221,-4.1444,13.178,18.391,32.151,13.361,8.2561,-15.196,-14.664,-4.6432,23.958,24.862,-10.177,3.2572,6.475,9.1213,-3.2496,-4.24,-17.635,-1.8355,5.5353,9.1083,-2.9898,11.077,13.796
18.45,-24.535,18.606,-6.5352,7.0509,-10.285,7.6563,-5.1317,-9.9965,3.1659,-2.0423,-0.89194,0.41389,13.834,18.798,5.3553,-11.431,-29.389,-14.1,-3.3638,17.205,15.964,27.383,9.7957,3.1094,1.1263,0.5583,-14.916,-7.3845,-8.3246,7.6549,11.25,12.135,-11.328,-1.9163,11.844
18.926,-20.685,23.506,-11.482,3.2777,-4.4363,17.409,3.5761,-2.8832,-4.2915,-4.5985,3.9516,11.806,18.572,16.609,5.2668,-21.133,-28.298,-16.487,-5.8968,12.597,-16.272,22.879,20.651,0.44905,-5.7618,-11.415,-13.357,-0.36439,-0.59409,6.3926,2.838,1.7267,-8.3635,-7.5306,3.3287
19.779,-21.259,19.546,-19.509,-7.3259,-18.188,7.0063,-2.578,-2.9866,-2.9224,4.8662,8.4692,4.6061,4.2867,-6.3415,-21.342,-6.3598,-1.5267,12.703,12.09,28.247,-22.241,-6.5941,11.327,-1.8089,-5.755,-11.719,-6.9898,11.382,9.3523,5.2094,-3.7149,-11.612,1.241,-7.3741,-0.22194
22.721,-18.882,21.158,-12.337,-2.4614,-13.735,3.4778,-3.1552,-1.0183,-4.8101,1.6732,9.0671,-3.9952,-10.857,-26.112,-21.286,9.0038,-8.6454,3.3655,-8.2007,-1.5308,1.2431,4.1974,5.7012,-2.9756,-4.7634,-9.6197,-7.0592,9.1211,2.2607,1.402,-5.4768,-14.427,9.8127,-1.0906,-0.017607
18.855,-23.293,16.61,-16.779,6.7406,-6.3986,20.973,4.2787,3.1945,-7.6955,-8.4752,2.2139,-0.72982,-0.22654,-18.438,-16.317,30.413,7.5468,2.0203,-20.786,-33.79,13.411,-0.14639,16.161,0.60421,0.62419,0.15122,0.72103,-2.5041,-7.8496,-7.8173,-6.3888,-11.623,8.3566,8.5581,0.68604
17.39,-25.096,11.918,-23.491,0.74632,-14.654,12.108,-3.9526,-6.7392,-1.2834,4.1709,9.9299,-0.40393,-2.9889,-25.442,-32.542,6.0869,-21.531,-4.1359,-16.843,-28.52,14.966,14.202,18.146,1.5058,4.0676,9.8538,3.0571,-8.6448,-6.538,-0.71159,7.18,4.2036,-6.9524,-1.5785,-9.6999
22.08,-18.265,14.947,-22.091,6.2765,-13.956,3.7014,-12.572,-17.021,2.02,3.5442,16.118,5.8314,3.4736,-5.9207,-12.109,-17.422,-34.332,-22.632,-15.533,-16.376,12.681,31.194,8.5348,-1.6723,-0.37519,10.849,6.4102,-9.6009,-0.035472,5.4117,14.451,13.613,-17.654,-9.8934,-17.354
20.907,-22.89,9.2688,-25.952,0.81405,-20.722,10.046,-3.1511,-5.1704,-2.185,2.7647,11.188,0.2533,7.6307,16.898,-8.1047,-10.303,-20.396,12.134,25.073,10.78,-33.153,-19.365,-38.985,-2.0066,-0.56821,11.225,13.112,6.1177,16.573,2.5862,5.6148,5.1738,-15.162,-18.682,-11.493
20.013,-22.659,14.974,-21.603,-2.0041,-20.531,10.688,-3.8887,-5.7779,-0.90434,7.8247,5.8522,-9.4201,-7.4123,14.638,3.5155,-9.397,6.8022,20.944,30.51,14.626,-50.798,-32.83,-42.044,-1.3451,-1.1968,2.6438,9.1852,17.512,22.617,0.17708,-3.5626,-2.8612,-0.61217,-15.85,-0.35287
18.551,-19.084,20.354,-27.787,-0.26484,-21.565,14.682,4.2417,-6.9708,-16.398,-7.6519,-4.4298,-2.8109,-0.38698,20.403,25.206,32.663,40.767,-12.993,-11.79,-18.152,-29.107,-47.197,-14.028,2.1392,-1.2446,-4.7696,5.6956,14.934,13.866,-5.3178,-11.885,-6.6804,20.461,7.2856,13.701
18.548,-23.874,16.724,-19.416,2.1175,-10.133,11.855,-1.0141,-8.808,-16.273,-7.6624,2.9051,0.63799,1.4983,5.546,17.161,48.658,48.172,-9.1836,-14.915,-16.216,7.5967,-34.143,-5.7079,2.9214,1.4114,-4.0577,-4.6806,3.0727,-3.368,-3.409,-6.6276,1.2604,22.513,19.815,10.437
20.234,-22.476,18.596,-14.443,15.085,-5.5373,2.9658,-10.484,-12.731,-9.0543,-13.09,5.6473,5.9204,-3.0474,-2.404,13.55,35.338,28.247,0.60862,-11.641,-7.2012,39.957,17.719,11.352,-1.3845,-1.4383,-4.5165,-13.717,-15.184,-15.28,1.9947,5.7625,5.7461,7.1548,26.76,5.621
19.49,-20.214,18.626,-19.695,14.65,-4.458,11.954,-3.9834,-11.005,-0.77771,-6.5274,-2.0402,0.82145,0.97496,5.7526,-14.06,4.6294,-3.778,-2.9021,-2.7031,15.453,27.233,33.788,-2.5507,-4.9451,-4.4006,-3.9635,-9.0015,-17.354,-15.078,-4.4175,7.4474,5.258,-2.3975,20.619,6.1628
21.04,-22.438,18.2,-20.872,11.138,-10.279,14.936,-0.093935,-9.4727,-4.1671,0.64034,3.7191,-9.8253,-7.3169,-2.2829,-27.767,-21.243,-9.658,-6.16,10.916,-5.2557,-3.1514,52.638,12.498,-4.6554,-3.3603,-6.1536,-2.0592,-11.756,-3.7079,-5.7969,4.3924,5.1598,2.7979,9.3059,5.8733
18.556,-23.406,19.797,-23.231,6.4057,-9.6514,4.419,-7.5605,-2.7109,-5.0997,2.3665,2.5939,-16.215,-18.37,-14.332,-7.1876,-9.824,-8.2643,-27.887,11.044,9.1019,17.163,51.494,24.533,0.79756,-1.5652,-6.7077,7.8952,-5.0215,4.499,1.9354,1.1595,5.0915,11.301,3.9591,4.3441
15.788,-24.538,16.869,-26.558,8.5854,-7.7696,3.6534,-3.237,-19.507,-8.469,8.7819,9.5792,-8.8382,-10.176,-23.13,-0.18169,-16.214,11.95,-15.884,3.4478,21.773,58.981,55.396,27.177,6.7003,2.4702,-0.77715,9.4287,-4.8114,0.83906,8.0606,-3.5694,7.3159,6.4399,-8.5426,-8.4253
14.008,-28.349,12.126,-20.446,11.014,-9.8448,3.6525,3.1101,-1.4375,9.9548,15.149,7.2963,4.3157,-5.4214,-17.362,11.624,-22.993,7.9128,11.636,6.8286,27.396,52.673,52.205,11.83,8.9949,5.7099,6.4004,0.35142,-7.3464,-3.4432,13.199,-0.51572,-3.5836,-16.414,-24.973,-16.381
18.894,-25.055,10.471,-22.355,0.72656,-4.2071,7.3779,-3.7053,0.77728,17.796,21.947,14.956,13.411,-1.4403,-4.6535,9.9711,-38.716,-13.551,14.381,-4.8229,22.177,11.293,9.5696,-23.277,4.0801,3.6107,10.218,-2.9013,-2.2247,-8.8897,5.185,1.6404,-12.993,-36.11,-39.078,-18.317
19.161,-25.858,14.315,-19.52,-1.1613,-7.4763,8.375,-3.912,0.84498,8.1039,21.887,5.8203,17.635,5.8113,8.4322,-10.507,-35.305,-12.729,22.978,12.601,-9.018,-41.062,-50.456,-32.146,-1.8023,2.2208,8.3555,-4.9756,4.1591,-4.2754,-4.7029,-1.5672,-12.354,-29.368,-30.954,-6.5605
19.918,-26.504,13.447,-22.035,-4.6847,-15.729,8.4827,-2.1374,-9.5592,-1.897,10.198,-1.3215,4.9027,2.261,15.065,-3.6231,-21.181,-22.177,4.3708,8.7639,-24.985,-74.703,-88.664,-42.421,-5.5374,2.7135,6.5151,-1.385,8.7027,5.4381,-7.3441,-2.8677,-1.2262,-7.8412,-2.1525,12.178
22.314,-24.718,14.854,-25.859,-3.9327,-10.448,14.589,8.6264,-0.77824,-0.72973,-4.2042,-0.63801,-0.44196,3.8319,14.556,-6.457,-10.965,-9.1511,-6.873,-7.8011,-10.791,-51.168,-53.449,-11.401,-6.493,2.1031,1.3605,1.742,7.6502,4.1516,-9.8552,-7.8153,6.7307,13.782,20.194,16.528
19.769,-24.494,17.734,-20.997,-8.4784,-13.81,6.4564,-5.5926,-10.904,-15.138,-9.3394,-3.0249,-5.2378,13.117,24.86,1.0213,-7.3725,11.85,-7.4142,-8.9606,16.932,-22.86,0.30393,27.238,-3.1401,0.69299,-4.7926,-1.1308,9.6979,4.9206,-6.9252,-1.4378,11.321,24.27,22.549,15.605
19.014,-24.947,19.45,-23.268,-4.7467,-13.012,5.9517,-6.085,-3.8782,-10.859,4.9306,0.97174,-9.7596,10.899,10.337,-4.1192,-3.9582,-8.9851,-20.406,-17.614,3.6768,1.9268,6.0317,15.666,-0.92026,-1.9762,-7.8484,3.4478,12.544,1.7885,-7.9739,-1.1534,3.7822,16.961,6.5367,4.7572
18.949,-19.831,23.58,-22.82,-7.9639,-8.5226,9.0942,0.73797,0.45693,-8.2622,5.7825,11.493,-6.1392,2.1924,-6.7887,-10.446,23.805,2.3427,-23.489,6.4811,24.387,20.1,-5.6601,22.072,0.086937,-4.9259,-8.7122,8.0958,13.741,-2.6718,-8.0433,-8.9108,-2.7434,6.4667,-1.2802,-7.1223
17.845,-21.6,17.1,-27.007,-6.169,-17.584,3.067,-3.3457,-4.6202,-3.2044,-8.7493,-0.064085,-4.5926,-0.58716,-8.8617,16.516,36.166,4.5454,-38.706,-21.289,4.3925,12.156,-17.784,14.969,0.99762,-4.3107,-2.9498,8.6998,2.4875,-1.6049,1.1228,-6.7411,-0.036893,-3.841,6.9403,-5.1182
17.284,-25.071,15.514,-24.351,4.1352,-10.352,-3.8456,-3.7217,1.6609,-8.9158,-5.3294,8.529,-7.3866,-5.7696,-9.1015,31.183,41.27,-8.2738,-38.481,-51.677,2.8574,4.3591,5.8107,-8.0248,1.4466,-2.6682,0.59347,1.2312,-13.444,-6.2105,13.197,5.7875,-1.1072,-6.5803,10.18,-8.0052
17.55,-22.621,19.051,-14.245,7.2867,-9.8244,-6.9312,-14.5,-2.2839,-4.4547,1.5948,9.9381,-4.1478,-6.6736,-3.2554,18.566,-0.25331,-11.701,-7.2955,-22.24,14.257,-9.4076,34.998,5.123,2.3408,-1.5639,0.58047,-14.398,-18.982,-5.1631,21.057,23.878,0.32884,-2.3997,6.3275,-9.2686
15.403,-22.206,18.053,-13.61,5.9434,-16.54,-5.1472,-19.524,0.71748,-5.4575,3.5158,2.4794,0.87155,-8.1054,-6.6245,-5.3153,-25.206,-20.587,26.789,35.894,13.919,-2.02,18.851,-13.031,3.1403,2.0959,3.5962,-15.366,-14.136,2.2847,15.11,23.584,-8.212,2.0705,-0.48439,-5.5056
16.711,-26.37,14.203,-23.095,-7.1997,-20.341,0.070079,-6.5649,2.9802,-9.6374,4.3269,5.5223,2.9822,-7.2387,-7.1978,-37.227,-25.507,-15.114,33.945,54.316,0.50605,3.3465,7.3334,-28.871,1.4866,6.0055,8.3832,1.1086,6.5596,11.543,3.6197,0.39921,-16.826,2.9602,-5.4107,-3.6086
18.139,-27.249,14.626,-22.583,-1.2247,-15.387,6.0484,10.258,5.9882,-7.3345,2.7302,4.2216,4.7497,4.9924,10.851,-17.75,-16.781,4.856,16.447,27.965,-31.327,8.3346,17.221,-18.555,-1.3294,5.7346,7.4347,13.599,16.242,16.06,-1.4509,-21.952,-19.889,-5.4142,-7.5318,7.5572
17.673,-23.718,17.166,-28.371,-1.8829,-17.958,4.4437,-2.2325,-4.6662,-1.843,5.6543,-5.3686,1.346,16.805,29.923,30.326,28.332,33.291,15.974,-16.28,-47.249,0.21593,8.7593,-10.158,-1.8205,-1.1984,1.0389,17.266,17.302,11.889,-2.6643,-19.635,-12.438,-11.697,-11.866,12.926
17.297,-21.035,21.997,-19.847,-5.1054,-15.303,0.88961,-7.7074,-11.123,-5.1874,11.463,-1.3529,-4.9572,8.5455,11.989,28.901,29.083,35.511,28.52,-38.569,-61.648,-27.526,-19.521,15.398,-1.0383,-8.6203,-8.2577,3.4279,10.655,-0.085518,1.2407,-1.6716,3.056,-5.8859,-17.123,5.8331
17.805,-21.074,25.479,-9.3002,8.9066,-3.7377,10.637,-5.7219,-12.089,-10.603,4.3404,3.2307,-1.2667,-15.007,-2.572,25.78,38.072,29.002,14.587,-10.59,-46.526,-37.21,-33.626,18.782,0.061915,-9.4714,-12.716,-11.512,-7.8794,-15.072,-3.3032,15.162,18.506,7.622,-4.3832,-0.39983
15.594,-24.299,16.464,-17.668,7.9221,-4.7414,17.212,-7.2816,-21.124,-16.717,-6.3733,7.6211,0.86478,-22.203,-14.19,1.6627,31.622,6.5728,23.344,16.762,-16.409,-2.3821,-47.199,-3.8594,1.5792,-2.645,-6.0736,-12.124,-17.169,-17.984,-9.2449,15.542,29.592,22.11,18.934,0.062382
17.891,-29.59,18.646,-16.571,10.639,-8.7376,3.5759,-7.7405,-22.928,-14.683,-2.241,-0.46482,-1.2555,-15.178,-20.569,-13.616,-12.335,-27.6,2.0463,31.867,22.664,25.754,0.68251,-2.5277,0.44706,4.7975,-0.69355,-9.4957,-21.891,-12.48,-7.6017,1.157,25.97,20.064,29.181,9.9745
17.687,-27.879,18.319,-15.38,9.8394,-9.517,16.092,1.6829,-13.908,-4.3386,-8.8463,-1.4348,2.9331,-4.5941,-9.381,-12.022,-31.558,-26.108,-11.434,17.913,51.719,51.541,57.994,26.365,0.43154,5.9886,5.5542,0.72343,-11.907,-0.14945,-9.4062,-9.9213,10.61,0.27382,20.415,10.333
16.132,-26.873,14.268,-17.252,1.7805,-15.15,12.22,5.7295,-4.3656,-3.9154,5.9182,6.4948,-0.065527,0.17561,-8.4443,-14.856,-39.792,-17.057,-6.0326,-5.3807,49.26,36.148,59.681,53.542,0.84602,4.5586,9.6406,5.9253,1.6856,10.096,-2.6166,-15.08,-8.7142,-17.607,-8.4855,-0.86522
17.94,-27.954,13.963,-23.338,-3.4275,-14.589,7.1734,-5.0601,-4.5464,3.6695,18.544,17.324,2.4275,0.063425,7.5186,5.8999,-14.182,0.55383,-19.647,-14.221,23.345,-6.2102,25.378,19.769,0.14324,2.5325,6.3321,6.3435,9.5645,10.411,3.9843,-6.2289,-19.74,-28.763,-26.487,-17.535
17.731,-29.465,16.602,-20.02,-2.6232,-14.73,5.0189,-7.0594,-2.979,-0.61259,13.904,16.927,3.2274,5.2865,19.184,7.0496,-12.595,9.5508,-6.9299,-27.465,-6.7201,-33.407,-25.437,-3.5561,0.64551,0.030791,0.25311,2.1931,9.3289,8.4591,9.1069,3.9178,-20.581,-17.781,-15.245,-22.317
18.101,-26.551,20.911,-11.047,4.9504,-9.4501,9.8688,0.96703,-2.9285,-9.0951,-0.15049,3.2339,2.0028,5.5128,8.465,8.7426,2.6661,12.641,8.9364,-2.1895,-18.989,-57.496,-31.884,-32.763,0.10531,0.24552,-4.1059,-4.9343,3.7579,4.1895,7.7258,2.56,-13.221,6.4155,4.5255,-9.7345
17.665,-24.931,20.386,-19.873,-8.7062,-12.944,7.4071,-11.016,-8.5346,-14.237,2.5472,11.762,3.3744,-2.3951,-7.652,-5.3121,-1.5716,19.195,25.21,8.1924,-32.481,-27.116,12.085,-31.777,0.28466,1.4282,-2.3735,-3.0464,7.8032,0.71654,-0.26504,3.0163,0.38556,22.737,14.16,0.050647
18.975,-27.465,16.304,-19.04,0.94703,-9.1614,10.448,-4.1764,-11.263,-18.267,8.2807,3.5248,2.8806,5.1319,0.40747,-12.591,-0.90407,16.679,2.9117,-19.249,-29.879,22.721,29.244,-14.792,-0.94474,3.445,3.1822,-0.89106,5.7003,-6.3708,-8.8689,-0.67101,14.541,27.108,6.8156,13.809
18.981,-30.206,15.079,-18.679,-1.4073,-5.2765,17.335,-0.39152,-15.052,-9.5847,15.731,0.89264,4.2118,12.618,11.346,2.4844,28.206,11.115,-5.2428,-3.8531,0.65294,40.169,14.8,-12.288,-2.7893,3.0236,4.1816,3.585,6.5884,-9.2853,-9.4455,7.8155,22.872,9.331,-9.206,18.008
18.883,-21.348,23.768,-17.939,0.84897,-4.9444,6.3609,-13.97,-14.609,-0.060363,7.8797,1.2724,-3.1396,15.231,14.877,0.3891,16.279,-15.172,-20.182,0.4782,37.148,44.4,0.83603,26.535,-3.5674,-5.111,-5.4798,2.5387,-0.0094443,-4.6069,0.4562,19.053,17.577,-12.571,-11.922,11.825
19.817,-21.681,22.327,-19.182,5.4457,-9.4952,6.829,-8.0461,-6.535,-3.2552,10.148,6.7438,-7.5621,7.673,6.0214,6.1229,22.779,-11.305,-10.471,37.406,48.366,8.6998,-19.741,37.601,-3.3555,-8.9163,-9.7431,0.13265,-8.3657,1.3546,1.7612,9.1932,0.12025,-20.54,-9.6204,-1.4629
16.987,-24.112,20.118,-18.594,5.6602,-14.638,5.6095,-0.11001,3.0524,0.76846,11.49,13.867,-9.0693,-17.951,-24.33,-1.7167,1.7622,4.8546,7.8066,55.388,34.147,-24.397,-13.094,19.388,0.6086,-7.938,-6.0893,-0.82344,-9.7637,-1.5809,-0.53583,-4.27,-9.333,-10.988,-5.462,-17.198
16.148,-24.987,19.915,-15.29,7.5765,-6.0823,12.475,11.382,0.30015,-5.6492,4.0554,13.396,-9.6011,-15.372,-17.766,4.2005,-6.3641,7.8742,-10.431,14.658,2.7544,-28.131,-26.337,-16.029,3.4104,-3.3287,-0.24448,-1.1108,-5.2418,-13.002,-6.6771,-20.345,-9.0905,10.138,0.84991,-14.287
16.183,-28.67,12.809,-20.744,0.66467,-4.2235,7.4413,4.0103,-0.95327,-11.062,4.3789,7.6404,0.92293,-12.936,-3.6754,-2.7669,-17.968,-32.667,-22.881,-9.4974,13.289,7.8735,-23.176,-32.642,4.8807,4.7136,7.1464,2.4186,5.1608,-13.689,-1.2076,-15.159,-7.3137,17.671,2.4428,-1.1708
15.419,-27.088,17.098,-16.007,4.7614,-10.765,0.69765,-2.7774,-3.1549,-11.405,0.53519,1.8423,4.494,-11.478,-5.5282,1.094,6.4348,-57.554,-28.513,-31.878,13.343,43.255,-10.45,-7.8195,4.4942,6.7173,2.9144,0.22279,4.7365,-2.1902,8.7663,1.0327,-5.1806,3.5755,8.7965,14.309
17.813,-29.53,19.689,-19.619,-1.9161,-28.63,0.057738,2.2208,11.424,7.5833,1.6625,3.3227,8.2865,3.6697,5.2833,11.93,21.166,-30.874,10.81,2.8603,-7.7157,28.264,-8.8231,9.4295,-0.49984,5.5277,-0.7735,-0.17689,0.49205,21.365,13.984,7.2648,-10.573,-20.508,11.085,14.649
17.58,-30.296,13.711,-15.305,12.084,-22.656,1.9105,-3.6625,0.78294,6.6559,0.18845,11.645,9.1879,9.9112,-7.6739,-2.0338,-2.2485,-3.9728,16.555,13.643,-12.646,-20.448,10.469,34.479,-3.4088,2.0909,-1.2571,-6.1692,-10.573,29.927,14.039,5.8881,-7.3148,-26.897,5.253,1.2043
19.245,-25.231,17.145,-15.13,7.5864,-13.715,12.24,5.8831,-6.7801,-5.9606,0.14072,7.4538,-3.9232,4.0082,-6.47,-2.0875,-11.166,47.368,24.506,4.0664,-26.581,-62.812,21.787,19.452,-4.2152,-3.8457,-2.5173,-7.1841,-11.007,17.622,1.5038,-6.7826,-1.6536,-11.452,-1.0909,-10.979
19.297,-24.281,14.534,-19.269,-1.1141,-20.209,2.8844,2.2127,-0.37599,-14.858,6.5307,17.016,-6.4449,-1.1924,-5.9368,-22.743,-30.267,52.962,34.834,-3.0404,-13.798,-45.694,0.50971,-6.8096,-1.0341,-3.8968,0.9987,-0.58082,-1.6185,-2.774,-2.7109,-5.6864,-1.1168,12.898,-5.7374,-17.33
14.993,-30.533,16.042,-18.681,-0.89972,-6.1695,11.824,1.3164,-1.2868,-13.066,9.3849,10.363,-4.973,-10.007,-8.1716,-13.636,-19.861,28.769,9.1896,-22.711,-15.408,-16.375,-9.298,-24.823,4.0986,1.541,1.9192,6.5707,6.3507,-24.45,-8.9365,0.55833,1.3582,22.666,-1.6942,-4.3473
16.484,-28.241,11.293,-24.901,1.1941,0.051811,19.535,-2.8994,-8.8629,-12.638,-4.1788,6.7856,4.5423,-2.5654,-1.8296,0.83637,-5.9931,-8.5435,10.659,-1.4008,-23.817,20.822,-2.6753,-30.035,3.3194,2.9691,3.8363,13.402,10.183,-24.833,-12.067,4.2051,0.47311,14.655,8.0474,7.188
18.165,-28.254,14.679,-19.132,-3.4982,-9.4612,8.509,-2.9166,-10.241,-15.258,0.8465,0.15745,11.076,12.4,1.0722,18.976,8.4509,-44.128,-8.0893,6.0382,-14.781,17.26,14.909,9.3287,0.51443,1.9435,3.519,7.4825,6.382,-8.3287,-9.4978,-0.37068,0.69742,3.4675,6.7005,8.9466
19.982,-26.703,14.301,-18.625,-2.8115,-22.835,9.8711,3.6288,-7.8076,-3.3505,9.4623,7.1013,2.1274,2.4497,8.6228,27.962,6.4916,-34.752,-16.862,3.6101,-11.746,10.766,28.643,12.054,-2.3473,-2.767,-0.15578,-2.6778,-0.90164,12.087,-7.8309,-8.0104,6.0481,-11.57,-3.3241,2.9149
18.782,-25.102,15.075,-12.331,5.3285,-16.79,12.611,1.0714,-9.2049,-9.0802,10.019,14.87,-1.1934,-2.7974,4.1972,10.214,5.8064,0.22967,-24.539,-27.07,-17.956,5.9907,8.5451,-1.1348,-2.5936,-5.3359,-3.3556,-12.585,-7.0817,20.156,0.3488,-8.0397,6.615,-9.7458,-11.982,-7.1269
17.239,-28.593,15.407,-14.32,0.026579,-13.66,9.0532,-3.0883,-15.254,-10.344,5.5568,5.4566,-1.0596,-8.8017,-4.171,-8.1715,-9.1791,29.711,-20.271,-24.899,8.0114,-31.396,-16.114,-10.229,0.33585,0.51402,-4.1082,-13.881,-3.2151,12.66,8.1719,-1.1746,7.3247,3.2842,-10.43,2.8534
18.94,-28.708,16.224,-16.177,-2.014,-13.934,-3.3516,-13.093,-15.495,-8.7656,7.0718,0.41242,-0.29858,-8.6541,-9.3091,-25.881,-19.122,24.42,-4.6411,-19.906,8.4151,-10.389,-22.621,-15.164,0.98811,6.2894,2.3419,-3.8437,6.7473,3.8943,14.324,9.1318,4.4048,7.4906,-1.0962,9.9731
19.373,-29.301,11.64,-20.788,-3.7298,-9.4075,7.717,-1.7383,-0.65659,-19.206,2.8786,9.2154,3.3593,7.9481,-5.1649,-23.396,2.8802,16.45,14.048,-5.845,11.692,35.376,-7.9261,33.336,0.7914,8.8819,8.2781,8.7771,17.971,-0.87523,11.596,7.2673,-10.077,6.8715,4.8528,5.9709
17.566,-29.075,12.303,-22.038,-2.3544,-6.7063,10.959,-9.5565,-12.296,-9.844,0.047533,5.4085,1.5377,20.275,16.403,-1.3928,33.513,26.332,29.922,9.0618,2.2278,10.058,-1.0298,26.948,1.2483,5.5118,8.6707,10.944,14.605,-2.1621,6.108,7.2698,-10.596,-6.077,1.6533,-3.4486
19.606,-24.435,14.785,-23.088,1.6369,-9.0486,8.9222,-7.7791,-11.008,7.8831,5.1059,19.626,1.9792,21.143,24.363,23.47,54.357,24.38,20.428,-3.0462,-39.281,-7.2615,-2.6457,-1.431,-0.083461,-1.7356,3.0997,3.5443,-2.7772,-4.0732,1.8824,1.2862,-8.5296,-13.785,-3.1832,-16.111
19.593,-21.004,22.854,-15.723,12.059,-0.94766,11.007,-5.5418,-9.2059,-17.281,5.4433,8.681,6.633,12.308,19.28,5.408,28.166,9.6448,22.709,15.044,-19.078,-19.455,-16.994,-15.024,-0.92195,-7.264,-8.1323,-7.3647,-17.889,-11.758,-7.7957,-5.2697,0.866,3.6902,-4.4813,-8.7603
19.349,-22.765,18.547,-12.21,16.242,-0.097062,17.907,-5.2688,-21.842,-19.118,-1.1421,6.8636,0.39434,3.2539,8.8952,-9.0747,-8.3322,4.4277,27.067,-2.4049,-20.303,-18.793,-15.86,-26.234,-1.5559,-7.3345,-10.029,-9.0759,-19.096,-13.765,-15.181,-9.3531,13.505,14.753,2.0055,0.47078
21.011,-23.756,20.062,-24.773,4.4261,-6.3597,17.821,-3.2898,-16.418,-6.0711,-5.3256,4.2781,-2.2796,-7.1007,-16.524,-21.944,-24.585,-22.483,-12.376,-17.607,-2.9311,34.274,-16.829,-4.4519,-0.72965,-2.2448,-6.0424,2.4892,-3.9405,-10.375,-19.105,-9.6589,13.032,9.2981,10.274,2.8438
19.094,-21.432,20.628,-23.101,1.2874,-4.1287,19.049,-10.108,-17.553,-7.1185,2.5604,8.7112,-1.3441,-5.8249,-7.8818,-8.2336,-14.749,-28.383,-37.935,-33.486,20.171,39.637,7.2994,-4.363,2.2871,0.88565,-2.0716,7.1524,1.9584,-9.5325,-10.926,6.1077,13.688,-0.37615,7.5382,-0.48587
18.581,-25.221,13.551,-21.25,7.244,-10.173,4.2482,-11.926,-12.816,-6.1437,-4.8226,5.5313,3.854,5.623,-2.5432,17.433,11.672,-25.826,-40.317,-17.71,25.844,-2.1794,22.798,-11.74,1.5322,3.8023,3.5544,6.1421,-0.38377,-3.6485,7.9406,18.226,6.8749,-11.604,2.3888,-3.3669
19.892,-24.945,17.861,-18.088,7.4586,-12.382,5.7255,-17.694,-13.558,0.73698,2.256,4.0555,8.763,1.3204,-8.4532,6.9985,-16.669,-41.563,-13.592,28.185,33.751,-2.447,2.0178,-25.019,-1.7155,1.0623,-0.84422,-0.9851,-4.0047,0.91071,14.211,21.017,-1.2731,-13.577,-5.5095,1.774
22.538,-19.188,20.174,-18.562,7.1766,-15.146,4.3238,-8.3517,-5.4936,-11.089,6.2255,0.73586,0.32797,8.3382,1.5338,1.15,-25.544,-34.135,15.156,42.688,24.653,-2.7047,-2.2442,-10.958,-3.5899,-2.7359,-1.2042,-4.0392,0.27035,7.6787,8.2675,4.033,-5.3464,-3.4871,-9.0588,7.7785
21.496,-23.788,13.09,-20.946,-7.0135,-22.424,12.215,2.198,-4.3389,-5.8695,-1.9547,-1.4006,-8.1589,-1.8713,-14.141,-5.0174,-16.164,-19.675,5.3825,41.398,14.401,-27.984,-7.7272,4.1161,-2.9753,-3.0739,1.9115,2.4131,14.932,16.385,-2.1828,-13.404,-7.5548,-0.64941,3.3984,11.735
17.942,-21.63,16.704,-19.246,1.7078,-22.22,8.581,-0.52766,-5.0986,-4.1928,-3.8393,2.7801,-5.6346,-6.4606,-5.7203,3.2453,12.772,1.6236,-8.4669,-4.1515,8.7874,-6.846,-17.624,12.585,0.8076,-4.4351,1.3657,5.8845,13.518,17.189,-5.4846,-14.525,-7.1764,2.5468,12.014,7.406
18.111,-24.66,12.526,-20.255,2.1108,-18.683,6.2882,-0.90694,-6.5546,-16.703,3.4249,5.0914,-3.1324,-6.65,4.7314,18.016,38.831,22.483,-12.694,-15.415,3.9103,-3.6235,26.7,21.886,3.0115,0.8125,6.5772,6.7241,2.2451,10.534,2.7786,-5.2243,-6.0687,7.5853,11.416,-0.26762
21.414,-21.983,17.596,-17.285,9.0002,-16.205,3.054,-8.875,0.0079301,-9.0947,-5.2763,3.7824,1.8527,-11.448,-1.0742,19.055,14.547,30.731,-3.2289,-1.5318,-5.9834,-2.1512,40.612,17.186,0.37894,2.7282,3.1412,-1.1345,-11.71,0.87269,7.9273,10.128,-5.2394,1.4979,9.9288,-5.1795
18.194,-26.937,15.01,-12.918,8.7557,-14.19,8.6318,-1.336,-4.937,-5.2303,12.114,9.0416,3.1551,4.6848,16.421,20.698,-5.8264,18.44,16.657,13.967,-8.5571,7.5947,20.235,0.47741,-0.26923,4.6241,1.7553,-9.9042,-14.385,-9.2098,8.0864,10.215,-0.92732,2.5799,-5.6135,-6.2285
18.827,-26.216,14.925,-13.387,5.6589,-9.1005,5.7947,-1.079,-8.8991,-11.005,12.122,9.3981,-6.8836,1.5129,4.1407,-3.7679,-23.452,8.0084,16.494,31.797,-11.176,-4.9657,35.253,-2.6079,-0.63969,3.8881,1.0944,-11.899,-2.5067,-10.283,6.8504,4.8063,5.644,5.6525,-11.442,2.6122
20.982,-20.201,22.072,-11.855,0.86824,-13.015,13.246,2.1784,-6.3796,-11.951,4.8431,2.5222,-0.11033,9.9904,10.901,-20.093,-14.097,-12.204,17.876,18.993,1.8699,10.683,1.312,0.64124,-0.49509,-3.6775,-6.6602,-9.578,7.5234,0.1254,3.7619,-1.1481,7.5188,6.3336,-11.093,14.128
16.578,-24.594,16.135,-19.701,1.2177,-12.788,8.994,5.2662,-4.8587,-8.2174,15.985,5.7381,0.28695,5.3401,7.1582,-20.042,6.1487,-5.3635,30.413,19.986,17.023,24.567,-7.1378,30.165,1.279,-6.5997,-3.8346,2.3192,9.3447,9.0065,2.665,-7.015,6.697,4.8973,-13.482,13.747
19.263,-22.752,19.855,-19.808,3.9277,-18.448,15.97,4.9881,-6.0222,-1.2823,10.838,11.192,-2.9057,-15.616,-18.388,-19.055,16.99,25.753,28.506,14.132,14.938,24.496,-14.035,54.733,0.72392,-8.0787,-4.2741,9.9084,2.6159,11.176,-8.0705,-10.339,-0.27987,-3.8259,3.8274,4.24
19.83,-22.27,19.613,-19.432,7.2036,-9.0655,19.639,7.5093,-0.56634,-4.0556,5.5558,20.146,0.90916,-18.682,-0.38767,7.309,7.7275,34.062,24.504,-0.84737,15.775,12.614,-24.482,39.084,2.4764,-1.0203,-1.3637,9.2806,-6.0962,1.1814,-17.023,-17.585,-11.932,-12.086,15.988,-13.554
17.903,-29.172,11.139,-21.517,6.3702,-1.9994,22.177,8.1226,-1.0571,-1.7835,3.0404,22.685,3.1982,-18.392,-6.697,15.773,-1.807,23.964,-19.522,-22.283,1.0944,-2.4696,29.121,17.382,3.0565,10.199,4.141,6.9722,-2.8446,-8.6424,-13.177,-17.501,-17.835,-14.938,13.189,-26.287
17.713,-30.726,20.299,-15.192,3.8602,-3.9817,18.143,3.2752,0.54638,-1.6596,7.6432,19.534,9.6171,1.6264,-5.506,8.9468,-14.934,1.4384,-30.688,-49.733,-35.714,-22.379,51.222,-18.929,0.20641,13.18,1.627,0.51308,9.4584,-3.8103,-0.35303,-6.371,-14.624,-11.647,-4.8124,-21.7
21.921,-27.721,16.163,-14.041,4.6959,-9.008,6.9574,-4.0363,-6.0313,-3.7151,24.355,20.189,8.0226,25.224,4.8762,14.987,14.097,-1.1469,-9.7844,-48.931,-48.491,-32.699,14.06,-47.694,-3.4457,7.7618,3.1536,-2.4573,11.395,2.5397,13.266,9.4571,0.14873,-6.9427,-26.537,-13.892
22.629,-22.182,14.348,-18.696,0.57383,-4.842,11.905,-11.278,-15.936,-14.279,20.509,11.929,-0.47097,25.408,1.9606,10.267,47.067,27.566,17.87,-19.379,-32.551,-30.507,-41.014,-36.879,-4.545,-2.1824,1.5811,-2.6749,4.0633,1.9729,8.4967,21.226,15.766,7.0193,-17.64,3.5549
19.456,-20.831,16.553,-12.271,15.062,-2.1427,20.403,-9.0663,-17.061,-11.823,3.6376,2.64,-8.9865,8.5257,5.3376,2.8266,24.166,23.598,22.53,9.8256,0.25653,-33.119,-57.446,-43.105,-0.64602,-8.4182,-2.3081,-6.4615,-15.459,-7.6008,-3.6638,15.672,14.888,17.232,10.004,16.425
18.71,-21.466,21.085,-10.943,22.211,6.3688,20.355,-3.899,-10.214,-12.859,-2.5049,9.869,-4.6031,-0.9366,2.1686,1.6527,0.34826,-1.0697,-4.3613,27.022,18.744,12.928,-1.2268,-3.4493,3.146,-6.8177,-4.5164,-8.0259,-26.376,-21.546,-12.895,2.4266,5.8228,16.576,19.583,11.853
19.387,-23.816,15.464,-16.504,5.9604,-2.8142,13.997,-2.8128,-8.7642,-20.985,7.139,-0.33317,6.8585,-3.6943,-6.7681,-13.013,-39.836,-24.833,-16.988,6.2307,0.30171,31.742,44.186,17.716,2.9987,-1.7848,-3.205,-6.8909,-12.672,-19.195,-7.0057,-4.4593,-0.39106,5.2901,6.7156,7.2958
20.362,-21.158,15.977,-15.753,5.2988,-5.0411,12.927,-0.89358,-10.713,-3.2345,18.145,11.691,7.3366,-2.5701,-14.569,-21.942,-52.812,-55.948,-26.846,-5.4482,-3.4595,19.945,6.0833,-8.0241,-2.0283,-0.31257,-0.88485,-3.839,1.0463,-12.013,-1.0767,-3.85,5.1791,-11.644,-13.931,-9.6006
22.059,-22.832,15.723,-16.372,3.6001,-8.8542,15.623,-7.4537,-16.661,-0.76444,15.406,10.587,0.037373,0.4182,-2.3191,-19.831,-12.616,-44.936,-1.2564,3.764,9.4031,-10.177,-27.523,-4.3384,-5.9713,-1.8859,-0.75666,2.0157,10.677,-3.1394,-2.9403,3.7105,11.29,-12.067,-17.39,-8.8142
21.042,-23.243,13.671,-21.98,-3.015,-18.585,6.1194,-4.3027,-7.9952,-12.997,-3.5966,0.39693,-11.334,-4.5557,-4.4802,-14.134,-8.0301,-51.081,-17.61,9.005,40.089,-24.331,-35.028,-40.425,-3.5969,-1.4565,0.90026,9.172,10.698,5.7675,-3.0106,6.3284,5.9822,-1.5665,-1.1488,4.8223
19.066,-22.564,15.457,-23.306,3.8091,-18.51,16.773,0.7738,-5.4213,-21.192,4.2485,3.1446,-13.663,-12.131,-15.596,-6.8385,-8.8422,-42.963,-36.307,17.557,34.979,-6.4555,-22.207,-10.155,0.73952,-0.22066,2.3731,9.1624,-0.79123,12.082,-4.6522,0.16191,-5.1552,5.5684,5.9831,11.294
16.192,-23.57,13.87,-19.353,1.1793,-25.754,3.5472,-0.50485,3.7119,-5.1859,6.21,-4.8006,-3.7978,-3.5783,-3.429,17.422,-1.2079,-28.096,-24.373,19.297,13.663,10.251,-2.3183,18.995,4.3553,3.0568,8.6421,7.6195,1.485,26.417,10.026,-6.9524,-16.104,-0.10861,4.6377,16.486
17.653,-28.734,7.8256,-21.105,-2.9181,-26.751,-1.2442,-0.57421,-5.0253,-7.8976,-0.60112,8.1084,-0.033243,-1.1738,9.0208,10.204,-19.984,3.9827,-21.136,-0.57257,-3.1598,0.37404,-13.962,22.423,2.3911,3.0817,11.517,3.847,6.7689,28.259,18.337,-14.711,-16.362,-0.036135,4.1913,1.2223
19.85,-21.947,15.772,-14.37,-0.25538,-28.513,2.9414,6.0199,-1.3615,-14.519,-2.3309,7.4126,3.6274,5.2497,26.422,15.443,4.9658,57.53,24.932,-16.693,-21.364,-28.289,-15.962,25.715,-1.0432,-0.87706,5.1946,-3.0268,4.4937,16.472,11.451,-14.115,-12.37,4.4027,5.9836,-8.5366
17.221,-23.963,19.016,-20.696,-5.4654,-15.139,6.5082,-2.7749,-4.4645,-16.339,1.5379,8.2497,-5.4199,-1.1364,27.062,13.386,21.916,55.519,30.725,-38.003,-29.317,12.634,5.571,-7.4031,-0.15886,-0.92596,-2.884,-5.4855,0.49759,-5.8568,0.81425,0.030499,1.595,14.03,12.788,-10.179
18.222,-23.331,21.485,-11.836,4.9358,-2.7947,12.137,-7.7508,-7.2503,-15.11,-2.8404,7.9863,-6.3203,-7.9823,13.523,0.69677,0.31096,28.497,6.9495,-32.562,-35.109,26.135,17.833,-8.7745,0.29391,-1.7649,-9.5789,-9.9669,-9.9905,-22.25,-8.9283,14.925,12.292,14.698,10.702,-7.3717
15.757,-28.611,18.5,-15.679,5.4441,-11.851,9.5207,-12.69,-16.739,-1.2853,2.4391,4.12,4.1463,0.81237,1.0501,-9.8504,-15.168,-10.785,-8.0736,7.5147,11.688,43.313,33.081,-11.228,3.8524,1.658,-10.383,-5.2091,-5.4177,-13.989,-3.264,17.807,13.941,-2.3452,-2.782,2.527
17.421,-23.614,22.792,-16.53,-5.5547,-15.908,4.9099,-5.3034,-12.778,-8.978,6.1351,5.0902,0.31382,-4.549,-8.4663,-22.773,-26.445,-20.568,-0.31012,35.174,19.596,29.862,23.796,-9.2311,4.0778,1.1977,-8.9649,-1.1596,10.359,0.68963,5.8951,5.0345,4.2574,-9.9956,-10.002,5.561
19.694,-23.415,18.888,-23.274,-7.8044,-13.975,6.0849,-0.24122,4.1435,2.252,13.591,4.0839,10.525,5.4368,-13.856,-0.92446,8.205,10.108,18.035,17.162,13.037,-0.95564,-11.32,5.46,1.7796,-0.53452,-4.6421,2.0102,14.504,8.5052,2.0318,-8.4388,-8.4949,-15.547,-12.34,3.4153
16.41,-28.203,17.058,-19.425,-1.6623,-12.017,13.7,3.6118,-7.894,-1.9474,3.4818,3.3888,10.88,-4.3061,-23.848,-9.5642,40.42,21.499,23.371,-12.214,-14.496,-1.7088,-9.9744,10.687,0.43079,0.34216,-0.18594,-0.75351,3.6367,3.1277,-12.317,-13.91,-4.0008,-10.699,-1.6269,-0.74957
21.525,-23.598,14.439,-14.694,7.6004,-8.743,14.143,-8.5667,-12.663,-5.2784,-1.8942,7.7007,7.7616,-1.9817,-14.469,-6.404,23.919,10.708,-9.7548,-10.985,-13.741,-18.634,-11.732,-4.1103,-4.4097,-1.8846,3.3833,-3.0592,-12.317,-6.8284,-15.275,-4.8899,1.5813,-3.7783,6.5417,-5.6775
21.945,-25.676,13.092,-25.602,6.9527,-7.775,12.566,-7.2475,-11.623,-6.0672,8.8903,8.6252,3.8495,0.87101,-9.0893,-23.801,-16.118,-5.2294,-48.001,-20.302,12.981,-14.795,15.867,-8.1938,-4.5509,0.9737,7.4752,8.0934,-13.031,-3.7495,-0.79413,1.7745,4.954,-4.0402,1.0311,-0.88908
20.807,-25.669,13.636,-23.388,-0.1525,-10.742,1.7744,-0.30428,-0.86232,-5.0052,5.02,-0.58947,-8.0086,-6.575,-4.3189,-9.1019,-25.109,-10.67,-22.651,-3.2426,7.205,-13.304,8.4675,-13.487,-1.8895,3.0883,7.5637,11.488,2.0049,3.6097,14.842,-0.88841,-2.8668,-3.5712,-1.6339,9.7527
18.694,-26.732,12.915,-26.979,-5.845,-13.632,-4.1163,-10.671,-7.3042,-9.4815,7.9583,3.437,-3.99,2.8591,8.4526,32.252,-0.22392,13.44,25.848,-7.2124,-0.19892,-24.575,-14.919,10.93,0.079168,5.3898,6.4196,12.234,18.003,9.6946,16.952,0.11479,-9.0346,-4.4373,-6.2331,11.822
19.147,-26.357,12.368,-18.556,1.4448,-11.15,11.159,-8.4765,-11.22,-10.223,2.8055,3.5513,2.2338,12.466,14.578,23.011,25.996,19.422,27.532,-21.972,-21.485,-31.6,-4.5085,35.092,0.71009,4.162,1.4325,-1.7263,14.272,5.2682,-1.2768,-0.93707,-4.0563,-0.31356,2.6179,3.0478
20.781,-23.902,17.953,-11.892,6.0421,-0.85098,20.798,-6.7676,-6.5437,-15.746,2.5381,12.02,-0.87586,18.3,13.56,21.312,48.343,28.197,11.668,-10.363,-17.847,-27.833,-8.81,26.625,-1.5975,-1.9638,-3.4668,-14.814,-0.90682,-4.8845,-16.001,4.0754,6.4026,15.09,14.57,-14.557
20.881,-20.851,18.406,-19.426,6.902,-7.4216,3.0833,-13.242,-11.985,-17.673,5.4759,12.665,-6.0152,6.5149,0.28985,-12.264,21.967,8.292,-21.946,-6.3524,-4.2521,-13.243,18.503,-6.0958,-2.7918,-7.5194,-4.5067,-8.0681,-10.99,-9.0158,-12.705,6.3541,16.068,20.092,12.728,-20.354
17.389,-20.335,16.676,-15.888,15.598,-1.3975,5.7557,-13.469,-15.845,-19.673,2.2181,12.193,-7.8531,-3.9844,-1.7371,-24.179,-2.7436,-5.4178,-29.418,5.3545,23.198,41.696,46.425,-41.259,-0.76639,-7.2722,-0.24325,3.3367,-15.926,-12.498,-0.68463,5.8016,14.618,14.749,5.3154,-14.603
17.835,-24.883,13.152,-22.69,7.6506,-6.7303,7.7072,-8.3017,-8.6954,-14.881,12.217,0.41689,-8.2365,-13.989,-0.30651,5.4165,-3.4112,-8.8499,-15.451,1.9391,38.331,34.097,31.516,-32.737,-0.053581,-2.8547,4.7626,14.152,-9.2845,-9.4486,10.41,7.2822,6.5207,2.7805,-13.906,1.3886
18.377,-23.879,19.711,-22.349,4.296,-3.9055,3.7771,-6.5605,3.4104,3.7061,22.38,-2.4859,-3.5971,-7.8093,12.642,29.156,-18.599,-25.724,4.9978,14.499,33.951,22.242,11.26,-33.067,1.2594,-0.24264,2.5782,12.242,-1.9466,-1.6359,17.168,8.174,-4.6509,-10.131,-20.927,14.969
16.268,-26.074,16.735,-13.487,10.847,-10.593,-3.6529,-15.727,-2.4475,-12.315,11.153,3.6357,-8.4111,-5.8464,16.913,31.827,-16.528,-28.798,12.898,25.486,22.975,10.386,-33.445,-3.2491,3.5891,2.8017,-0.61569,-1.9426,2.8984,5.6472,11.72,11.47,-8.8674,-2.8113,-4.0588,19.029
16.374,-23.644,21.205,-5.9119,4.6999,-12.328,13.935,-2.5075,-1.9941,-9.835,8.3802,-5.9501,-1.4686,-9.2691,2.5441,23.824,-5.9182,-3.6229,42.249,34.451,7.621,2.8965,-25.731,18.842,5.1294,3.1571,-6.208,-13.622,9.0917,9.9718,-1.3016,1.2543,-12.651,1.8991,15.189,22.961
14.631,-27.924,20.861,-14.995,-0.81521,-16.918,9.0773,2.415,5.4943,-2.9173,2.4944,0.52446,8.6448,0.74893,1.6642,-1.6307,4.7404,8.3357,24.524,49.311,7.1588,29.713,29.718,36.451,4.7236,4.3124,-5.5006,-13.839,7.3885,10.455,-8.2735,-11.446,-15.186,0.18499,20.301,8.5076
18.461,-27.588,18.92,-9.6828,7.1681,-2.5542,18.537,1.5941,3.2499,0.45571,13.844,8.4906,13.522,4.6784,-10.773,-22.226,16.225,5.5685,-7.3236,8.8579,-21.398,22.074,55.623,61.887,-0.37843,3.7484,1.618,-9.0738,-1.8992,1.2874,-18.962,-23.004,-14.558,-8.4237,-0.0022017,-8.2249
19.547,-23.728,18.71,-12.416,11.983,-11.312,6.3083,6.8778,-1.4901,-2.6033,23.28,14.641,7.7116,8.7417,-3.9314,-14.344,9.3429,18.88,-3.6836,-18.948,-38.445,1.7223,27.383,17.767,-3.8419,-0.2937,4.8098,2.7292,-4.2166,3.4372,-12.879,-26.311,-8.7641,-15.541,-21.254,-19.749
20.677,-23.403,16.894,-18.314,6.4133,-12.347,11.657,-0.30993,-9.2008,1.0452,25.799,17.935,-2.8941,5.4767,13.432,-15.189,-17.715,-2.458,-38.455,-46.439,-42.366,-25.227,-24.575,-12.941,-4.151,-2.9324,3.0375,7.2966,-5.548,3.8926,-1.6868,-9.1811,4.4446,-10.465,-24.239,-24.147
17.379,-25.645,19.909,-17.851,4.2337,-2.5817,10.675,-6.1072,-7.5027,-2.3509,10.209,4.6856,-2.3566,-1.1187,13.61,8.4967,0.62757,29.535,-24.306,-54.594,-26.178,-24.341,-36.451,-24.882,-1.6924,-5.7657,-6.3721,1.9753,-1.3858,-2.3619,12.713,8.204,12.096,0.9357,-7.5625,-5.6834
18.098,-23.891,25.037,-14.56,2.1853,-8.1482,-2.8742,-15.133,-14.927,-12.284,8.0919,6.998,-2.1989,-5.0533,-4.357,2.8372,-7.1569,19.704,-5.4468,-19.225,-5.3084,-17.222,-33.656,-37.523,0.3019,-4.2262,-13.747,-4.0875,-0.69069,-8.9898,25.084,22.554,13.11,10.674,10.019,6.0061
19.658,-24.043,21.444,-10.045,14.411,1.3562,1.4213,-13.008,-11.716,-8.1092,13.908,7.6685,-1.0978,-14.822,-26.897,-13.48,-2.8651,-4.0106,43.379,8.4646,3.5085,2.3983,-5.889,1.6407,-0.20697,0.4942,-6.5409,-7.8228,-9.7068,-19.595,16.092,26.843,10.13,6.5092,14.084,10.244
18.438,-26.731,13.948,-20.799,-2.2539,-4.4641,13.561,-6.472,-9.7483,-4.6865,7.1215,-2.3178,-2.0141,-8.8026,-35.05,-24.638,-19.423,-30.635,53.123,34.805,8.3417,14.775,10.239,3.8289,-0.18517,4.0824,6.6135,0.43379,-2.0813,-10.258,0.25018,18.071,10.37,2.8458,10.707,5.0744
16.661,-31.636,12.004,-21.472,5.0207,-6.429,24.147,-6.2052,-8.3376,-4.9504,7.7493,10.164,-3.4839,3.2269,-3.7476,-16.88,-41.774,-43.273,26.871,52.607,17.646,-7.7931,12.024,5.661,0.66483,6.5575,13.271,7.2569,2.866,0.93311,-19.976,0.89977,8.7127,1.282,-2.2756,-11.106
18.59,-24.496,12.232,-21.165,-2.8307,-19.573,12.324,-1.1316,-12.445,-6.4755,16.291,7.6648,-1.9317,6.3344,17.136,6.7058,1.8908,-11.953,4.0578,49.06,39.473,2.1029,10.922,-14.161,1.1809,2.0149,8.1671,7.6445,11.487,9.4558,-18.622,-18.054,0.21279,1.0648,-12.602,-8.1566
17.84,-23.547,20.428,-18.302,-6.1872,-12.726,15.475,10.626,-1.5448,-11.111,15.335,5.5077,2.1852,10.397,13.367,7.1325,0.80802,-8.6856,-31.971,5.8359,31.506,15.145,-17.608,-44.892,2.0299,-0.076755,-2.3995,3.6624,13.327,10.189,-7.9271,-26.307,-12.723,4.2982,-14.837,0.4313
16.882,-27.608,18.304,-19.031,4.2954,-7.2924,19.926,9.6424,6.5919,-0.55463,8.7895,-7.0702,1.0561,-2.3131,-2.7719,1.5787,16.724,-0.64918,-10.567,-32.081,2.4752,8.6306,-37.955,-11.678,3.5212,2.6915,-4.2089,1.0587,-1.2997,2.9463,-4.084,-20.768,-20.994,-6.378,-6.4976,10.579
18.607,-24.881,15.652,-18.973,1.8616,-16.912,4.3609,-8.6743,-2.1029,-0.33848,2.6958,-4.9149,5.1718,7.1669,-5.7913,3.9959,17.443,2.0212,-5.4518,-38.359,-27.47,10.434,-37.721,6.5758,2.7216,3.1172,-0.5111,3.3695,-5.981,6.5865,4.596,-1.8015,-9.88,-9.0278,10.828,11.465
18.734,-24.985,13.234,-20.04,1.5067,-17.804,12.598,-7.5222,-10.928,-7.5465,3.6326,7.0373,14.181,21.407,5.6705,13.567,-12.925,-2.5755,-29.622,-32.684,-36.008,-27.432,-11.51,13,1.1995,1.5527,2.3323,3.3701,-11.519,6.7901,4.7456,9.4842,6.8597,-5.3197,17.485,-2.6568
19.5,-21.276,20.068,-15.799,3.9286,-6.4592,16.413,0.028381,-6.5199,-2.3982,-0.94701,1.7418,9.2306,14.123,6.5906,17.986,-14.273,25.21,0.5362,-2.8701,1.3479,-11.963,23.309,0.093884,-2.3264,-5.6996,-1.25,-1.4403,-10.075,3.4863,13.185,18.35,16.377,-0.35417,14.845,-3.5736
23.526,-18.708,18.931,-13.834,-3.2006,-13.807,-0.91135,-11.051,-9.2034,-13.241,4.856,-3.8986,5.024,1.9724,2.6984,11.434,-25.016,21.707,10.167,-2.4043,22.365,-6.7693,18.953,-21.721,-6.9432,-9.9472,-2.5764,-3.7682,4.6092,2.2155,18.593,20.463,10.403,9.3063,5.1966,2.7695
20.826,-20.959,16.098,-13.083,-2.921,-6.306,11.384,-8.3451,-2.2915,-3.4729,13.739,0.59999,-1.8818,-11.614,-10.555,-2.1389,-26.888,7.3117,40.578,38.253,25.23,-1.6679,21.272,6.0681,-5.4243,-6.5768,-0.72684,-5.9198,13.559,-7.012,1.7169,8.0095,-5.7338,4.2005,-3.4756,6.729
20.583,-24.157,16.568,-15.681,-7.5763,-7.0276,20.196,-4.5376,-1.8603,-10.394,5.7665,-3.2521,-14.979,-15.461,1.3614,4.7885,16.429,17.451,43.324,49.069,4.0657,13.952,15.492,23.86,-2.6876,-1.782,0.81528,-5.5447,20.605,-8.335,-13.54,-6.4666,-8.543,1.6259,-6.4331,3.6017
20.031,-24.358,15.972,-15.945,-7.3276,-6.1929,26.148,15.898,2.4235,-4.6556,9.2338,4.4526,-7.8895,-10.044,3.6249,-8.2904,32.801,-7.7225,-7.458,11.44,-18.172,-1.3215,7.6617,10.948,0.34312,1.3506,2.3502,-3.9721,12.79,-4.6712,-20.568,-20.428,-0.88624,-0.42364,-11.909,-8.5347
16.435,-24.739,19.675,-10.009,7.2171,-5.1375,13.368,1.3622,-9.5281,-5.6732,14.854,6.1052,-5.4103,-7.7223,-0.3153,-13.214,48.163,-12.451,-33.517,-21.331,1.3507,1.1867,-6.4071,-6.1524,4.082,3.0856,-0.34367,-4.1998,-9.054,-1.9216,-9.2412,-6.341,9.2225,-2.331,-13.637,-12.188
18.956,-25.69,16.357,-20.065,6.083,-11.112,11.069,-5.5748,-7.5434,-6.494,13.025,1.3956,-4.9504,-8.7302,2.0338,-12.998,21.196,-1.0931,-23.842,-28.689,22.156,2.5966,-27.322,-21.599,2.3608,4.2243,-0.25559,2.4773,-16.978,7.6359,2.7612,9.3209,2.3542,-5.1056,-4.5658,-1.6339
18.416,-27.352,16.218,-20.228,9.8,-10.793,10.978,-4.4665,3.7986,-8.8813,0.6671,-4.7998,3.9616,-0.68967,0.43854,-13.856,-23.039,4.5286,5.3099,37.429,30.014,0.33806,-35.2,-20.809,0.82895,5.8934,2.854,7.3518,-17.156,7.252,6.7833,9.253,-9.3724,-4.0782,7.6528,7.1431
16.565,-27.416,18.718,-17.335,1.979,-3.9114,15.423,4.4683,6.8382,-1.7532,2.6664,-0.89435,-0.77156,7.5607,1.97,4.4178,-16.488,21.967,-13.065,28.665,-20.733,-26.425,-0.77075,10.107,-0.94815,4.1594,4.529,10.612,-0.90478,1.378,4.829,-1.9127,-13.759,-6.5122,9.9862,9.678
19.611,-24.221,18.714,-18.302,-2.2502,-6.4736,13.846,15.055,-1.7118,-7.8745,2.4336,-3.1541,-3.355,13.599,13.986,14.837,-18.774,12.279,-4.9883,-3.7429,-24.067,-4.6935,18.582,13.71,-2.1035,-0.22795,3.9966,10.851,15.745,0.26034,6.7424,-15.172,-6.5844,-6.0791,3.4176,4.2081
17.972,-23.476,16.094,-18.819,3.864,-2.2886,3.1018,-1.0033,-15.155,-20.21,11.757,5.6263,-6.0329,4.9223,17.905,25.715,14.54,1.9217,5.452,-17.666,-19.596,-27.448,-4.2816,9.5315,0.66832,-3.5222,-1.1738,1.5444,12.847,-2.7746,12.93,-7.8785,5.8794,-0.28689,-9.8556,-3.9565
16.035,-22.523,24.523,-12.067,-0.52952,-5.4655,14.644,-3.6022,2.7615,-1.9997,5.4127,-1.205,-3.925,-0.51022,12.454,29.751,40.175,15.853,29.764,-15.266,-3.4757,-29.546,-16.357,0.51972,3.4312,-2.3696,-9.0967,-9.4524,5.6816,-3.7058,4.7053,-0.64754,-1.0129,0.66209,-5.7665,0.34794
15.337,-25.804,24.766,-7.5947,8.3887,-3.4546,17.75,4.9638,-5.1965,-18.415,-0.9639,2.8968,2.855,-2.9956,-3.133,4.683,18.272,6.3072,34.207,-4.9661,-1.6311,-15.433,-32.58,-3.0802,5.3524,2.589,-10.315,-16.15,-12.545,-5.8155,-4.0978,-2.102,-2.862,15.435,12.003,4.7023
18.966,-23.312,20.605,-9.0385,15.575,2.0359,21.404,4.4385,-8.4286,-23.545,0.61565,-1.5295,9.3571,5.7105,-20.978,-21.909,7.7679,-8.4432,4.1605,-13.331,-38.114,-7.3905,3.8982,21.756,3.4529,3.5111,-3.7982,-12.841,-24.769,-9.6499,-16.12,-4.1042,-0.76655,16.574,12.608,3.1055
17.934,-24.579,16.486,-17.992,4.9477,-2.8857,16.825,-7.5067,-10.375,-17.154,-2.1345,4.2485,14.088,14.757,-16.956,-29.206,-31.979,-15.008,-2.2352,-29.144,-16.587,38.65,45.608,22.425,0.29186,1.6514,3.9829,0.068393,-18.02,-2.9816,-22.572,-3.6515,4.0921,8.5979,5.3197,-1.4011
19.415,-20.28,18.174,-17.823,5.0749,-9.9716,17.186,-4.0323,-13.706,-6.3253,7.947,8.9971,7.7232,8.1689,0.37481,-17.509,-58.545,-21.739,-32.616,-23.698,0.1695,26.282,7.5901,3.2946,-3.1753,-3.2153,7.6322,9.8083,-3.564,7.373,-17.37,-2.0225,13.715,-1.9571,-11.085,-9.8604
22.157,-19.941,17.504,-17.805,-2.3511,-4.9548,18.741,-5.373,-10.851,-7.6994,18.174,8.8461,5.1313,4.032,6.1052,2.8249,-38.673,-1.9529,-60.266,-18.04,-0.31246,10.72,-7.827,-0.85528,-5.1085,-6.1035,3.0663,8.1476,16.626,7.7931,-5.8641,2.5371,8.7371,-11.14,-19.911,-13.868
20.716,-21.546,20.284,-17.886,-10.048,-7.7989,4.1379,-8.4774,-8.1058,-15.131,-5.7438,-2.181,-2.0412,-5.0036,5.6525,11.117,-6.7053,21.895,-53.674,-28.995,22.322,-3.2107,-24.81,-15.906,-3.3172,-5.1448,-4.0081,0.03102,25.729,5.0937,14.39,6.1621,6.2972,-7.7753,-5.6625,-10.718
19.849,-21.93,18.483,-16.548,-6.8272,-4.9485,-6.7834,-14.304,-13.331,-7.3913,0.79744,9.4099,-6.5722,-9.1746,-4.2628,-2.7806,25.232,2.141,-21.027,-13.81,16.022,-2.3041,-37.748,-37.314,-0.8638,-2.1746,-5.2106,-6.1137,15.562,-4.5974,29.966,12.636,3.6812,-9.1977,0.12055,-7.0496
19.548,-21.787,20.51,-12.893,3.9603,0.97259,3.1114,-14.064,-1.305,-8.0847,4.2305,0.76222,-3.0112,-10.952,-14.482,-14.551,38.147,1.6829,19.712,4.9974,23.488,-6.0831,-5.7622,-32.067,1.3967,1.4651,-4.943,-5.1211,-1.5817,-9.2776,28.976,14.737,-10.925,-6.1876,6.4094,5.0864
19.455,-24.408,15.259,-21.692,3.2608,-8.27,8.7408,-9.4847,-6.2405,-12.375,-5.6866,-11.283,1.2973,-3.8668,-9.8805,-14.909,16.71,-14.834,52.871,28.142,17.511,-33.833,-16.748,-28.023,2.6831,3.6315,-0.40748,3.8634,-12.203,-1.1526,14.513,8.8034,-17.075,-2.6494,15.949,16.678
19.408,-25.783,14.655,-22.59,3.9816,-5.2967,6.2316,-8.3885,0.092691,-15.681,-5.3828,-7.8682,1.0076,-0.33207,-16.254,-8.424,-10.353,-16.006,54.26,23.712,-33.048,-18.384,-3.2629,4.88,0.93501,0.94098,1.7686,8.8296,-13.178,1.6265,-5.8208,3.8083,-14.669,7.7961,14.863,15.29
20.567,-21.865,16.471,-19.154,1.5171,-9.2309,18.092,-3.071,-5.2749,-20.509,-2.7699,-0.28627,4.8339,3.6731,-5.4144,13.473,-11.531,5.2226,34.263,20.849,-41.082,-9.4007,40.745,27.604,-1.6608,-4.1751,1.4436,6.201,-5.2533,4.619,-23.893,-0.98337,2.2924,15.106,12.337,7.5194
19.495,-23.225,11.778,-18.374,-0.34422,-6.5498,25.566,-5.415,-18.312,-13.21,1.1407,-2.296,-0.10448,-10.017,-7.8721,15.406,-13.621,-0.21296,-0.088685,27.686,-20.562,20.681,39.806,16.568,-2.7503,-3.7719,5.8955,1.4545,3.0961,2.6402,-23.346,-3.1855,20.285,9.4365,-1.8759,-5.01
21.828,-23.851,13.991,-17.063,-0.34191,-5.0322,16.205,-0.5469,-17.579,-18.311,11.424,-0.26674,-6.4509,-19.9,-6.8533,4.1804,-7.9224,0.36455,-39.421,21.239,22.729,22.163,23.4,3.7303,-4.149,-1.8925,4.6266,-5.6599,6.9818,-0.429,-8.5482,-10.817,18.886,3.0357,-15.453,-10.046
18.725,-29.799,11.959,-15.932,-1.8994,-7.5026,7.1305,4.1922,-4.0359,-6.4398,7.4231,0.4059,-7.1016,-7.4049,13.944,3.4948,3.3231,-0.37544,-25.627,7.5903,36.469,13.016,-3.9698,-8.2333,-1.543,3.6313,3.2874,-6.7139,6.7237,-2.1466,7.1818,-16.044,6.2638,-5.68,-7.8802,-5.059
17.727,-28.528,12.953,-18.285,-1.6665,-8.5723,7.5987,2.7447,-1.0483,-12.813,5.7889,0.22794,-12.413,-7.0955,6.8109,-8.8711,14.906,3.1588,4.2911,-23.191,24.83,9.6105,-14.633,-10.228,2.1249,5.6683,-0.60735,-5.1604,-0.42775,-6.6959,8.2799,-12.899,-8.6052,-7.0057,0.0051828,1.226
17.995,-24.588,19.268,-16.016,1.9796,-4.9675,17.055,-3.2657,-8.3429,-9.4507,1.9734,-6.66,-4.8384,1.7373,1.7329,-11.638,8.5836,-12.343,13.964,-30.317,9.7071,-1.4425,19.421,-1.7482,2.7788,2.3145,-6.9864,-5.5538,-6.9825,-3.9169,-2.4275,-0.73031,-7.0685,-2.9144,2.4856,9.0726
15.987,-30.004,13.742,-21.457,5.1715,-4.7203,13.388,-8.4133,-3.011,-12,6.8327,-1.8477,3.0422,3.8708,-3.7847,-14.055,-12.691,-27.131,-17.818,-24.303,-6.9158,-5.6358,11.73,6.6178,3.1525,5.0304,-1.3805,-0.11015,-7.5444,5.6686,-7.3614,9.7762,-2.536,-0.50952,-5.1628,11.755
17.176,-28.193,12.431,-20.165,-1.0266,-15.6,11.218,-5.3874,1.799,-7.5672,16.612,0.56964,-0.93481,-1.3154,-15.69,-21.682,-17.791,-4.8149,-26.71,4.4949,17,6.0674,-4.7235,28.707,-0.097755,4.0639,4.364,3.3271,-1.5538,16.253,-2.4816,14.107,-1.5928,4.1016,-15.876,7.9843
19.657,-24.791,14.479,-23.238,-6.5091,-16.822,1.6086,-8.3459,-9.5771,-16.572,4.3349,-0.077953,1.3978,19.583,8.62,-4.3996,-9.6291,27.738,-12.179,8.284,8.5035,3.308,-28.374,33.32,-1.1234,3.5491,7.1214,8.4704,8.3321,14.22,13.83,10.913,0.12147,10.259,-9.462,-0.77975
15.692,-27.852,11.054,-25.966,-1.0754,-1.3243,9.5899,-1.0519,3.44,-4.1309,0.86061,6.8087,-4.505,14.201,17.35,0.1697,-0.71682,41.49,-1.2633,23.923,-5.9665,14.593,-39.907,24.822,1.416,1.9498,6.5373,10.509,10.618,-5.0132,12.18,-3.4295,-9.4672,1.1485,-0.47844,-11.889
17.427,-20.382,18.74,-20.756,0.38137,2.0106,8.1128,-6.4391,0.42027,-12.064,0.52119,11.693,-0.78988,13.858,15.302,17.371,20.432,20.815,38.607,20.547,5.1747,41.398,-17.988,4.6616,2.5992,-6.7924,-3.5847,5.3152,7.4962,-22.919,3.2638,-7.1873,-4.1745,-1.5281,12.829,-12.953
16.039,-23.297,18.976,-21.321,-4.8303,-4.2712,7.3339,5.6208,-6.1829,-2.5244,-1.4348,7.0953,7.239,11.296,13.655,19.977,20.27,-26.42,8.7967,-18.784,-28.672,-7.2352,-12.309,-16.411,4.2436,-8.1653,-7.7283,2.6376,3.4311,-20.746,-4.0185,-11.63,2.2877,-8.0528,20.295,-8.5346
19.089,-20.14,18.169,-16.875,5.5845,-4.9404,22.04,-1.409,-2.1783,3.3237,-3.5113,2.1095,8.5217,-12.927,-7.4558,12.272,17.359,-52.904,-0.8899,-6.2991,-1.0162,6.5816,21.97,-10.827,1.4913,-8.8015,-8.6466,-0.11094,-6.8876,-1.7333,-6.3038,-3.0228,3.1104,-9.0435,14.363,-0.90045
18.481,-22.326,18.167,-17.918,6.4579,-11.059,7.0247,-12.959,-9.5967,-15.443,-3.2776,3.3949,12.057,-13.234,-9.9125,15.907,17.975,-25.383,-1.6077,-20.804,8.5676,-8.2625,41.591,-10.106,-0.72581,-3.5446,-6.3087,-4.2983,-11.562,16.026,4.175,6.962,7.5201,4.3391,1.2489,2.4779
20.467,-27.331,15.417,-16.321,3.4165,-21.048,7.8225,-0.29879,1.6191,-2.3145,12.427,8.1295,4.2575,-17.884,-16.147,18.852,-12.859,11.63,12.29,6.4425,2.1067,-3.3057,26.875,-2.9929,-2.4717,3.6475,-0.16201,-8.8226,-10.967,16.395,3.283,-0.62426,-3.1649,-0.73484,-16.098,1.157
21.378,-26.318,15.396,-13.645,5.2415,-8.909,13.639,-5.3362,-3.7978,-3.8366,11.392,-0.96788,5.742,-3.9482,-13.543,-4.8036,-22.434,21.444,23.082,9.6552,7.3669,19.404,-8.5172,-7.9383,-4.0917,3.1087,2.0127,-13.317,-5.575,-1.6957,-2.4976,-0.34741,-4.4334,-2.3036,-19.369,5.5173
19.769,-27.086,11.481,-9.5863,-0.23655,-0.20006,24.878,-1.9991,-4.0244,-4.1321,2.5915,2.7945,-0.67916,0.66799,-6.4507,-21.485,-17.273,5.6573,3.1803,-24.65,-16.24,-10.926,-33.465,-6.126,-2.3731,3.8232,5.9088,-10.891,3.2158,-15.912,-12.703,-5.1175,-2.1545,-6.5793,-6.7789,5.5098
21.701,-24.423,13.364,-23.688,-2.9325,-10.761,10.038,-7.2811,-3.0915,-4.8318,-2.6183,2.0932,-5.9331,-6.9663,-4.6972,-30.51,-7.6922,-30.875,-9.5413,-6.9945,-4.4256,-15.97,-25.086,19.046,-1.0599,3.2444,6.6556,1.8844,4.2738,-12.851,-11.317,-0.7156,0.60545,-4.638,7.8482,5.1485
19.967,-27.945,13.208,-22.043,-1.1332,-17.293,11.213,-11.651,-6.8543,-7.2797,2.7001,3.536,-1.7704,2.7405,8.974,-22.753,-4.1503,-41.771,-34.912,-10.82,-2.7694,-18.515,1.2649,11.064,0.32506,4.6923,5.1989,8.7928,2.6916,2.2896,-4.7192,6.2296,1.7712,1.7023,13.268,3.7024
18.313,-29.371,12.184,-22.672,1.8437,-15.8,15.7,-4.0073,-4.5957,-10.248,-1.2057,8.1846,0.98788,11.237,12.023,5.2521,-7.6266,-19.098,-14.457,-0.83775,3.6585,0.0086045,13.359,9.2091,0.65948,4.9871,5.1141,11.327,2.3876,17.769,2.0016,4.5104,-2.7229,0.6718,11.686,0.81262
20.578,-23.241,16.558,-21.471,-4.6998,-18.566,4.5904,-9.0459,-4.657,-10.682,2.5177,5.2806,-2.5143,15.028,11.184,4.5976,-3.8485,11.217,-17.958,3.4195,-11.427,-10.404,13.655,17.305,-0.90767,-1.0544,-0.58562,6.6057,3.6211,21.203,9.9109,6.8859,-2.3754,-5.4058,3.3133,2.3298
21.889,-21.155,17.7,-21.348,-4.9625,-19.673,6.1209,-9.0027,-2.3609,-3.1265,4.1525,5.8254,-2.2637,11.826,19.768,12.45,4.0949,31.476,-8.0104,8.4379,-13.712,-16.667,27.148,19.989,-1.3095,-3.5905,-2.3827,1.0096,3.0269,9.6731,4.3976,3.7268,-0.90669,-8.3583,0.82783,-0.13508
16.921,-24.539,16.042,-20.406,0.34566,-9.7482,7.0238,-7.4438,-13.685,-16.042,6.8484,13.368,-4.6829,-2.8254,2.1732,6.6772,8.0945,38.958,11.419,18.972,-5.9615,-37.206,10.937,17.323,0.84079,-2.9088,-1.8461,1.8564,0.28781,-4.2076,0.42633,-2.5175,5.2271,4.7425,0.13563,-11.373
19.01,-22.81,22.326,-16.979,1.3684,-4.4708,10.479,-0.58941,-6.9376,-15.901,10.203,14.136,-4.4755,2.2116,4.6145,9.2604,1.5362,15.397,-7.1572,10.02,-3.6074,-28.382,18.857,8.5245,1.3263,-1.4319,-2.2513,0.79007,-1.2449,-8.6623,-4.5051,-9.1163,3.3574,15.504,-6.6808,-16.364
19.676,-23.827,15.331,-20.316,-3.818,-6.6882,8.1212,-3.7665,-5.3495,-22.898,4.9608,9.7871,2.7955,5.2906,9.5305,15.474,-1.1301,-1.7821,-16.253,-9.9592,9.657,19.166,18.478,-33.829,1.9023,1.4814,-0.055818,-1.0416,0.97299,-5.2299,-3.6237,-5.213,4.4484,22.043,-8.6931,-14.277
18.274,-20.406,20.362,-16.762,-2.1126,-13.504,1.9936,-5.8314,-8.3324,-13.89,14.525,11.878,0.62868,0.60797,4.8329,12.001,2.4828,8.5339,-16.7,-22.678,-4.734,32.666,-10.027,-36.252,1.4252,0.81269,-3.7351,-6.3776,-1.661,-4.3221,3.8259,4.39,4.3596,10.006,-13.512,-2.0674
18.687,-23.096,21.789,-12.777,1.5211,-6.1224,3.1399,-9.8025,-8.159,-7.465,13.927,-2.4181,2.2762,5.3833,1.7849,0.098853,12.486,16.24,-1.9278,9.2563,16.844,42.487,-18.087,-31.674,-1.622,1.4112,-4.181,-7.5782,-2.6213,-10.237,5.5618,13.105,7.3623,-4.5482,-9.0027,18.061
19.819,-22.871,21.514,-14.748,-0.05977,-0.48672,4.6191,-8.9105,-7.8998,-7.2841,0.70685,2.112,2.9104,6.2287,-10.188,-14.94,-13.577,-15.224,4.81,22.362,14.597,9.9865,-30.422,-2.8906,-2.0409,0.76873,-1.4172,-3.9409,1.0479,-13.288,2.2978,7.049,5.7758,-11.19,3.1017,20.725
20.042,-19.902,15.648,-21.274,1.3986,-5.077,5.8445,2.4013,2.8561,-4.9569,2.8265,-1.1667,-6.4552,9.5364,-3.864,-8.9458,-6.2066,-41.087,0.80095,33.048,36.803,7.765,-16.337,39.796,-0.86475,-1.8493,0.76351,2.2248,6.8354,-4.4301,0.11412,-6.7272,-6.8317,-10.306,9.8426,14.626
19.052,-18.888,18.339,-19.984,-8.8397,-21.639,3.0463,-0.75216,-6.5415,-10.151,4.864,9.8071,-5.2103,2.3751,0.57119,-3.1806,17.069,-29.244,-6.5754,0.67131,14.165,-5.9215,4.6072,31.637,1.3782,-5.1056,0.24838,2.0608,12.722,9.037,-1.6601,-9.5787,-11.076,-2.0711,11.186,-0.44961
15.843,-20.319,21.445,-14.632,2.8078,-16.09,4.3268,2.6422,9.5633,-2.1493,3.6794,13.632,2.0128,-1.9363,0.2226,5.3432,31.341,1.0994,4.3355,-13.534,-17.099,-1.0872,13.612,24.195,3.6041,-6.2457,-2.8187,-2.5372,4.1228,10.058,-2.0029,-8.7383,-16.447,0.21543,8.7835,-9.8802
19.313,-21.475,18.901,-19.659,7.77,-9.6023,2.0903,-8.6953,-4.1707,-11.649,2.584,10.531,5.5672,-13.563,-10.99,-11.781,31.261,8.8677,-5.2578,-2.2405,-13.832,4.0571,10.534,2.662,1.6127,-3.4127,-2.3544,-1.1959,-5.9522,3.3723,1.8397,0.65957,-3.129,6.4092,3.5595,-9.0229
20.918,-19.577,15.478,-18.765,8.764,-10.546,8.4903,-0.39425,-6.8787,-4.7515,10.772,10.569,6.1764,-13.723,-12.177,-17.332,7.3111,-9.8525,-9.8725,-9.1879,-31.434,3.8529,24.617,4.8825,-1.63,-0.17045,3.011,2.8862,-9.6212,3.5307,3.312,-1.1305,7.2217,5.7198,-3.4909,-9.9965
19.298,-26.041,15.827,-23.808,3.8126,-19.977,-1.6644,-0.35417,-5.2362,-6.8209,6.5844,12.67,0.77125,-8.7949,-5.0009,2.1776,-0.67741,-6.9062,9.7271,1.796,5.6875,23.654,16.902,-3.8216,-1.5132,5.0898,8.381,13.202,-6.0754,11.312,9.481,-3.7603,7.0303,6.1934,-6.4673,-7.9603
18.939,-24.898,16.893,-21.224,8.442,-15.828,1.2679,-6.1223,-5.6208,-2.6368,13.988,15.004,-3.7393,-5.1726,12.283,12.795,-0.79638,26.64,13.403,-21.205,9.25,17.713,-7.027,-22.546,0.13543,5.2538,8.5007,14.168,-3.3718,8.7477,6.2529,-4.0553,6.5802,2.698,-7.5248,-4.8611
20.688,-23.212,15.693,-17.341,7.5923,-10.414,10.565,-4.9333,-1.9559,-0.87889,9.4274,6.4023,2.9592,7.6105,18.685,39.166,4.9374,47.182,30.509,-15.033,0.9778,28.094,-5.981,-23.425,1.0092,3.122,5.7347,5.3854,-1.4584,-3.9566,-2.2471,-3.681,-0.090064,-5.9755,0.27226,4.7283
18.353,-23.577,21.687,-15.601,6.476,-2.0075,9.0772,-8.7072,-3.8939,1.1341,5.8373,2.4298,5.7595,4.3429,18.483,35.014,-12.355,6.8421,11.001,-21.05,3.8219,15.123,-1.5659,-9.6212,0.90864,0.025102,-2.4345,-8.8234,-4.9814,-21.451,-8.9582,4.6826,-3.5487,-13.558,4.9036,12.365
21.07,-22.896,22.773,-7.0362,7.2643,-3.2967,9.6855,-6.5784,-5.6108,5.3405,7.669,7.2445,1.0678,2.0571,20.573,17.995,-2.1899,-16.79,-0.30727,-16.686,7.9512,-4.9284,15.533,13.357,-2.1916,-3.7197,-9.769,-21.56,-5.1833,-17.242,-7.6971,9.4784,-1.9046,-17.526,-2.8387,4.1956
21.627,-22.885,22.595,-8.8689,2.4283,-15.966,7.2081,-15.825,-1.8825,1.8151,14.084,9.7726,1.7497,-2.2704,-0.8332,-20.736,-22.14,-48.631,-15.98,3.0346,-11.98,-33.567,6.7342,20.889,-2.7983,-2.0139,-11.567,-18.445,1.8141,6.1137,-0.46747,10.606,-5.8348,-12.112,-12.043,-6.1487
19.585,-22.53,25.525,-11.709,8.5212,-11.83,11.346,-9.7176,1.014,-3.6836,13.071,9.4096,-5.994,-7.6814,-20.502,-40.759,-16.087,-11.29,5.5139,20.316,-0.644,-35.189,-24.324,-17.702,-1.8081,-1.6734,-10.057,-5.4001,4.3341,19.891,5.1827,5.0738,-4.3019,-0.90138,-11.311,-9.8057
19.97,-24.895,19.894,-23.632,-5.2222,-22.057,0.25716,-5.6202,-13.196,-11.137,6.5036,11.791,-4.7009,-0.85728,-18.812,-27.833,3.6638,34.661,5.753,13.48,-21.055,-30.304,-41.85,-24.835,-1.2952,0.30736,1.9102,12.899,11.215,25.736,10.511,-2.6928,7.7528,7.7409,3.933,-3.2993
18.902,-25.731,13.872,-20.034,3.0461,-5.8966,15.918,-1.5224,-0.27584,-5.7778,-0.70308,-2.6161,-4.7476,-7.0165,-20.724,-5.4571,6.579,41.017,14.74,3.4597,-9.0212,-11.066,-16.731,-12.809,0.87759,3.5046,11.216,17.175,5.1011,3.6265,-1.2471,-9.0611,7.8958,8.4768,20.951,11.281
19.618,-21.713,19.015,-18.623,6.9978,-1.6024,7.7987,-13.182,-11.765,-12.29,0.045521,3.3681,-5.3493,-1.0661,8.8291,26.107,22.604,53.894,31.962,-2.001,30.972,-6.9231,22.603,1.9454,1.2682,2.1701,8.0898,8.8196,-3.0536,-13.532,-1.4068,-1.5895,11.423,10.297,24.437,12.91
17.387,-27.629,15.602,-16.942,5.7007,-1.5483,14.945,-4.2068,-4.2124,-8.6404,7.9341,7.2167,-1.2819,9.9457,21.756,18.149,-0.051807,-2.7746,-13.826,-17.248,12.822,-4.4958,48.204,25.312,3.6102,4.1335,3.3722,-0.85207,-4.2717,-13.452,-1.2736,4.6166,-1.6917,7.8265,11.706,8.2551
18.053,-24.479,23.444,-12.125,4.7525,2.7163,16.725,-5.2785,4.258,-13.167,13.486,7.8478,-0.092682,1.5119,0.39671,4.4622,-8.2891,-11.102,13.002,15.887,25.141,17.894,47.867,20.656,4.4676,0.02909,-7.0297,-6.1967,-3.3541,-10.094,-1.3132,8.2054,-18.299,4.0558,-6.0045,-0.057349
19.043,-19.375,22.536,-14.209,4.1428,-9.4432,4.542,-14.098,-1.8764,-7.587,16.678,7.8,10.675,12.362,0.3526,1.1049,0.66693,6.2544,17.852,17.599,-14.564,15.658,29.168,19.111,3.7061,-4.7008,-7.689,-1.844,-1.2695,0.29833,5.6876,8.0537,-15.123,-5.0137,-15.896,-6.4108
18.744,-25.084,15.747,-17.759,3.6322,-3.206,19.501,-0.29306,-0.36217,-3.8698,19.607,13.404,11.01,-2.1287,-15.618,3.645,5.474,-1.0915,9.5569,21.603,-46.828,3.2789,2.0981,4.7593,1.5303,-2.1005,0.66549,0.47869,-4.4244,-5.7108,-7.2201,-5.1536,-9.5366,-13.744,-13.707,-5.0066
22.379,-21.146,19.627,-13.573,6.5943,4.5401,22.483,2.0998,-9.1843,-5.4603,19.458,13.994,11.697,-11.738,-8.6822,9.3374,-13.281,-6.2883,16.334,20.162,-26.811,-22.257,-8.393,1.2063,-4.2101,-1.9251,3.0786,-0.86411,-5.9438,-14.015,-14.795,-9.5457,5.2756,-10.399,-9.1532,-2.5317
21.89,-24.658,17.089,-10.62,6.2637,-4.821,12.533,-2.5762,-15.502,-12.591,13.146,7.1306,7.0477,3.0593,8.2416,2.7394,-23.437,-33.385,-22.34,-11.163,-16.418,-31.869,-1.8871,4.5751,-7.3531,2.594,3.9826,-4.1948,0.82527,-5.0715,-10.734,-7.1157,14.206,1.5094,-6.1566,-3.5061
23.319,-25.457,17.524,-13.109,-3.8133,-11.78,16.193,-2.8756,-7.7122,-14.355,15.712,11.54,-8.394,0.14232,3.8162,-2.7629,-14.596,-47.676,-40.174,-13.747,-3.3909,-18.762,-14.605,6.5443,-6.8517,5.5004,-0.6513,-5.4911,9.4037,6.1098,-4.5167,-0.61363,7.565,13.054,-7.8827,-7.2064
21.798,-21.399,20.919,-16.621,-2.8827,-11.738,11.476,-3.3869,-9.3072,-15.357,20.536,16.919,-15.71,4.901,-1.9541,-11.279,10.258,-5.7554,-15.861,2.9787,12.494,9.0783,-25.579,-15.44,-1.6208,3.4179,-4.7934,-2.5209,10.184,15.063,4.5506,6.4445,6.6808,15.334,-10.682,-8.6225
18.228,-22.705,19.62,-11.954,3.8694,-15.839,2.9243,-4.3682,-13.977,-13.458,8.4604,12.372,-11.183,14.843,-6.8409,-11.109,16.89,10.446,-9.4888,10.023,-3.4423,22.541,-35.961,-24.818,5.9442,1.1392,-2.9427,-2.1456,2.7474,11.091,4.3169,2.6651,6.186,7.1693,-1.9834,-1.2815
16.581,-23.584,15.064,-16.837,7.5515,-5.6692,11.237,-0.34054,-6.1223,-8.5003,3.9823,-1.0054,0.33814,12.799,-10.397,-5.6923,11.741,12.867,-14.929,9.1747,17.012,24.149,-44.617,-22.856,8.4032,-4.3524,-1.2335,-1.5664,-3.9776,-2.9615,2.1672,-0.77024,5.8958,-0.045632,10.043,8.5247
20.336,-16.943,17.031,-18.556,-0.58531,-9.5916,11.568,0.61285,-11.026,-6.5128,6.0088,8.0933,13.303,1.8895,-6.6759,-16.284,-1.6007,-1.5343,-19.055,-3.5191,25.28,9.5488,-15.003,3.8449,3.3132,-10.316,-2.0603,-1.1151,-1.5943,-1.4116,6.7337,-3.8024,3.1746,-3.4654,13.923,3.1267
20.913,-17.88,17.015,-16.166,5.2153,-8.4285,-0.31079,-1.2901,-2.2769,-6.7553,-0.54671,7.6298,14.063,-10.384,-8.2041,-16.523,-0.38422,-14.573,-0.24177,5.8986,27.612,15.346,14.157,12.852,-2.4724,-7.3754,0.33723,2.8698,2.8724,8.7569,17.12,-2.3946,-9.246,-4.6148,13.882,-6.8679
22.713,-24.612,15.307,-20.431,4.2371,-15.227,-0.82937,-5.653,-3.2597,-9.5565,3.2234,9.9767,-1.4794,-25.145,-18.239,-11.269,14.981,17.108,16.836,-7.3505,7.1308,9.6154,4.2655,-27.038,-4.7971,0.79568,3.9502,7.6997,6.2279,15.346,14.992,1.0064,-15.673,-6.2746,5.4222,-11.053
22.424,-24.942,11.824,-24.161,4.9481,-10.138,17.315,5.7417,3.8006,0.69456,12.453,4.4787,-4.6328,-10.561,-2.9293,6.1488,17.813,47.331,52.727,-0.88269,-20.144,1.0419,15.159,-41.754,-2.4768,4.7358,5.5627,6.8452,1.8356,10.135,-1.1181,-0.35116,-8.9089,-9.4531,-1.9623,2.4739
18.841,-25.985,10.507,-20.193,7.0389,-0.18279,11.174,-6.5783,-10.499,-5.4301,1.6415,-3.8504,-1.3343,5.9561,10.438,10.878,20.44,44.243,29.42,4.9037,-29.205,-14.672,11.607,-24.118,1.6069,4.4394,4.0594,-0.0093908,-8.8048,-11.476,-11.541,3.5194,8.5883,-0.16261,0.24529,19.102
20.533,-22.474,17.95,-13.211,12.721,7.715,20.051,-1.2688,-8.729,-8.2975,7.8239,-6.3338,1.6067,-2.2562,5.2711,6.6292,6.0644,22.534,-12.124,-1.9842,1.2353,-19.776,0.67433,23.761,1.2262,-0.24917,-3.3471,-9.0033,-16.5,-25.119,-18.863,-3.1467,14.944,11.187,-0.46588,20.148
22.992,-22.867,17.462,-20.467,10.571,-2.0317,12.512,0.30409,-11.597,-12.396,11.342,3.3239,3.4355,-7.1009,-2.0422,-11.556,-23.169,-27.872,-8.4445,10.797,39.383,19.211,12.734,35.715,-0.19239,-0.021257,-6.5698,-8.8629,-16.796,-19.595,-7.2787,-8.7281,9.8827,12.558,-0.8151,7.8885
21.152,-27.629,10.982,-20.709,6.2143,2.0534,10.583,1.3084,4.9674,-5.7101,7.9405,12.772,-0.88685,-5.2783,-13.425,-27.651,-42.883,-42.207,-22.654,-19.563,20.282,40.035,12.266,29.071,-1.0423,4.2889,-2.8573,-0.95218,-3.6696,-6.4008,2.8118,-9.8878,-10.016,0.62802,-3.1142,-3.3783
20.25,-26.958,12.97,-22.222,-1.2924,-11.288,11.685,-2.4682,2.3439,2.8817,7.9504,4.4545,-1.0495,7.3609,-13.063,-16.296,-39.064,-21.36,-1.7092,-29.947,10.685,18.211,1.7354,12.669,-0.8531,5.6753,3.408,10.233,13.585,11.759,3.21,-8.048,-19.546,-13.24,-6.0659,-4.3834
21.461,-23.068,13.484,-26.159,-2.7892,-8.7605,9.1376,-9.6643,-5.5587,4.0809,15.652,7.6366,-1.3624,11.958,-3.5048,4.2384,-4.3359,-12.726,-1.4332,-31.051,-34.494,-16.135,-9.397,18.393,-0.61907,1.7412,8.7408,12.842,18.806,13.204,5.4891,3.3688,-10.405,-13.371,-6.0574,-8.8446
22.312,-21.467,9.6797,-25.89,-4.4595,-7.3048,12.381,-9.1832,-0.99175,-8.1865,8.3533,12.226,-0.59219,12.658,10.038,23.665,25.484,16.18,-3.005,-23.699,-30.957,-18.903,-6.7636,19.138,-0.16317,-2.6438,9.0695,5.3567,11.446,5.7544,2.7499,12.301,-2.5596,-2.0842,2.4757,-10.69
19.439,-24.395,10.875,-16.756,5.6299,-6.3012,9.519,-10.86,-10.612,-8.2436,3.0405,18.082,-4.2109,0.77908,18.728,16.578,18.871,5.0425,5.4397,-5.8436,-10.923,-8.2657,-13.771,-18.386,1.6193,-4.3379,3.6486,-4.7916,-3.7439,-0.55059,0.77274,17.866,11.468,0.44213,3.2598,-15.334
20.964,-19.966,19.294,-15.091,7.2402,-4.4277,9.9921,-13.72,-10.608,-0.40742,10.875,8.8004,-0.4411,-0.26906,21.168,4.3174,6.5611,-1.4724,8.6037,18.955,-13.899,3.8546,16.301,-22.392,2.3389,-5.1786,-4.5177,-6.9928,-8.7796,-5.7473,-3.5045,14.634,11.629,-5.7508,0.54671,-10.623
20.029,-23.429,18.041,-23.27,0.79668,-7.6778,13.052,-10.318,-6.2121,-3.9415,7.5062,0.1566,6.6584,-3.2688,9.1732,-10.046,-13.594,-6.6523,-3.3738,36.955,14.315,-25.303,-4.6303,-37.512,1.3233,-3.4064,-6.8449,2.2993,0.77047,-0.35369,-7.222,0.59986,1.1924,-5.8251,3.0758,2.8476
21.797,-22.085,16.68,-20.474,1.2377,-7.3527,14.916,0.023149,-10.141,-8.4103,14.271,9.9931,5.6677,-11.211,-7.7729,2.0126,-2.1813,-6.7085,-16.121,28.072,14.568,-39.138,-8.6005,-24.414,-1.8327,-2.1606,-4.9515,6.0799,5.499,2.7436,-5.1269,-12.449,-5.4687,2.1353,2.3574,6.9885
22.352,-24.97,16.768,-19.087,1.8344,-8.1648,5.3701,0.74624,-3.6879,-16.894,-0.97282,-1.2697,-0.64868,-10.782,-1.0255,29.227,27.095,5.8922,-18.308,-7.4028,-19.194,-15.895,14.058,-3.1369,-3.9939,1.1386,-1.6711,3.8879,2.5851,2.9234,4.6801,-11.52,-12.791,12.173,8.5102,10.775
22.637,-24.801,16.044,-16.176,5.6307,-7.5385,5.7724,-5.216,-4.586,-13.5,10.814,-2.6937,-5.951,-7.3156,1.5098,15.08,13.712,5.9732,-9.5637,-21.111,-24.487,9.8268,18.744,-4.6371,-4.7642,2.0944,-0.61155,-6.5784,-9.7962,-2.677,7.3975,2.8429,-0.32522,9.6104,-2.6268,9.7707
19.285,-27.462,17.847,-10.805,12.148,-4.6388,8.4695,-11.4,-18.587,-9.3439,16.264,4.9315,-7.5016,0.47612,-3.8237,2.8599,-8.6147,1.6238,16.748,3.9473,-30.11,11.08,24.248,6.4758,-2.0416,1.9506,-3.8703,-15.654,-19.935,-10.15,2.1344,13.398,20.239,0.70399,-13.396,8.6876
20.355,-24.497,16.896,-17.075,2.9368,-6.1291,8.5845,-4.4595,-14.935,-7.2718,15.025,4.5739,-14.727,-6.3682,-9.4315,-17.695,-33.307,-17.959,3.3389,36.611,18.4,-4.573,-26.83,19.633,0.89125,0.79667,-2.3096,-9.971,-9.2749,-6.2649,-0.12188,5.4868,20.31,0.97362,-9.9521,9.5951
19.742,-24.884,14.43,-17.208,-1.126,-8.0575,12.338,2.3417,-13.568,-14.468,9.0461,-1.6655,-6.4689,-1.5026,-14.907,-32.654,-49.07,-32.891,-14.087,30.725,60.558,-5.175,-30.136,28.166,3.1781,-0.48093,0.91166,-2.6571,5.0415,6.9693,4.5115,-10.267,11.618,12.242,1.1167,3.9369
15.045,-29.274,13.036,-21.823,-4.3862,-14.809,5.5076,6.2189,2.105,-13.225,1.008,10.421,-2.0112,-2.3429,-4.4965,-17.018,-12.435,-8.0943,5.2446,-7.066,31.73,22.822,-3.8245,32.494,5.9296,2.3179,2.6662,5.3758,14.8,15.498,12.005,-19.977,-7.8871,17.054,13.956,-7.0668
18.706,-25.825,12.323,-24.758,-8.7259,-16.744,2.9642,-1.3763,3.1722,-8.955,8.2042,16.091,2.0308,-3.9412,-1.7329,-10.764,6.157,31.538,38.352,-25.547,21.312,58.592,18.33,19.73,4.6038,3.8507,2.1577,7.4076,13.011,7.9887,6.6505,-13.916,-16.632,8.8729,10.738,-15.126
19.867,-25.198,15.701,-21.809,0.51914,-5.8329,15.894,-6.1335,-7.4406,1.3828,13.533,11.943,10.671,6.4404,-2.6876,-1.7612,13.08,27.317,37.145,-35.136,-1.4124,48.813,18.716,-11.483,2.705,4.768,-0.32742,3.1415,-0.22222,-7.3846,-9.1473,-3.0811,-12.638,-11.576,-0.49386,-17.473
18.346,-28.893,12.232,-22.597,-0.50021,3.2235,26.321,-4.2558,1.8605,7.5241,11.948,7.4388,10.209,13.359,-5.0227,-3.2441,3.2254,-10.653,3.2146,-24.822,-6.0296,26.194,12.282,-25.477,1.416,3.5737,2.7864,7.9646,-1.5324,-14.882,-19.391,3.1668,-13.553,-23.176,-7.0804,-7.5223
20.56,-24.52,11.739,-23.784,-1.9592,-11.134,12.402,-9.9092,2.0546,2.9421,8.4939,9.0056,7.4244,12.847,-4.4887,-5.0704,-12.081,-23.922,-22.923,-22.834,-17.789,-18.861,-3.2699,-32.269,-1.0444,-0.82719,5.1021,11.414,2.1041,-4.5838,-10.094,8.6809,-7.9952,-16.293,-9.8941,3.2428
23.464,-19.484,11.793,-25.392,-5.8741,-19.42,6.3174,-11.9,-4.5902,3.3624,16.865,4.8205,10.734,10.724,13.1,30.713,11.075,-17.251,-28.568,-15.864,-38.264,-23.45,-6.0796,-7.4886,-3.231,-3.4488,6.1006,11.004,7.176,7.7967,-0.23027,10.029,2.622,-6.4661,-12.862,8.7715
21.021,-23.479,13.676,-22.946,-2.8342,-6.4718,14.434,-13.729,-13.11,-5.967,9.4401,-2.8828,5.1864,3.6219,13.762,38.328,19.675,7.697,2.5691,3.7896,-25.271,-7.83,-21.574,-4.2635,-5.0878,-4.4148,1.9076,1.7523,5.3361,3.877,1.261,12.563,14.056,3.9036,-7.9855,10.703
23.483,-24.051,17.813,-7.6593,5.4747,-7.7331,11.021,-10.278,-9.6896,0.25384,8.4354,9.6388,-4.8267,0.72766,16.355,30.076,23.228,12.521,-10.683,12.009,10.821,-11.652,-42.874,4.3773,-6.7,-5.5655,-5.8309,-14.719,-0.70554,0.81505,2.0583,8.7197,13.503,-1.1118,-0.15449,5.1214
23.144,-20.425,15.61,-13.487,2.204,-13.129,11.335,-8.825,-8.0311,0.58134,1.9216,4.4648,-10.234,-4.229,3.4214,4.0096,8.5235,-19.423,-25.561,26.042,27.946,-5.2423,-24.8,15.312,-4.3626,-4.1025,-6.1995,-16.891,-1.8423,-1.5759,0.33716,-0.16753,4.519,-5.2053,10.041,4.2535
19.989,-20.647,19.004,-15.084,3.2206,-9.8311,2.5258,-8.3469,-1.7188,-5.7377,-0.81316,3.3354,-15.055,-13.178,-10.885,-25.724,13.123,0.38406,-4.212,16.608,2.6433,-30.302,-5.2391,8.3308,0.61701,-1.56,-2.8218,-9.8605,-2.0901,2.241,3.1583,-7.9005,-4.0553,-2.6716,13.079,-1.9581
17.65,-27.295,14.791,-17.229,2.5546,-15.134,5.9014,-1.6731,-3.1219,-5.5924,1.6644,7.9248,-11.512,-9.9379,-3.6161,-18.23,15.516,5.886,1.0195,0.6526,1.4132,-24.531,9.8133,15.027,4.23,2.7029,4.6091,3.4296,-0.10675,10.687,2.8398,-10.346,-3.7299,1.2268,3.9492,-5.5763
18.702,-27.205,12.78,-18.65,11.861,-6.5385,11.632,-5.5505,-10.823,-11.81,5.9444,12.074,-1.1026,-4.2181,5.7646,-8.1075,9.2807,11.072,-8.1815,-14.799,3.8113,-15.366,5.2125,-5.2711,4.6791,3.5902,6.4174,11.339,-7.3948,2.6853,-6.5931,-6.2455,-0.59217,10.084,0.46588,-5.4822
18.031,-22.115,16.914,-20.819,5.6419,-11.832,7.2915,-9.897,-2.7727,-8.648,3.4494,7.6091,3.9395,4.8056,18.142,12.35,9.9109,28.671,-9.3771,-9.9852,8.7128,-6.5767,-10.28,-5.7684,3.766,2.6421,0.19251,5.2069,-9.4879,0.38881,-4.8947,0.77367,-6.2327,8.4469,5.7386,-3.1131
19.247,-25.346,20.825,-17.343,6.3172,-5.9461,-2.26,-11.634,0.012184,-11.893,0.90056,0.8577,0.61417,-2.5991,10.323,15.681,-21.048,2.4183,-31.979,-9.301,-3.9673,11.139,7.1368,-8.6825,2.2214,2.7903,-5.0251,-4.0336,-6.7705,-3.1302,2.6666,3.8718,-8.4727,3.2936,11.684,3.3311
19.347,-25.822,19.84,-11.708,10.282,-1.0951,8.1587,-3.6237,-4.1829,-8.8397,-0.9536,10.649,6.4595,2.4629,-4.9328,-4.0896,-16.759,12.157,-11.555,1.7721,-25.861,4.4506,37.544,1.1674,1.801,2.3455,-5.464,-9.5695,1.7557,-1.9435,12.052,-0.059358,-3.4183,-3.8777,6.6268,-0.52464
18.351,-26.651,16.478,-15.365,-0.98324,-10.698,-4.7917,-13.338,-12.101,-6.1451,11.714,6.213,8.7443,10.905,-7.8233,-20.056,-11.237,3.6778,6.2404,-1.3186,-21.265,-4.4112,39.721,7.9166,0.79781,1.9326,-1.1873,-4.5509,14.443,3.3206,21.603,1.7213,5.2319,-7.8662,-12.61,-0.50357
21.709,-20.231,16.621,-23.852,0.91265,-3.3781,2.7799,-8.1593,-9.6467,-9.2965,16.815,5.5151,8.8794,9.7811,-0.10465,-17.629,13.783,18.323,31.775,-14.273,0.27034,-18.19,6.562,-16.691,-3.9503,-2.9234,1.4117,6.0087,15.227,-1.5046,15.12,5.6066,12.876,0.14405,-25.812,-1.1652
22.439,-22.689,18.523,-21.299,5.3834,-2.9657,3.5495,-10.026,-7.8884,-13.87,11.877,7.3829,3.3932,3.4046,1.9724,-0.30326,35.897,15.938,54.372,7.3283,9.1265,-16.872,-40.421,-2.271,-6.4188,-4.234,-0.47913,9.6412,7.2739,-10.409,-1.4663,8.5764,8.1581,5.3215,-20.994,1.3427
21.743,-22.912,18.765,-17.556,13.99,4.2003,19.875,-12.416,-6.154,-14.072,2.246,1.7183,-10.616,-8.4039,-2.772,16.078,35.81,-1.4962,39.982,25.482,23.321,11.401,-51.446,0.43544,-5.5222,-5.1703,-2.9255,2.457,-9.855,-20.94,-22.679,5.3704,-0.22215,7.9129,-0.3035,4.6745
20.031,-23.609,16.392,-18.665,10.427,-6.5182,13.847,-7.545,-9.2841,-12.193,-1.2119,6.9759,-13.602,-1.173,-8.8853,11.296,14.119,-38.457,-5.1947,21.686,7.9999,7.4007,-36.242,6.0668,-1.7247,-5.3193,-1.3474,-5.3598,-18.841,-12.31,-25.457,-2.6015,-1.9483,6.1313,22.425,0.73363
17.605,-23.973,16.3,-17.13,16.296,-2.3499,17.622,3.3411,2.7117,-4.4345,-2.3638,5.9363,-10.234,-13.782,-9.3032,-11.144,-24.603,-59.179,-51.836,5.4,-0.27713,9.238,2.955,2.5125,2.8773,-0.63931,4.7914,-4.7429,-15.669,5.744,-9.8623,-8.9047,-5.1602,-0.33373,32.7,2.1392
17.707,-22.745,15.313,-15.863,11.29,-18.919,2.0787,-7.0614,-8.3214,-14.988,-3.9389,8.3073,-5.4212,-20.503,-1.4991,-13.492,-28.099,-16.773,-27.003,4.3616,11.184,14.867,44.502,0.35857,3.5356,3.8,8.1552,-0.69813,-2.8797,25.243,11.606,-4.4038,4.1193,0.92947,24.721,6.0881
17.788,-30.235,14.653,-24.529,1.2569,-19.189,-0.15858,-9.958,-6.774,-8.0555,5.087,2.3089,-0.32052,-1.9355,17.492,4.7568,-21.424,16.382,1.5748,-10.38,-4.072,5.9994,71.683,13.986,3.8035,11.872,7.0545,4.4463,13.378,21.848,16.139,-0.80115,6.5772,-0.33429,-0.35873,7.2658
17.229,-30.729,16.466,-21.712,3.8964,-6.4852,9.2354,1.2853,1.0507,-2.9492,17.314,8.9689,-0.8809,11.904,18.493,-0.14487,-1.8686,49.978,26.132,7.5569,30.494,13.667,53,30.771,4.1934,11.277,1.3383,2.0751,18.173,1.1695,0.71477,0.52486,0.44854,-4.3077,-24.316,1.7041
17.684,-20.949,24.469,-11.828,9.2811,-0.37615,14.831,-6.0222,-4.0103,-7.4545,22.851,12.598,6.5133,29.373,15.973,4.4137,29.171,16.685,2.2938,-0.20342,22.954,8.1662,-3.0879,23.635,3.9581,-0.025579,-4.5468,-4.2162,11.178,-9.0449,-11.953,3.8663,-2.0269,-6.4731,-33.647,-12.118
17.318,-21.436,19.651,-22.286,6.3438,-3.3366,7.6499,-5.2509,5.5437,-8.4553,13.679,18.548,12.129,20.227,5.9518,-2.9444,37.468,-11.077,-23.789,1.8977,-0.086224,-7.7555,-39.691,4.0541,2.218,-7.3956,-0.75623,0.25138,-0.57744,-4.2367,-7.8685,1.2971,-13.048,-9.5259,-18.937,-17.916
21,-20.195,21.047,-22.035,14.619,-12.42,1.7811,-6.7916,2.4564,-1.2194,5.3604,9.3371,12.965,-6.2249,1.0288,-14.925,14.8,1.6843,-33.229,11.781,1.0833,-15.655,-50.208,-33.246,-2.7171,-11.248,-0.17844,1.4382,-14.438,9.5342,5.1366,2.0512,-11.011,-12.559,7.1339,-8.0224
21.635,-20.993,21.153,-18.08,19.962,-6.0016,3.866,2.6189,-2.2258,-9.9445,6.2137,12.627,6.9833,-7.275,22.184,10.781,2.4297,36.294,4.5511,8.0498,-23.811,-22.052,-18.125,-30.369,-5.0054,-5.5384,-2.0617,-0.88415,-18.188,7.6394,7.8005,-4.2683,-2.111,-4.7278,24.375,8.3328
22.008,-24.283,24.233,-21.393,9.8719,1.7985,0.10889,-4.0664,0.41611,-14.537,1.4801,-1.0638,-4.4997,-13.119,6.9648,4.742,-25.501,40.67,13.807,6.9767,-20.24,-47.483,21.799,0.73523,-5.0994,0.33728,-8.5933,-2.4461,-8.8174,-7.3726,3.0446,-7.8008,2.9852,4.8996,28.046,22.463
20.306,-23.03,29.151,-17.217,9.9319,7.7012,10.762,-2.5886,-5.3417,-12.822,6.5564,8.5638,-4.166,-4.0183,-7.3249,-17.198,-33.322,7.6271,-8.3041,-17.041,0.020584,-15.481,46.18,28.728,-3.1381,0.77252,-13.889,-8.0641,0.65327,-18.357,-3.9161,-4.6449,13.611,14.673,10.09,11.405
19.415,-25.736,20.531,-20.096,6.8828,1.0634,5.2367,-0.69953,-6.1058,-23.522,16.088,11.736,-6.9574,-6.1669,-27.183,-13.165,-11.411,-20.845,-11.578,-14.677,4.0936,5.5577,57.87,49.523,-0.8824,2.1576,-5.0422,-4.1601,9.3684,-11.632,3.6758,4.8796,12.724,22.548,-16.513,-10.029
20.849,-22.276,19.341,-27.328,4.7952,-1.8205,-2.85,-7.5852,1.0455,-13.192,22,20.59,-7.4784,-6.8883,-30.189,-20.585,-1.3489,-24.734,-2.337,-4.3479,32.077,24.794,14.29,2.2637,-0.42526,1.079,2.6049,2.1172,9.1871,1.3923,9.6108,12.772,2.8383,7.5399,-31.78,-26.084
18.258,-27.744,15.546,-22.92,6.7345,-3.8633,1.1255,-8.9067,-0.73066,-11.573,22.693,17.684,-7.2555,-0.89539,-6.8141,-14.365,5.3539,-1.3104,29.202,25.028,27.353,45.121,-44.821,-36.177,2.3488,3.2668,8.3206,2.3687,4.6446,10.155,7.1553,9.0447,-7.8945,-5.2247,-26.285,-23.059
17.145,-25.47,16.548,-26.097,9.3316,-2.2026,11.649,-0.65892,8.0091,-6.3994,10.399,6.7216,-6.1432,-1.2591,-4.485,-6.0127,4.2307,4.8212,19.359,26.964,2.5822,2.4375,-61.374,-58.843,4.8951,2.9661,7.5289,2.7547,0.26221,7.6945,-3.1469,-4.5657,-20.473,-13.423,-0.65493,0.66498
17.639,-24.587,18.52,-27.893,7.2916,0.59924,12.589,8.3513,4.089,-4.358,-0.52185,0.58201,4.1192,7.3524,1.5679,-8.6083,9.0219,15.153,13.35,14.89,-20.632,-9.3874,-35.724,-35.221,4.8414,0.92928,3.1079,3.0076,-2.4505,-0.21198,-7.3606,-14.741,-19.773,-14.435,18.59,19.722
18.087,-24.484,15.612,-27.847,6.632,-1.6411,1.0982,-2.7323,-0.073242,-15.581,2.9203,-0.27984,11.31,3.8186,3.2646,-9.6903,-1.8719,5.5069,-10.145,-22.108,-46.295,-15.068,6.4666,5.1105,1.6546,0.32796,3.4253,6.521,-2.8561,-5.9595,-2.191,-13.657,-10.883,-1.0316,19.888,28.359
19.847,-24.561,16.798,-26.349,12.595,3.4324,13.076,-0.42483,-7.0053,-11.676,8.5708,3.5745,8.2252,1.2122,4.8507,2.5121,-3.8473,-2.7132,7.1514,-24.143,-47.073,-18.302,14.206,30.454,-3.9858,-1.4575,1.3131,10.271,1.1804,-8.4394,-5.0833,-10.056,1.4112,-0.073034,3.2942,16.704
21.696,-23.574,19.042,-31.715,5.7438,-0.86571,6.3324,-7.3246,-9.5913,-10.274,9.086,7.7806,0.076755,3.4508,11,21.032,-3.6152,-16.043,11.504,-21.804,-38.611,1.7369,13.102,50.117,-5.5385,-0.98726,0.050776,9.9947,9.2753,-1.7237,-5.8318,-1.1008,13.939,2.0514,-7.2947,1.1166
19.947,-24.436,19.231,-24.704,5.812,-1.1451,13.547,-1.4241,-14.689,-16.162,3.4984,11.779,-10.193,0.24871,4.266,27.383,15.796,-16.269,-22.891,-35.541,-17.418,-18.155,-22.57,25.797,-2.0816,-0.52673,-3.2887,-1.0957,6.4071,3.9262,-8.2995,4.4171,20.134,9.0411,0.18092,-7.0676
18.075,-22.821,19.896,-18.154,8.2161,-7.3741,6.6145,-13.135,-15.537,-12.47,12.008,20.677,-7.1733,-0.63603,3.8108,27.848,34.683,3.6663,-24.283,-21.913,8.5714,-4.8843,-11.619,13.022,2.0712,-0.59251,-5.6617,-10.002,-2.8782,6.1678,0.94821,15.88,16.608,10.156,8.7478,-11.025
16.56,-24.813,18.504,-19.438,19.257,-1.4478,1.4892,-15.29,-12.741,-19.656,-4.1751,10.025,1.442,0.62194,-7.9984,-6.3741,9.0393,7.0629,-16.452,-2.0029,30.007,30.214,27.471,13.663,4.0031,-0.088654,-3.9893,-7.8071,-15.027,0.79397,14.617,23.622,7.7783,13.237,19.109,-9.3722
19.802,-23.703,21.31,-20.424,16.363,1.1188,0.21984,-11.348,-6.2792,-10.97,7.1133,15.169,4.6148,0.30167,-11.176,-12.1,-14.628,3.1297,13.026,40.827,20.715,28.334,31.82,1.0585,0.65872,-2.4489,-3.3012,-3.3221,-14.648,-5.5337,11.945,14.405,-3.172,-1.0901,4.7736,-16.085
19.804,-23.684,14.524,-26.756,6.2583,-1.8601,8.5183,-3.3188,-4.3141,-1.8053,19.681,21.365,3.928,-0.66341,-8.1869,8.3215,-34.684,-12.031,31.537,51.2,15.402,31.423,51.253,-15.083,-1.1506,-2.279,2.3982,2.3719,-2.6356,-4.4694,1.6282,-2.7217,-6.439,-15.352,-13.569,-18.178
18.761,-23.234,16.298,-20.545,7.4015,-5.6032,9.6128,1.293,-9.3932,-7.2278,15.99,15.536,-5.1227,-12.238,-12.601,3.8892,-16.694,-14.455,11.449,23.509,0.013687,-10.939,0.3581,-53.029,-0.1115,0.037894,2.2389,-4.0242,2.2788,-0.67006,-10.417,-17.829,-0.12963,-14.64,-19.124,-6.8172
19.045,-25.379,16.917,-15.216,6.3959,-4.1022,12.561,3.9893,-3.4832,-5.815,17.013,2.2999,0.55766,-4.5031,4.7046,-2.5095,-3.106,-6.4918,-7.5233,-6.9524,8.1628,-26.909,-24.644,-50.184,1.725,3.7728,3.1957,-4.5909,4.0336,0.51718,-13.772,-17.468,0.16564,-10.028,-17.954,10.277
17.62,-28.975,13.813,-24.249,7.9473,-4.9877,3.923,-3.2479,-6.6878,-14.435,8.6264,-1.8137,5.7425,2.411,-6.4275,-26.806,-19.023,-2.9901,-19.528,-19.244,23.687,-15.698,-25.85,-15.477,2.9767,7.3264,6.6374,5.8314,1.4734,0.84887,-4.2612,-7.612,-0.21208,4.4533,-3.468,23.106
20.653,-23.065,18.119,-26.159,4.4323,-5.4137,7.6015,-4.5246,-1.5854,-11.656,11.041,4.9476,7.1202,10.876,4.7051,0.71426,-13.351,-15.177,-21.836,-14.765,4.394,-16.337,-25.411,17.527,-0.37978,3.0586,5.1989,9.9459,2.9148,4.1638,8.3008,4.2403,-1.5936,7.9959,0.77687,15.032
20.828,-23.186,12.483,-28.477,-1.1282,-6.4425,2.3288,-4.0719,1.5012,-12.156,6.0507,6.4737,6.4794,16.704,20.586,31.434,-4.2042,-5.868,-2.7002,-10.645,0.83766,6.0407,-16.598,28.646,-2.992,-1.7933,6.2232,6.831,8.5278,10.421,19.782,15.568,2.4725,7.5219,3.6199,0.8086
21.002,-22.835,19.935,-12.745,4.2581,-10.964,2.4404,-2.981,-5.3807,-15.123,5.5954,6.9196,-1.7096,3.6433,17.192,18.1,4.0588,15.766,25.567,9.9498,11.619,2.2008,-25.386,2.9167,-4.5502,-5.8264,-1.0537,-7.5478,3.8521,11.531,15.017,15.155,11.197,8.7422,8.6125,-3.3263
20.686,-20.738,23.198,-15.239,5.9323,-5.1468,5.1535,-9.3422,-4.3714,-9.6811,3.0502,11.523,-4.8026,-2.9392,18.445,-1.3435,14.911,33.641,55.681,46.238,32.437,12.643,-7.7634,-4.1289,-3.4712,-5.8805,-6.0812,-9.2907,-2.033,-1.2105,-2.018,5.0921,2.5625,2.8489,14.334,-1.3519
19.869,-22.467,21.357,-23.728,2.9315,1.8215,18.973,3.0855,7.1604,-11.793,-0.15155,3.8813,-9.9897,-8.4341,0.50707,-20.636,-3.6483,22.725,24.058,32.567,44.577,24.073,13.234,17.283,-0.16489,-2.0282,-7.2369,2.0487,-7.3203,-18.924,-18.132,-12.92,-13.841,0.37227,18.285,7.3163
18.993,-24.839,20.994,-23.657,6.9906,3.9857,21.903,16.014,11.449,-7.4993,5.0425,5.9284,-6.7368,-6.6593,-1.4776,4.3487,-10.516,-15.4,-12.036,3.5068,-2.829,9.3491,35.764,14.703,1.7182,2.5761,-6.7296,9.3759,-7.1022,-25.912,-19.381,-24.265,-25.109,-5.7471,8.6362,1.7873
16.853,-25.001,21.29,-18.854,1.9049,-4.1675,6.0949,0.62446,8.9979,-4.1773,11.216,18.358,-1.567,-4.6379,-9.0311,25.497,-19.829,-54.335,-31.236,-33.286,-39.952,5.709,44.275,30.082,2.8074,4.9107,-1.7257,9.4073,4.532,-12.461,-0.48889,-13.26,-26.272,-14.996,-10.045,-13.053
18.825,-22.8,22.493,-15.501,1.1878,-9.8522,5.5746,-6.3583,-6.7046,-8.8147,15.248,11.636,-0.42298,8.0431,-10.434,22.47,-12.509,-57.391,-13.578,-42.162,-50.844,-6.9108,19.897,-1.5926,2.1618,2.7394,-1.559,-1.2609,13.021,12.659,17.137,3.1013,-6.4065,-8.2831,-26.625,-16.587
19.17,-25.806,16.092,-15.057,-4.0818,-18.427,11.519,-2.3712,-3.739,-8.2813,16.883,16.069,0.8902,8.768,-3.6431,17.34,20.008,-18.584,22.385,-10.9,-62.777,-42.778,-29.06,-39.836,1.1556,-0.37162,-1.2645,-8.967,15.573,33.998,18.634,12.354,7.6131,1.53,-29.232,-15.856
17.623,-20.415,18.376,-14.321,3.7292,-17.58,12.402,-3.5691,-7.6045,-8.9027,12.157,6.2769,2.8437,0.33454,-11.967,2.1227,34.673,30.021,46.837,7.8205,-23.449,-7.8227,-60.694,-33.273,1.0296,-4.3767,-1.2662,-7.4574,8.7741,34.217,5.9031,9.4147,13.522,12.338,-9.5352,3.0297
17.899,-21.81,21.527,-10.774,10.638,-9.5955,13.874,-6.2203,-21.941,-25.522,-1.7681,1.1196,2.5778,-2.6417,-14.587,-9.1644,34.443,71.948,31.729,3.4912,-15.584,13.815,-61.591,-33.358,0.18883,-4.154,-1.8426,-3.6307,-1.4058,15.083,-9.9781,3.5528,18.252,18.338,16.076,15.576
20.882,-24.631,13.792,-16.581,11.164,0.74231,27.816,-0.52354,-9.3283,-4.1055,-5.7728,2.4741,3.8812,-8.1358,-11.293,-1.5651,24.144,68.426,11.266,-2.2842,-6.832,26.485,-11.513,10.317,-0.57808,-1.5612,1.7186,3.1554,-7.1113,-10.514,-20.884,0.14759,9.077,-1.8902,28.238,12.282
18.829,-25.019,11.091,-18.509,9.4225,8.3857,19.677,-2.1484,-10.669,-3.7724,-4.9475,1.291,1.3156,-7.7671,-13.193,1.0311,18.244,37.629,-9.7196,11.916,20.173,31.757,26.732,16.248,-0.18593,-0.73233,5.5294,8.2638,-8.4172,-28.286,-16.079,-5.0156,4.1744,-18.109,22.203,8.1663
19.099,-22.879,17.948,-11.236,16.409,7.6425,15.133,-6.7471,-16.656,-6.5353,7.9902,11.349,0.5844,-4.9089,-4.0707,12.802,7.2157,-5.3891,-36.859,4.346,4.0574,-26.244,36.337,3.3341,-0.38398,0.724,3.6138,4.5043,-9.4396,-28.802,-5.6036,-9.5538,-2.5137,-19.393,0.50321,-0.044003
19.449,-26.569,12.853,-12.931,17.138,5.7689,15.355,2.8496,-8.1904,-8.4292,4.7164,4.8062,3.2965,-7.9168,9.4485,24.971,0.82131,-32.575,-24.603,-24.902,-0.15667,-50.365,25.5,10.965,-0.50801,2.0857,3.0947,-1.4122,-7.6227,-13.94,7.2297,-9.7368,-11.415,-8.3917,-14.227,3.2624
20.865,-26.31,10.876,-12.969,10.914,-0.64382,11.547,-0.84956,-8.539,-14.899,7.5637,2.3836,0.97084,-4.4409,-4.5445,8.9864,-14.343,-40.484,-9.3107,-31.644,-9.2358,-29.42,-8.3815,12.738,-1.8853,0.52468,-1.1912,-12.412,-7.4164,-0.82104,15.208,1.4449,-5.3551,15.817,-14.503,4.1157
19.594,-27.261,19.351,-5.1565,12.581,-3.7584,9.1682,-17.548,-14.806,-24.773,8.0159,11.256,-1.4177,2.4273,2.5175,-4.122,-9.0902,-14.521,12.655,-18.773,-30.255,-8.6144,-22.041,27.858,-1.9567,-0.94572,-6.5353,-17.012,-9.0709,4.9025,8.7641,12.606,3.0812,27.237,-4.1351,-1.1631
19.512,-24.753,12.427,-10.63,11.516,-7.8359,13.572,-12.37,-17.966,-13.073,2.1497,14.494,-6.4848,-7.4575,-6.5614,-34.71,-24.911,-18.521,20.554,8.5058,-7.6689,31.964,-12.405,15.466,1.3986,-1.6229,-2.8231,-7.2886,-5.6504,2.61,-3.7694,9.872,11.021,18.719,7.0152,-5.9716
19.416,-26.134,13.336,-16.162,12.292,2.1043,20.67,-0.77637,-18.604,-13.649,-3.5973,12.68,-2.7594,-11.137,-22.219,-38.239,-39.249,-19.044,4.285,18.051,14.466,55.128,6.8366,3.7854,3.8605,1.2812,0.69182,3.6311,-2.4566,-3.5091,-15.53,-1.6386,16.692,4.3235,8.8192,-8.6629
17.711,-30.602,10.603,-24.822,-1.3968,-12.836,16.073,-4.9826,-10.474,-4.479,7.1679,9.4044,8.6349,-5.7735,-6.2917,-10.398,-27.515,-25.173,-23.973,-0.69633,23.508,32.305,12.256,-5.0831,4.2323,6.6091,8.3903,13.799,9.3882,5.5555,-15.303,-9.3586,9.112,-10.473,2.938,-5.6255
19.115,-29.905,9.1532,-17.18,-0.5876,-10.78,10.06,-12.216,-11.319,-1.5063,8.9251,15.694,10.325,7.9914,5.8417,1.8776,-20.071,-28.741,-42.732,-22.365,37.615,12.833,9.7242,-5.1818,-0.65776,6.5716,12.157,8.6898,15.439,13.153,-1.9307,-5.2416,1.7908,-16.517,-4.426,-2.2661
23.98,-25.754,11.372,-15.32,4.1982,-13.98,6.8903,-6.9985,-9.8547,-2.9921,2.0162,10.445,8.1345,16.024,21.36,14.227,12.441,14.105,-32.45,-18.079,26.316,0.74462,0.84104,-8.1785,-4.9954,2.0027,3.3382,-1.5707,12.402,15.549,16.438,6.0701,-4.9354,-10.703,-6.3585,1.5399
21.445,-24.563,15.872,-19.974,-0.54106,-11.694,3.8958,-10.951,-0.10638,-7.9765,3.8406,9.5688,-5.798,10.822,24.742,-7.1021,17.968,27.082,-1.1297,0.53474,22.016,-11.677,-9.5862,-5.9974,-2.9433,-2.2181,-6.967,-5.6144,7.7474,11.403,24.763,10.78,-13.747,-2.6651,-2.5319,3.1105
20.614,-25.262,17.923,-16.311,4.8004,-5.3262,2.9299,-14.655,-2.9226,-0.8716,10.131,8.3775,-8.2806,2.8246,0.94943,-13.762,15.475,24.659,37.414,18.205,6.6309,-8.9532,-9.8819,3.0244,1.0278,-3.2231,-11.567,-5.1721,-2.6111,-2.0957,12.109,5.5861,-12.873,-1.9806,0.92406,2.9855
17.899,-24.74,18.249,-20.235,8.0952,-1.5664,11.475,-8.1209,-3.7772,-8.4052,0.074852,13.729,3.8162,3.5007,-18.788,-12.2,17.149,22.999,46.152,13.396,-21.277,4.356,2.4263,4.7691,3.9935,-2.6815,-6.8622,3.7855,-8.0898,-10.217,-8.0408,0.15319,-4.3799,0.89173,3.4802,-4.4024
21.612,-24.253,10.659,-22.07,7.6174,-6.7145,21.808,0.68889,-4.7039,-7.2544,-1.0418,9.8776,8.4663,3.5691,-14.71,-9.0848,-0.20565,5.6684,4.4521,3.4212,-16.404,-17.175,-0.54491,1.3656,2.0674,-1.7517,3.8289,4.394,-8.8099,-9.9043,-18.96,-2.9809,4.0074,-2.0033,1.2035,-7.8827
22.853,-23.317,10.11,-23.195,6.6251,0.49948,17.533,-11.925,-9.8544,-2.6071,10.64,11.203,5.7962,-2.9574,-1.7399,9.487,-14.641,-14.51,-24.852,8.6924,11.634,-3.1079,3.1462,-27.18,-1.7339,-2.2999,7.4458,1.0865,-8.6979,-9.6306,-12.962,1.6456,8.3159,-4.7155,-6.6387,-8.4337
22.37,-24.189,14.637,-19.374,5.4326,-3.5249,2.127,-11.042,-8.0861,-12.358,4.5756,10.323,1.0663,-2.7048,11.57,-2.6357,-12.68,-6.1086,-21.883,5.6518,10.213,-15.238,-4.2245,-20.414,-2.7492,0.11256,2.8919,-2.1111,-2.7557,0.25108,6.9811,2.7408,2.9545,3.8404,-0.48563,-2.4445
20.418,-26.251,15.39,-16.84,1.8669,-10.416,8.8894,2.091,3.7309,-7.4073,-1.1608,-0.084001,-1.1533,-4.8619,5.3012,-9.9925,-20.103,-19.266,-5.4926,20.508,6.9938,-20.19,-28.928,-26.509,-1.5027,3.1895,-0.42878,-2.2162,3.4774,6.1832,11.059,-4.268,-7.3887,5.4906,5.2352,6.9348
23.363,-24.138,13.804,-26.566,3.6567,-4.3109,15.188,-3.4931,-6.3902,-12.473,2.7463,5.3141,-1.8049,5.0842,-3.7708,-9.9008,-11.253,9.3015,29.678,11.217,0.6884,10.568,13.064,-11.192,-1.0836,3.6714,1.0421,7.276,8.8918,0.64253,2.1473,-6.5303,-4.4055,14.549,4.5775,8.4216
21.78,-25.773,13.177,-24.595,-2.5384,-8.7404,8.2563,-5.4453,-7.2054,-12.645,-2.9091,0.45305,-0.28168,9.0955,3.7866,2.0383,2.0324,8.7007,4.6599,-15.43,-20.547,11.442,20.678,2.883,-1.4376,2.2026,3.1039,7.0505,13.641,0.06986,-2.9578,-4.98,1.5092,14.561,3.2072,12.296
20.786,-21.886,13.858,-20.447,2.0086,0.28784,17.283,-1.6655,-2.2738,-4.4553,11.982,4.4584,-4.7875,8.6737,17.538,27.729,20.712,-16.879,-16.223,-9.0305,1.9556,41.691,-6.14,6.9975,-1.0815,-1.0852,1.4772,1.2894,8.5734,-4.6842,-4.1693,0.98058,4.4036,1.3901,-9.235,8.4205
21.566,-22.83,17.256,-18.88,3.7072,-8.3654,10.172,-6.538,-8.601,-5.6951,4.5607,1.7853,-6.8502,4.3565,10.166,6.4454,32.119,-5.826,2.6686,5.7319,13.906,37.055,-3.2894,25.875,-0.50748,-3.1648,-4.7008,-5.4775,-2.1261,2.105,7.901,4.5413,1.9932,-14.474,-7.7853,4.3842
21.076,-21.273,20.534,-15.559,10.89,-12.938,6.119,-7.462,-4.7147,4.8979,-4.0585,8.1467,-3.9282,2.0277,0.42546,-5.6575,16.57,-6.856,9.8268,5.5391,5.4799,4.7124,-21.127,19.414,0.34904,-4.4098,-7.4075,-6.611,-9.8694,12.142,13.695,-0.91826,-9.138,-29.313,3.3243,-1.6984
18.21,-23.901,14.923,-23.817,9.0807,-5.0405,15.172,0.31886,0.96804,1.2062,3.4663,11.546,-3.2488,-3.4057,-11.161,-8.656,-6.5275,14.214,31.14,-0.0087578,-12.343,-42.439,-10.755,18.596,0.45895,-3.9834,-2.0585,3.1285,-7.2246,9.893,0.55894,-7.8373,-12.206,-22.542,11.789,-3.4333
20.5,-20.336,15.237,-20.807,7.6069,-4.8026,19.696,-2.3244,-4.3183,-5.5498,1.9653,9.2848,-4.8431,-9.4942,-8.8356,2.2247,-9.3117,33.81,38.016,-10.751,-30.61,-65.127,14.214,2.1453,0.041368,-2.7463,2.9727,6.2397,0.2363,3.2898,-13.154,-5.5492,-4.7314,-2.2337,14.554,-2.0696
20.23,-25.001,14.324,-20.584,2.0848,-5.3259,18.954,-9.1112,-14.971,-21.691,-3.8286,10.514,-4.098,-9.7995,4.5046,18.147,8.9373,23.306,-8.6314,-25.309,-29.079,-40.736,37.987,17.343,1.0115,1.7067,5.6789,4.8753,4.5074,-8.0903,-15.726,8.3501,12.609,22.446,3.7134,-7.2387
17.645,-25.471,16.415,-16.063,9.7319,4.1097,23.236,-8.1228,-12.05,-16.217,6.696,9.7355,-3.2968,-8.5067,7.4558,12.14,10.019,5.0468,-36.056,-9.5564,-9.809,-7.3079,27.272,9.6922,2.0865,4.6976,1.7887,-2.4145,-1.6796,-16.567,-7.7424,19.875,22.271,26.927,-18.682,-11.462
17.589,-26.234,16.586,-17.116,12.487,2.1564,9.0865,-9.4366,-9.7057,-13.828,20.094,19.992,1.0355,4.6343,9.0876,10.763,6.3438,-11.856,-10.456,41.144,40.302,40.882,1.2837,-21.371,3.0254,5.9153,-0.89573,-4.3838,-3.9726,-13.681,6.3921,16.999,11.46,17.454,-28.18,-12.733
20.172,-23.973,17.834,-16.472,7.4156,-6.0204,6.6017,-6.9399,-11.855,-13.135,3.6395,9.3917,3.0228,6.7769,-2.1834,-6.156,-16.413,-31.443,0.21635,55.394,46.057,28.699,-60.843,-35.808,1.9412,3.8028,-0.53289,-1.3231,2.8885,-3.5954,3.5633,-0.44403,-6.4677,1.9894,-11.47,0.42651
19.484,-23.432,18.158,-14.998,6.4149,-6.1888,22.043,10.869,5.083,-2.7909,-1.6585,0.00033039,7.8692,12.135,4.8456,5.3757,2.2902,-26.852,5.1931,27.213,0.28926,28.528,-58.855,-23.57,-0.20518,-1.0224,-0.40588,-0.49797,8.7541,6.871,-13.553,-26.626,-26.923,-13.08,13.434,14.678
18.209,-23.483,14.537,-20.2,4.5615,-7.439,16.866,9.4214,3.5839,-7.3861,-12.849,1.8275,2.9921,6.7568,6.9124,8.2179,26.489,-5.4319,-26.064,-4.8109,-22.141,8.816,-0.010466,12.924,-0.33658,-2.2495,1.1167,2.5576,7.6005,13.444,-13.536,-32.215,-19.546,-10.24,32.259,17.605
22.505,-20.411,20.657,-12.564,15.059,-10.56,6.5508,-4.011,-17.281,-2.4385,-1.0888,11.99,0.024857,-0.46787,2.5104,1.0863,28.664,9.4937,-65.079,-61.885,-60.215,-14.575,38.038,27.654,-1.6455,-4.3316,-2.8476,1.4635,-6.083,9.5473,-1.2771,-21.689,0.1254,-7.1881,23.23,6.3232
20.158,-22.105,20.041,-13.58,16.338,-6.5505,1.316,-1.9051,-11.744,-8.9033,3.3495,9.8589,5.262,1.8308,4.5678,8.7765,8.4031,17.606,-32.326,-61.132,-21.421,-0.94725,52.006,26.605,-2.4864,-3.833,-2.4796,2.5531,-14.091,-1.1706,18.12,-6.1781,6.8075,-0.79562,-6.1496,-10.914
18.522,-24.355,16.662,-17.765,14.858,-1.8863,-2.7214,-14.41,-17.36,-9.3198,9.2613,9.8117,-1.4933,-7.0598,-8.2199,12.414,-19.082,9.3655,1.9385,-53.073,0.55629,-2.5304,31.285,1.2058,-3.7919,-1.6609,1.0822,2.8146,-11.133,-10.398,25.098,18.128,12.545,-0.93411,-25.378,-17.066
22.832,-20.596,18.819,-13.211,8.8633,-2.9732,5.3393,-15.945,-7.0867,-4.4191,7.979,16.219,-8.6809,-9.1122,-0.12059,15.32,-20.092,-11.221,31.027,-40.107,-18.489,-1.1844,-27.382,-28.422,-5.3808,-2.3969,-0.63783,-6.0154,-1.8356,-9.8939,11.679,26.393,1.8631,-9.9228,-26.875,-13.883
20.421,-24.696,17.158,-6.5409,9.2553,-7.6664,5.5084,-23.527,-19.331,-5.9458,12.239,9.4127,-11.963,-3.3009,10.266,11.888,-12.756,-28.084,28.733,18.242,1.0428,-19.127,-49.16,-30.162,-1.5166,-0.76597,-1.3426,-14.098,2.4261,-0.24198,-1.572,29.123,5.4332,-8.7702,-11.822,-1.8217
14.867,-26.491,19.733,-11.532,9.0936,-9.2708,12.714,-17.4,-20.003,-11.182,-11.83,-4.1527,-16.407,-12.033,-7.8641,-21.037,-3.9379,-13.139,12.674,35.177,-12.349,-42.263,-42.145,-27.129,4.7302,1.5306,-4.1613,-14.772,-1.8085,5.3003,-13.214,16.765,15.002,4.8039,14.638,7.4009
16.522,-23.058,21.338,-12.66,8.3652,-12.78,7.9573,-4.5612,-10.381,-15.502,-5.4141,4.9166,-5.213,-9.4292,-11.061,-39.896,-15.029,9.1146,3.2553,54.9,24.652,-25.842,-20.445,-8.5494,7.8074,4.5518,-2.6041,-8.7591,-3.8891,4.9904,-7.5268,-3.2814,13.318,20.819,20.971,4.8297
16.578,-27.431,12.797,-20.67,7.3395,-6.986,10.452,-7.8402,-17.736,-20.773,-4.267,4.9027,11.595,1.6047,-10.264,-32.647,-27.998,-3.3187,-22.307,25.388,44.718,26.193,31.45,-2.2239,8.3666,8.0518,6.4393,5.2344,-1.7044,-4.8782,-2.6791,-8.303,11.758,24.15,13.805,3.9226
16.96,-28.94,15.095,-21.919,2.6181,-4.2515,8.2675,-0.85742,-8.1386,-14.072,-1.7653,0.61028,13.073,12.639,-1.555,-26.103,-20.172,-8.0424,8.5885,6.7296,39.101,50.738,18.897,-18.466,5.1184,5.3476,8.9977,12.755,5.9708,-7.7547,0.33574,-9.7659,-6.5759,3.2811,1.9225,6.9497
20.446,-22.747,17.722,-23.226,-2.0321,-15.194,1.4061,-6.5576,1.2344,1.1992,2.0706,-3.1115,16.283,17.192,19.579,-1.7617,-9.8884,-28.951,-3.3887,17.746,39.215,40.199,7.2086,-2.557,-0.56724,-1.4861,4.4813,12.355,16.348,4.9208,5.519,-4.2404,-20.612,-22.389,-10.214,11.775
21.125,-19.08,18.098,-24.434,2.9651,-12.697,16.774,-1.8377,-0.31544,-1.1184,0.86557,-0.30931,18.035,9.5152,19.006,8.4387,5.7705,-16.843,-4.525,9.891,-5.4759,-16.44,1.2884,26.366,-3.4241,-5.4272,-4.078,10.127,16.791,12.575,1.4515,-6.9438,-20.922,-26.656,-7.0465,10.043
22.637,-23.765,21.085,-20.294,2.2218,-17.239,4.5039,1.5232,-2.0407,-7.1499,-1.9781,4.084,6.2777,-4.2638,1.8623,11.856,40.769,25.686,11.845,2.6055,-36.054,-52.164,-10.816,34.236,-5.1111,-3.3374,-10.763,4.4793,12.458,16.542,6.1561,-10.611,-11.779,-15.064,-1.9806,1.9017
24.882,-23.674,22.916,-19.166,3.3764,-11.65,4.4561,0.047672,-9.239,-18.117,0.90325,10.195,0.95522,-3.7689,-13.087,17.723,38.457,27.513,8.229,-20.419,-27.876,-36.362,-7.3232,13.353,-6.7151,-0.79926,-8.3757,0.26142,1.1933,6.8419,2.9628,-9.9692,1.7516,8.5352,6.3488,-3.6533
21.706,-22.582,16.244,-19.932,18.147,-2.8745,13.488,-6.1976,-12.331,-16.383,-3.3565,8.754,-0.73304,7.1471,-18.187,15.993,36.059,31.579,21.015,-20.153,-8.4789,-25.159,1.6116,13.458,-4.74,-0.32924,1.8849,-0.50553,-11.719,-5.8921,-2.0132,-6.2598,4.483,20.365,14.296,-0.10115
22.067,-21.556,13.975,-15.754,14.231,-6.1225,16.397,-8.1867,-9.1086,-14.683,-2.1069,4.0321,-12.035,-0.18661,-12.848,7.6773,14.092,14.42,5.704,-28.575,-10.506,12.734,26.819,18.488,-3.1846,-2.9633,5.2023,-4.291,-15.203,-7.8862,-5.216,-0.60311,1.7712,16.098,11.378,2.6861
23.677,-21.251,16.463,-14.004,14.824,-4.2134,9.0409,-4.4363,-6.3453,-21.447,0.33271,13.895,-10.927,-7.7012,11.167,14.351,-5.6424,2.7715,3.0412,-24.615,-22.324,25.111,43.591,31.162,-0.63705,-4.243,1.9786,-4.9079,-10.632,-5.893,-4.7756,5.659,4.3351,8.8558,1.9597,-2.3894
17.879,-24.433,16.383,-18.291,12.084,-3.771,9.5315,-15.121,-17.484,-9.2187,12.468,16.869,-9.8709,-11.161,-1.7527,-2.9117,-16.709,2.4855,-8.8643,-21.203,-12.098,18.994,28.576,17.931,4.1498,-0.38494,-2.7846,-5.3569,1.0666,0.58833,3.1144,14.874,12.551,-3.8601,-12.966,-9.7782
18.337,-24.995,20.624,-11.487,16.399,-2.6645,18.441,-15.038,-19.305,-6.5599,11.152,17.917,-5.0003,-8.5807,-13.842,-3.2522,-1.7006,8.0812,4.421,4.4557,13.993,15.989,10.531,1.7894,4.4671,3.5001,-3.6727,-7.5434,10.734,2.441,4.2784,12.659,11.575,-6.4849,-19.247,-12.991
19.802,-25.265,11.018,-18.468,5.0888,-5.6542,7.2648,-13.487,-8.6778,-12.629,6.7718,10.986,5.7509,-1.6716,-14.267,-10.305,17.454,14.707,20.586,31.26,34.092,-2.0057,-21.48,-15.717,3.6392,5.1167,4.5245,-2.6739,11.955,-2.086,-1.1551,5.7285,-0.33263,-2.2692,-10.601,-5.7393
20.216,-25.125,12.224,-15.542,17.471,0.76876,12.385,-3.0251,-3.7524,-11.747,8.4465,17.731,3.5977,5.0543,-0.93918,-19.669,30.948,8.8657,9.7079,12.448,12.458,3.1866,-27.615,-16.971,2.0404,4.2943,8.0933,-1.4386,-2.6121,-10.421,-10.793,-3.1595,-8.3948,-0.22235,1.5347,-0.054863
19.815,-25.204,13.45,-21.417,20.275,1.8658,22.853,-5.4975,-8.2145,-7.6281,3.0807,9.1039,4.0262,7.6047,14.418,-8.0724,26.744,-8.3369,-17.283,3.443,-12.994,14.05,-5.3556,-1.3856,0.095641,1.7528,6.4355,5.1418,-15.56,-12.004,-15.75,-5.3762,-8.929,-1.0478,10.236,5.9555
20.129,-22.498,18.938,-19.847,24.28,-1.9917,15.501,-12.809,-13.307,-7.4672,-0.81051,10.373,6.0638,8.2527,12.282,-11.562,-19.406,-32.503,-30.607,2.5663,-4.4384,6.8501,10.143,-5.6505,-0.38598,-1.3046,0.62785,8.0283,-20.435,-3.1441,-3.6478,-1.0766,-0.61205,-4.2812,6.4875,2.0702
21.859,-22.776,14.87,-20.351,15.056,-8.4424,-2.9351,-6.8738,-10.397,-7.7442,8.7224,13.973,4.996,5.4934,11.3,11.35,-35.171,-24.628,-38.004,9.3192,-2.1045,-9.0763,10.821,8.4005,-0.57713,-1.7588,-1.5386,6.2007,-9.5227,5.2322,13.855,3.3888,4.7261,-6.4985,-7.4983,-8.715
22.226,-22.213,17.655,-21.855,10.377,-10.329,9.975,-1.0538,-4.8802,-8.2636,10.697,12.471,1.1829,-0.41319,3.7591,10.761,-40.271,1.2909,1.8292,4.1267,3.9535,-6.6565,-3.2663,-11.513,-0.3218,-1.5381,-1.8478,2.8398,4.2247,4.6496,14.545,0.75653,1.9646,-3.6501,-13.241,-11.075
21.265,-22.6,19.742,-14.738,9.6406,-6.2798,6.6136,-6.7157,-13.48,-11.768,2.7374,12.255,3.581,3.1436,10.987,11.77,-10.437,0.92711,35.771,19.607,6.4405,-11.69,-36.142,-42.029,-0.043521,-0.50801,1.2023,-4.7693,8.0423,-1.3786,5.8638,1.7549,7.4145,4.9583,-4.5716,-5.9315
21.018,-22.793,18.382,-17.273,6.8527,-2.4276,11.641,-10.825,-9.7888,-8.7836,0.54889,5.4749,5.1623,1.7371,3.1997,2.4274,-10.649,-22.032,5.2317,1.2052,1.1119,-10.094,-32.582,-35.81,-0.72285,1.0111,4.7487,-3.9061,5.4137,-4.3762,-11.75,2.213,12.917,6.8276,7.7345,8.0832
24.253,-20.914,20,-16.757,11.6,-11.929,14.117,7.8152,-4.7227,-13.329,-4.2747,-3.5439,2.7887,1.8782,17.592,-8.3301,-9.7703,-19.859,-10.386,19.554,36.389,17.434,2.6203,-9.1086,-2.2579,-0.25984,3.7639,-1.6974,-3.5362,1.4939,-15.436,-1.675,11.326,8.8821,13.66,16.75
23.313,-22.187,19.125,-19.632,4.0734,-18.52,8.839,-7.7166,-8.7031,-12.53,-2.0878,2.4654,-2.0352,5.275,24.2,1.2807,-13.536,-10.197,-33.842,15.218,53.565,12.92,16.025,12.443,-2.4036,-0.28521,1.3543,1.6655,0.74655,10.408,-0.90397,2.014,1.8753,3.6003,9.5665,9.8806
21.512,-21.964,28.166,-17.724,6.1451,-8.1633,2.8216,1.5072,4.1713,-1.1781,5.3658,9.2054,-4.1095,0.075486,19.306,3.8563,-26.675,2.479,-21.87,4.2251,36.846,21.214,7.8519,17.595,-0.49867,-1.9586,-10.615,2.0211,5.3088,7.8024,10.744,-5.3635,-20.438,-11.848,-1.2603,0.45926
21.371,-19.631,26.399,-16.15,2.8121,-9.4092,0.36829,-0.062104,12.547,-8.3992,3.7411,5.3215,-3.4066,1.2124,9.1138,4.6615,1.5362,18.839,6.4538,18.94,10.26,6.0176,12.635,0.24097,1.1193,-3.0192,-15.444,-0.41626,11.202,1.6413,14.412,-6.1868,-26.643,-11.146,-4.3246,-2.6245
23.169,-22.154,26.016,-16.57,-1.1069,-15.245,7.4174,6.1005,3.0756,-4.7873,-3.2632,3.8257,0.98105,-5.8833,-27.938,0.085046,9.2375,4.6351,23.185,-9.1242,-44.146,-38.357,-1.9865,-0.71154,0.72792,-1.1241,-12.172,-2.4005,11.714,-5.6435,5.6482,-7.6652,-16.189,-6.8679,-3.5115,1.2841
20.78,-21.485,24.757,-17.878,8.4675,-5.5595,9.768,-0.54326,-3.0253,-7.7165,8.5444,5.2757,1.0159,-6.8417,-29.396,1.085,24.519,-3.0687,15.689,-9.0416,-39.151,-13.027,-0.67854,8.4735,1.0253,0.55673,-1.6863,-0.13481,2.1356,-9.4602,1.457,-2.3809,-3.8469,0.12825,-10.064,4.5496
22.297,-23.978,15.018,-16.817,7.9361,-7.7706,9.7141,-2.8143,-10.116,-20.698,1.971,8.8725,-2.6811,-1.5181,-22.3,-6.3582,20.403,-14.785,1.7533,-20.11,-19.392,-3.6028,-3.0488,19.9,-0.11702,3.6975,11.193,1.6603,-4.0561,-7.5303,2.1572,9.4426,8.9714,9.359,-11.012,0.70979
22.315,-22.14,17.201,-15.484,10.55,-14.681,7.0644,-0.12547,-0.43329,-6.9573,0.78481,7.0349,3.551,1.8134,-2.1369,7.2091,6.6314,-18.752,24.454,12.529,-21.352,-10.718,-37.152,12.683,0.56072,5.3165,11.208,0.42065,-9.5897,-2.1494,7.2559,8.4908,6.4083,5.0087,-5.8959,-3.0121
21.062,-22.586,18.644,-20.946,8.0534,-18.077,9.6458,-4.1636,-7.9163,-6.9683,-0.90776,12.896,-0.87155,8.2765,14.396,5.3244,-2.0993,-25.175,29.588,27.304,-8.1892,7.2837,-38.81,0.73255,1.1104,2.4433,4.6447,1.3591,-10.827,5.9385,2.8812,3.0831,5.8616,6.8336,8.7926,-11.375
23.174,-21.274,21.876,-12.209,11.725,-9.7825,22.029,6.3957,-14.801,-19.941,-8.5921,9.6056,2.9147,14.843,8.2959,-2.653,-12.178,-8.6207,38.051,9.7055,-12.711,6.5731,-12.277,2.9964,0.39516,-0.40335,-2.7478,-1.3126,-9.5551,13.717,-13.006,-14.021,9.6248,11.549,29.046,-9.699
21.432,-20.272,19.878,-15.792,6.2992,-22.807,17.026,7.577,-7.0267,-10.565,-12.745,7.9534,3.1888,4.1833,-4.2931,5.3686,-24.327,9.842,9.3609,-3.2833,5.5958,21.919,28.477,-32.134,0.79732,-3.9744,-6.2666,1.1691,2.0238,20.94,-15.998,-13.985,6.9024,2.6834,26.838,-2.7191
23.587,-15.875,20.732,-19.387,5.338,-16.626,22.4,-1.143,-7.2338,-1.8726,0.56499,11.004,3.4966,1.8433,-6.5315,0.62402,-30.03,32.324,-30.463,-42.283,19.88,39.709,74.434,-19.378,-1.6365,-6.3482,-5.1323,0.72955,15.342,12.276,-14.421,-2.9486,2.2154,-4.3603,6.1914,11.534
22.449,-23.194,17.07,-14.673,-0.91683,-9.7341,14.141,-2.0359,-8.902,-5.0427,8.7523,-3.8704,2.8241,-5.0955,-9.5235,9.5315,16.946,59.055,-16.146,-16.626,10.027,4.1324,52.026,-1.6755,-1.4175,-2.6081,-3.9299,-5.516,20.463,-7.2476,-4.5184,3.7161,-6.3543,-10.119,-11.849,26.703
24.413,-18.892,20.014,-12.456,0.31754,-0.1569,8.2402,-9.9394,-3.9234,-2.8468,17.876,5.8284,-5.0854,-12.258,-14.75,-1.0867,43.896,28.152,-21.301,1.6336,-3.8501,-6.3349,6.9053,45.436,-0.37088,-2.1227,-2.0361,-7.0227,8.7191,-25.961,4.7925,13.236,-10.911,-10.614,-19.83,17.22
22.431,-21.312,15.475,-14.492,17.282,-1.5143,16.032,3.6623,-3.6684,-8.0112,4.6121,9.7037,0.39226,-1.8065,-19.833,-21.356,41.026,-24.31,-17.812,-6.6609,-14.311,-5.6535,2.9946,68.976,0.88191,0.40142,4.983,-4.2402,-15.582,-26.869,4.1061,6.0521,-3.7084,0.57176,-5.7437,-2.4925
21.053,-22.945,14.154,-20.021,18.186,-6.6602,10.804,-3.1753,-11.776,-3.5558,6.0877,26.935,2.8581,-10.415,-11.557,-19.046,1.525,-55.798,-5.6676,18.914,-22.505,-8.469,-0.19932,31.394,1.0566,2.7538,11.53,5.027,-23.612,-7.674,7.1273,0.46258,3.8676,1.6104,-1.3314,-29.384
24.326,-22.071,10.083,-21.568,10.662,-18.637,3.9533,-8.7484,-12.131,-7.5149,16.144,20.064,3.2619,-4.0101,13.795,-2.6899,-39.78,-33.315,-3.4325,4.9947,0.81241,8.0582,26.86,-7.117,-1.5934,2.4053,13.689,16.421,-11.191,18.243,7.838,0.89764,7.8289,2.9565,-10.152,-34.284
24.895,-23.719,16.931,-18.441,4.3902,-19.494,11.446,5.7228,-10.944,-7.3295,12.01,16.345,-1.2374,2.6128,26.088,14.715,-33.761,-5.7159,7.1454,-1.8812,7.9264,-5.1388,-11.684,-63.438,-1.8908,2.8611,4.9346,15.482,8.1755,29.612,6.0386,-3.6839,7.4184,4.1297,-14.45,-20.395
22.141,-22.93,20.984,-16.627,4.2905,-11.755,13.995,1.7107,-3.6778,-2.0953,15.081,11.44,-5.5272,3.7063,29.787,43.867,2.7117,41.864,14.972,8.2247,9.6182,7.4639,-42.021,-55.028,-2.4183,-0.94772,-5.6167,3.8049,15.86,23.311,7.0848,1.0383,-0.18015,-6.1753,-13.33,1.7166
21.527,-21.21,21.747,-15.134,4.4915,-12.959,9.3555,-9.3454,-12.039,-8.835,0.77703,-0.47186,-2.2016,0.032507,5.1196,35.086,21.157,54.671,15.323,-1.1209,10.184,12.477,-38.01,-46.626,-3.8481,-4.1559,-7.1208,-6.3536,9.1143,4.6076,4.7311,4.7388,-1.6789,-9.4753,3.2863,21.941
23.246,-21.473,22.569,-1.2882,11.967,-0.97299,12.484,2.898,-6.7748,-3.0302,0.74966,0.95885,-8.3477,-7.4585,-3.8045,6.1493,12.06,53.044,27.903,9.8061,-1.2173,-31.626,-26.627,-6.9398,-4.5693,-3.8535,-4.4907,-17.817,-4.3125,-21.616,-0.12857,4.8947,-4.4585,-9.2117,12.284,23.596
23.242,-24.432,18.699,-8.5673,11.13,2.4506,19.863,4.5686,-4.3036,-0.62366,0.17096,-1.7271,-19.068,-12.584,7.2801,1.8063,7.1363,11.732,24.335,21.022,4.9498,-32.97,-2.95,22.224,-2.2328,1.1867,-0.035845,-18.184,-11.86,-32.564,-10.898,5.1351,-2.7514,8.0312,12.718,17.47
17.11,-25.048,20.606,-16.836,7.0011,7.0624,22.693,-0.34331,-8.1543,-22.014,2.0703,8.5979,-19.941,-9.2529,6.2532,-28.577,-11.84,-44.744,9.823,21.627,-10.057,-15.871,1.8694,28.526,5.2983,5.0957,-3.3215,-11.719,-10.197,-28.148,-21.009,-2.1199,4.2539,34.165,9.7054,4.8899
15.061,-25.714,26.369,-6.4571,10.543,-11.111,16.419,2.7861,-8.8745,-15.828,-1.3583,6.8206,-7.5689,6.8632,-0.08851,-38.469,-26.191,-59.253,-30.128,18.644,0.8472,44.755,11.331,22.993,8.8025,4.2096,-9.784,-6.0541,-4.6875,-3.7632,-16.741,-12.328,2.1116,28.178,-0.41095,-3.8201
17.366,-25.458,21.86,-16.632,6.3408,-16.564,19.118,14.603,-9.5178,-3.3634,2.449,10.948,12.394,8.2964,-16.728,-32.307,-22.261,-52.204,-49.909,0.3955,22.103,100.34,14.76,17.125,5.3194,0.21855,-7.3347,11.065,6.3673,17.097,-2.7702,-16.516,-1.0703,-1.0579,-10.234,-11.871
19.329,-20.795,18.027,-27.904,-1.6349,-15.362,6.5862,6.4178,-3.1983,12.429,5.6473,8.5947,8.7773,-0.31088,-30.149,-26.6,-11.091,-3.3539,-29.505,-30.002,-0.57218,49.813,-11.45,8.8235,-0.40686,-3.5062,0.20433,21.271,14.534,22.262,13.783,-11.649,-7.8723,-32.462,-12.857,-14.033
21.173,-23.359,16.413,-22.266,1.9594,-16.914,2.6547,-1.9614,0.059267,14.027,5.9473,16.273,-1.5168,-4.5731,-15.39,20.815,12.446,12.791,-4.3396,-36.63,-14.699,-23.69,-37.908,-23.746,-3.9698,-1.5213,7.5342,16.264,10.082,15.749,23.039,-0.043691,-8.6607,-40.703,-7.0041,-12.349
17.546,-26.919,14.018,-16.94,7.1879,-12.613,9.8982,-3.9328,-13.949,0.38314,-8.8324,8.5696,-2.6475,-4.233,0.26421,41.325,29.126,19.561,16.004,-21.087,-20.113,-55.541,-26.617,-26.738,-0.26768,2.1977,9.5971,4.3147,0.57149,0.30141,15.281,7.1249,3.9011,-11.964,6.1367,-0.75722
17.499,-24.682,16.17,-11.706,8.1524,-11.544,15.292,1.463,-11.492,-9.1855,-9.2654,-0.91275,-1.7419,2.6508,5.7366,15.053,8.0397,15.085,42.531,-4.2803,-11.43,-50.498,-12.677,-26.838,2.2015,3.2984,3.8666,-12.79,-6.4919,0.068343,-0.075016,0.87467,6.4443,12.902,10.305,10.81
19.842,-22.25,18.281,-12.521,9.8318,-8.2672,8.2696,-5.838,-7.4795,-3.7354,-0.055039,3.8185,7.5515,7.0656,7.2727,-2.1451,-6.0302,-2.9938,23.465,-10.552,17.299,3.3979,6.6181,6.5832,2.562,1.7791,-1.3722,-15.904,-6.637,3.3232,-9.5773,-3.6714,0.89628,14.722,7.1673,11.863
19.154,-24.368,17.15,-16.949,4.6573,-11.545,24.735,-3.149,-8.8903,-9.1627,-4.7799,5.23,4.3911,6.2695,0.43918,-21.402,-2.4348,24.41,-8.445,-37.524,-1.1832,11.352,-3.003,13.643,2.5415,0.054596,-3.7021,-6.5515,3.5094,8.0163,-13.856,-2.4837,-6.1328,6.403,6.6325,9.5337
20.495,-23.543,17.164,-15.391,5.9204,-14.109,16.909,-6.9029,-6.6005,2.0707,-7.7661,8.7898,7.0957,2.8531,-3.9481,-19.968,1.1785,31.514,-6.394,-22.823,-20.755,-12.854,4.3819,12.336,0.55708,-2.9159,-4.7437,-1.2081,4.698,6.4166,0.093549,5.1421,-12.304,-11.999,3.7216,-0.74244
19.369,-20.901,16.948,-20.972,8.8907,3.5825,6.7497,-16.767,-12.523,-6.4123,-6.9114,3.4229,11.194,5.03,-7.1637,-8.7932,21.983,37.912,-11.818,-10.564,-23.067,-10.357,21.604,17.954,-0.42604,-5.8131,-3.0105,4.5183,-0.46852,-9.2095,8.7425,11.041,-2.9628,-7.098,6.9435,-2.001
23.283,-22.557,16.408,-20.493,8.3043,-0.073634,14.065,-10.44,-16.041,-11.538,3.2017,10.89,6.9356,-6.8943,-12.644,-14.49,5.2509,22.338,25.619,1.678,-33.278,-45.742,12.923,0.7151,-4.4419,-7.4371,-1.9657,3.8843,-8.8137,-15.803,3.7259,9.3331,11.838,9.4067,7.5485,-6.7791
23.357,-22.346,13.946,-18.794,14.457,0.3933,20.248,-6.662,-15.703,-7.5368,0.53813,13.157,2.341,-17.922,-10.265,-1.5492,-6.8136,-17.049,19.261,5.4328,-9.736,-7.6938,27.444,9.4478,-6.3123,-5.8709,1.8962,3.4246,-12.013,-13.239,-0.58701,6.1655,18.081,10.501,5.0113,-9.5083
21.968,-26.268,12.343,-23.725,5.7629,-1.346,22.97,-11.116,-21.649,-20.238,-5.0294,4.2802,-10.687,-22.856,-12.226,-4.1684,-28.492,-20.018,-3.3038,15.845,31.77,32.848,39.204,-17.307,-4.9018,1.9992,7.684,6.7891,1.1259,-4.1218,-9.4388,3.6262,16.624,9.126,-5.0962,-4.3876
21.196,-28.007,13.848,-20.131,6.7547,-4.306,11.928,-13.712,-14.587,-5.909,10.926,11.452,-11.556,-16.343,2.1083,3.1689,-21.21,-7.1049,-0.2912,13.18,34.814,2.851,33.52,-20.576,-0.9583,9.2923,9.3453,4.6744,13.554,4.3328,-3.9979,3.9432,2.9285,-4.359,-22.926,-1.136
19.019,-31.155,10.344,-21.909,-2.0907,-7.7332,16.573,1.0071,-0.71409,4.0725,17.61,3.0894,-10.625,2.3123,19.589,17.097,18.079,-3.2434,-11.799,15.935,27.566,-5.3843,-15.596,-6.211,4.8779,12.647,6.6667,3.0039,17.758,3.1196,-1.2903,2.8323,-6.9663,-10.968,-24.381,8.763
19.053,-28.075,16,-18.118,7.7782,0.034493,23.301,-6.1335,-8.7643,-18.267,5.9783,3.4644,-2.482,15.955,20.554,11.19,37.671,-3.7728,3.5191,25.103,7.0086,-10.372,-59.787,-1.7802,6.3399,8.1182,-3.8359,-1.3977,5.7074,-1.0004,-2.4063,7.3013,-0.53963,4.4895,-7.3052,8.0425
17.728,-25.078,21.062,-16.183,14.291,-5.1379,11.384,-6.9381,-10.777,-16.751,-10.353,5.1683,9.1647,24.23,11.885,6.8405,30.858,-6.0864,-11.661,24.045,10.841,-15.383,-36.049,17.11,5.8775,0.36392,-10.489,-4.0054,-9.811,2.6947,4.7626,5.0628,-0.064164,7.7033,17.28,1.6822
20.601,-23.068,18.766,-17.399,17.4,-7.49,16.282,2.812,-6.0507,-0.68322,-4.986,9.5221,10.249,13.289,-13.219,1.3087,0.93667,-10.685,-12.392,45.632,40.478,30.298,7.2198,7.9756,1.174,-5.4189,-7.8203,-1.819,-15.067,5.1246,2.2599,-7.2234,-7.9539,0.71481,23.448,-1.8433
22.828,-21.543,14.904,-18.848,8.5276,-7.0142,14.252,8.5569,3.3497,-12.41,5.0675,8.6156,12.397,5.4647,-15.968,2.0104,-12.609,13.686,19.97,30.985,10.511,12.797,37.298,-2.6781,-2.9884,-8.3439,2.9045,2.9474,-7.2107,4.9485,0.11534,-21.536,-21.477,-3.5699,9.0063,-2.0143
21.627,-23.197,12.469,-16.131,11.128,-4.37,15.671,8.935,4.4112,-5.2883,1.8778,5.7286,1.7715,-1.7572,-4.6214,4.5098,-15.93,11.964,-0.99656,-14.484,-32.596,-20.888,20.78,-1.1025,-2.9526,-2.3008,13.535,4.1626,1.5968,4.8273,-6.9154,-31.005,-22.845,-8.9384,-6.4217,5.005
23.414,-22.281,16.226,-15.812,11.122,0.14522,21.675,5.4929,-10.753,-8.0503,4.8637,5.726,-1.5386,-9.9667,22.109,19.977,3.238,7.3313,-16.782,-53.576,-60.006,-7.6389,2.2029,11.578,-2.2322,3.3246,9.8043,-0.84714,2.6592,-0.59598,-13.729,-22.791,-6.3548,0.71672,-13.323,6.8352
21.194,-23.578,15.794,-16.662,8.1377,-5.0878,12.073,-2.8977,-15.297,-13.307,5.506,10.416,2.4538,9.5008,35.417,13.138,0.99712,16.629,-28.594,-67.114,-38.487,-4.1761,-7.3412,25.872,-0.27214,6.5512,1.8504,-5.1464,0.93448,-0.98756,-1.9582,1.6777,13.289,5.7363,-6.9886,0.89945
22.275,-26.336,24.296,-8.5942,11.642,-2.9896,7.6603,-12.315,-16.799,-12.22,4.3548,12.061,0.89527,16.459,13.035,-6.5396,-7.7764,8.3739,-34.877,-56.655,-18.317,8.0248,-15.257,18.01,-1.4227,4.0897,-9.2874,-13.214,-8.1383,-5.9975,5.8518,23.733,21.923,-0.25098,-1.6317,-7.7021
23.424,-16.419,26.143,-13.171,11.367,5.5118,8.381,-15.718,-11.809,-5.2913,-1.5384,15.497,-0.80616,17.786,9.1673,-7.9637,-5.7501,6.5048,-1.7398,-4.5557,13.006,-0.038729,-5.433,0.17854,-1.2825,-2.9121,-9.5072,-5.5279,-2.8298,-5.9226,9.1115,22.469,11.915,-1.0635,2.303,-8.3841
22.746,-17.631,17.569,-20.828,5.6193,-0.96764,6.0818,-16.424,-21.656,-8.046,0.75753,12.19,-7.0223,6.3393,-11.204,-35.542,-34.08,-17.594,-0.94943,33.809,23.862,-10.962,-6.9095,-14.086,-0.098437,-5.0704,-3.5237,2.1043,2.1303,-2.3253,7.1494,11.787,2.3629,-1.6011,3.5946,-3.6199
20.555,-19.038,23.741,-14.527,8.2739,-2.8464,11.992,-3.1209,-6.3662,-15.414,4.5881,10.44,0,0,0,0,0,0,0,0,0,0,0,0,0,0,0,0,0,0,0,0,0,0,0,0
20.198,-21.857,19.895,-25.687,-3.8517,-7.6075,5.3801,-1.7091,-7.5899,-12.64,-2.1632,7.5467,0,0,0,0,0,0,0,0,0,0,0,0,0,0,0,0,0,0,0,0,0,0,0,0
